# No arguments supplied, using default parameter values.
# num_procs = 50
# mean_io_bursts = 10
# mean_iat = 25
# min_CPU = 1
# max_CPU = 2
# min_IO = 0.3
# max_IO = 0.5
12.5866 1.66888391599059 0.408955087373033 1.64499727031216 0.397174853691831 1.5989755813498 0.359800010733306 1.71827994519845 0.47848771000281 1.44853303511627 0.497429437469691 1.10010679601692 0.434850630769506 1.39511180832051 0.472838068567216 1.62067253491841 0.413068348355591 1.04761891602539 0.44192016813904 1.41076694615185 0.340935755288228 1.5287347282283 0.351486048055813 1.90847946098074
49.8199 1.79949043015949 0.399400008562952 1.44208695623092 0.382553677493706 1.18084910325706 0.355396534968168 1.64732577838004 0.311965487804264 1.21823662729003 0.347258581640199 1.73265042388812 0.347776520671323 1.005360907875 0.439123888453469 1.83165214885958 0.442050153203309 1.82865027477965 0.304270947258919 1.69439829117619
129.331 1.04052781010978 0.31071837162599 1.43181524914689 0.407821938581765 1.66662553907372 0.388156683696434 1.79818375268951 0.49733445760794 1.99937766534276 0.365666665555909 1.62123927543871 0.356627316772938 1.3892816118896
154.761 1.4187226863578 0.464316024817526 1.64629642991349 0.462897147797048 1.96565747377463 0.393965665251017 1.07948991842568 0.331072131823748 1.45742387790233 0.337767426064238 1.91691785561852 0.496944351680577 1.36143112252466 0.493502181814984 1.65913519333117 0.49331538961269 1.01188517129049
163.668 1.49391605146229 0.463699231250212 1.72692973772064 0.306160877458751 1.96035855216905 0.39999960353598 1.03084171703085 0.467755651148036 1.3349606746342 0.42386820865795 1.43105230899528 0.448971564695239 1.25763077754527 0.407345188828185 1.72173160733655 0.370843133470044 1.07795325177722 0.313151499815285 1.12416182295419
166.038 1.04390557389706 0.401745634805411 1.86860486655496 0.329438568511978 1.44552087550983 0.357709214603528 1.01030148100108 0.368696946231648 1.43028142116964 0.39433849719353 1.15215968410484 0.329907560627907 1.71838810481131 0.463918345561251 1.86351266223937 0.449908715859056 1.67635115259327 0.343742745229974 1.13927487516776 0.45005544940941 1.72629597084597 0.473215094953775 1.77844020118937 0.423659564647824 1.45245018159039 0.370459426147863 1.21443917346187
219.332 1.90917011606507 0.479604202974588 1.3063593741972 0.390066351601854 1.65195757569745 0.456240101996809 1.65410597203299 0.355683055240661 1.5357592345681 0.407366708246991 1.16110536712222 0.492726925108582 1.89155595866032 0.367348221922293 1.63652163604274 0.323455346142873 1.43101799907163 0.378055672440678 1.09633124736138
283.295 1.95194332068786 0.415373844234273 1.5440191552043 0.440220490796492 1.38410659809597 0.352165359305218 1.8329407714773 0.455434234905988 1.30791391991079
322.967 1.50932463794015 0.421672181366011 1.894402009435 0.339773271698505 1.37675998383202 0.377163446182385 1.13935378240421 0.447161379503086 1.08368082134984 0.452764611970633 1.32323956536129 0.328830640297383 1.27493950002827 0.370781787764281 1.73206626530737 0.399380173021927 1.36741891340353 0.481247495766729 1.96839187992737
371.169 1.86703499453142 0.319801057688892 1.74411434540525 0.35541253015399 1.5481181719806 0.371490177046508 1.46737316250801 0.441709668841213 1.40823051682673 0.327136221667752 1.88120137341321 0.385642615472898 1.18138215644285 0.314702357212082 1.93055773642845 0.447094397665933 1.34491283027455 0.407541521452367 1.87217478617094
381.769 1.03535889089108 0.389451788179576 1.18900114577264 0.391476859338582 1.36041822261177 0.423115005390719 1.99521993892267 0.434369363728911 1.85215983982198 0.47473949524574 1.56588869052939 0.344618699373677 1.30681822495535 0.475295864557847 1.03084920276888 0.362905454309657 1.20493867294863
428.807 1.18978825700469 0.35406324127689 1.39297204185277 0.400515299430117 1.92907138355076 0.453062522271648 1.9564925422892 0.371413662284613 1.95262920903042 0.417594965780154 1.8894066719804 0.455330712441355 1.64328525564633 0.433366470132023 1.85738753457554 0.386516602989286 1.26858788658865 0.478101097373292 1.55677091819234
447.907 1.8842410792131 0.475858389493078 1.69394338666461 0.464086933201179 1.62306924327277 0.437937647895888 1.00064811762422 0.370257272571325 1.84575216798112 0.435810540616512 1.61544000077993 0.392602153681219 1.41991033940576
460.809 1.67902836296707 0.451930467644706 1.20657315128483 0.496885779779404 1.4985309317708 0.445683243032545 1.87181752291508 0.388179440749809 1.99305798485875 0.469736812077463 1.87259048689157 0.310472585866228 1.12175026373006 0.318017868045717 1.40133376582526
470.49 1.69271891354583 0.357727842545137 1.17184449010529 0.47972511141561 1.34326329524629 0.366172218881547 1.60881475824863 0.338846141565591 1.80770063283853 0.408135196892545 1.02708184812218 0.372043821029365 1.15936962841079 0.438483381969854 1.16899311123416 0.438314084429294 1.183417518856 0.450656725419685 1.48096773959696 0.309166512591764 1.94359438982792 0.47262116689235 1.27539715939201 0.378452908247709 1.57299836585298
492.624 1.90307328570634 0.311094773607329 1.65893745352514 0.468126305239275 1.94914603373036 0.437291584303603 1.94447723403573 0.382508035935462 1.87627729773521 0.42406490878202 1.35334915551357 0.425672554364428 1.74858893919736 0.399769735103473 1.7516620552633 0.348788675572723 1.43935126648284 0.38019283558242 1.51597425760701 0.443222208321094 1.89626101683825
514.159 1.16688246908598 0.445132493600249 1.75979468459263 0.301002050610259 1.79847363219596 0.483277960773557 1.58814359875396 0.307305960310623 1.5317038858775
543.38 1.47982425242662 0.344354748679325 1.96860421611927 0.487095437571406 1.40729865361936 0.446085719019175 1.07438460853882 0.308971587521955 1.78658470208757 0.4175118541345 1.74892933084629 0.302779502654448 1.61777395242825 0.456892011873424 1.27334949723445
632.745 1.26678708614781 0.428070979751647 1.99580083135515 0.488279703631997 1.02766881813295 0.304327457025647 1.66313552972861 0.495299542648718 1.84756544139236 0.435186736332253 1.23744936590083 0.32310272869654 1.82655955827795 0.455003406526521 1.42152266716585 0.335489337984473 1.08879783400334 0.466744616767392 1.62647857470438 0.378088949993253 1.20212174626067
661.644 1.84848356246948 0.444593779696152 1.42049493524246 0.427773102978244 1.85437079868279 0.336734573403373 1.96330816322006 0.401433071540669 1.80713845253922 0.43420293382369 1.83464138698764 0.431205059308559 1.97257691132836 0.42555109472014 1.91942045581527 0.428403522726148 1.15234063379467 0.474091808171943 1.81945099681616 0.379727580863982 1.83199582737871 0.42097133602947 1.51961806509644
673.002 1.29486923874356 0.464267773367465 1.92409060848877 0.320779911708087 1.70693224063143 0.343027756502852 1.83181565301493 0.468182657519355 1.13923167134635 0.354698446299881 1.36897843074985 0.309551084600389 1.21505931275897 0.432554121408611 1.4616353136953 0.369326118892059 1.61105800396763 0.466609924053773 1.84105561091565 0.465332930535078 1.15657319780439 0.37767187054269 1.40402123867534 0.383513074042276 1.98461846425198 0.389445791114122 1.23395467968658 0.305734538985416 1.81202154001221
687.451 1.98277538944967 0.383117556013167 1.57431744434871 0.43143442813307 1.03012955957092 0.4033830457367 1.40837843716145 0.398596814414486 1.83365902048536 0.353918708022684 1.92997179832309 0.372845055302605 1.14261111873202 0.402502434700727 1.15425308304839 0.389883779827505 1.98747577704489 0.416537212859839 1.45718041062355 0.39477232513018 1.1629958844278 0.346313259704038 1.50707516819239 0.325874203350395 1.07936292537488 0.498824855452403 1.61141738388687 0.447215519519523 1.80327722290531 0.339543903339654 1.01035356381908
710.471 1.94567905552685 0.332025895360857 1.01855901139788 0.459960819082335 1.53762932913378 0.418887835554779 1.75238341325894 0.428294970141724 1.41913386969827 0.328353499528021 1.46039721765555 0.383551994105801 1.60009983065538 0.402068602619693 1.49650936527178 0.46390878399834 1.88736098026857 0.436227853689343 1.87916470714845 0.346636605774984 1.05228963843547 0.418458635220304 1.18289653863758 0.456609744392335 1.34517426043749 0.444720465643331 1.70514711062424 0.352647346025333 1.00904522160999 0.39758129264228 1.0574361118488
734.956 1.14690796239302 0.365154037997127 1.09595411410555 0.336391539033502 1.43489540601149 0.325158108491451 1.24057860951871 0.313876277627423 1.68475669203326 0.400892766704783 1.4760068601463 0.3011920502875 1.6862266799435 0.444254061346874 1.53196995262988 0.348745318083093 1.13005496026017 0.346701662102714 1.72244566306472 0.4077729458455 1.75520725385286 0.358583801239729 1.98643742105924 0.408087629312649 1.01046406105161 0.312987614050508 1.00559482444078 0.321913434425369 1.52326466119848 0.480124928150326 1.25939193018712 0.363771850336343 1.75442016939633 0.372473247768357 1.02867091051303 0.442722035106272 1.86639447906055 0.456742725754157 1.08082236605696
757.987 1.38342680642381 0.48462713691406 1.00159070757218 0.416850415617228 1.93265664181672 0.423919337010011 1.1033708981704 0.457227200269699 1.45162041857839 0.422857873747125 1.67356784921139 0.433351740660146 1.8112332043238 0.362281127925962 1.81106083164923 0.467827061517164 1.3393674842082 0.337245996715501 1.04498027777299 0.3290552620776 1.56503102788702
783.121 1.32032484398223 0.313262038910761 1.14692884194665 0.339911668607965 1.14678040030412 0.411011584801599 1.57508333818987 0.424720239965245 1.20826077787206 0.408091696025804 1.51428741682321 0.308854465046898 1.63535526348278 0.425121443392709 1.11179590062238 0.481686962628737 1.91652312758379 0.305274397367612 1.28394934604876 0.31548533346504 1.64420006703585
808.489 1.69380618911237 0.358597127255052 1.73294732137583 0.368638787232339 1.35782567993738 0.483085665432736 1.98680740571581 0.351544082351029 1.15168639388867 0.423319377051666 1.35867398418486 0.301425896212459 1.99997248500586 0.337344628805295 1.86516664526425 0.48181587997824 1.85952171753161 0.4617371362634 1.9113716238644 0.435757475579157 1.68518904969096 0.434490529168397 1.69275269680656 0.470488917082548 1.22516736155376 0.341661373339593 1.26606697426178
833.984 1.54503689962439 0.353060872247443 1.13335627550259 0.478095206106082 1.88292915583588 0.337497934466228 1.79956666636281 0.471982531016693 1.53894155565649 0.484987751720473 1.74503926280886 0.391622067894787 1.46475663338788
864.153 1.55986172892153 0.472007807530463 1.78598911734298 0.309441061643884 1.15985656739213 0.356065276823938 1.34577665501274 0.36127544217743 1.4251645160839 0.485097577283159 1.86956452345476 0.358146047685295 1.14618380507454 0.482185219973326 1.26864513731562 0.333299221517518 1.89835330005735
887.361 1.1951147322543 0.341668702661991 1.52544103981927 0.493977162102237 1.60863034403883 0.41466086441651 1.53042180859484 0.352818998647854 1.7540043820627 0.435369285056368 1.07922824146226 0.456180010968819 1.17185120820068 0.417441243166104 1.32135186390951
888.193 1.35671563004144 0.386960095586255 1.4138522518333 0.438462350424379 1.6579933220055 0.45061127091758 1.96895967028104 0.311310550244525 1.15959370741621 0.404312138725072 1.49546821601689 0.439447265630588 1.93803445901722 0.48788366150111 1.5254963459447 0.395264105964452 1.38136422331445 0.352432654751465 1.8107863322366 0.374700272222981 1.15461616031826 0.356464233947918 1.23343430971727 0.488897609431297 1.5318952719681 0.309612420201302 1.1763574227225
899.696 1.49037578818388 0.365759763913229 1.32389690517448 0.423105994053185 1.31303489464335 0.454583152988926 1.42118260846473 0.450640281103551 1.90498233074322 0.350246603414416 1.34311019559391 0.356061729229987 1.19206242146902 0.313273229496554 1.1978523209691 0.481994288600981 1.99793623713776 0.351998821133748 1.31076023215428 0.346236437279731 1.80465004080907 0.362503273971379 1.26970448088832
907.963 1.52394932461902 0.329921401105821 1.86384091200307 0.353760975878686 1.69629878853448 0.443047908460721 1.79956862283871 0.410839556157589 1.40837941714562 0.458723258599639 1.32566778361797 0.455683984328061 1.5030494555831 0.481308650970459 1.64938290417194 0.491280062962323 1.82403385313228 0.482738933246583 1.31479374621995 0.359798756847158 1.13362678699195 0.449350367020816 1.87034337315708 0.307671838672832 1.80646481504664 0.465398200368509 1.41850332636386
916.171 1.50525069911964 0.467223352752626 1.94126904406585 0.349468873115256 1.07321893563494 0.395218162378296 1.17063792562112 0.335431090230122 1.04576051118784 0.489424172881991 1.66618540114723 0.474634133512154 1.7007004590705 0.361205075262114 1.35529632912949 0.418408834701404 1.06371436966583 0.481530166231096 1.41855744319037 0.347581180604175 1.9073782209307 0.386094204429537 1.34872571448795 0.374429519008845 1.50565221114084 0.396560320490971 1.12528828927316
919.547 1.99800749332644 0.425212144386023 1.65763864782639 0.373579393234104 1.18739538756199 0.339637953788042 1.88415933772922 0.32807732867077 1.54836652241647 0.325470794830471 1.13108139880933 0.316370217083022 1.25777716119774
920.6 1.68244391563348 0.405297773145139 1.92257058992982 0.468025354156271 1.19067752128467 0.320345545373857 1.65183052793145 0.310084404330701 1.22551081841812 0.462551744002849 1.61209077527747 0.451149592082947 1.2097106508445 0.42994351061061 1.3751341139432 0.357008384075016 1.3818654702045 0.451177899213508 1.96447166451253 0.493790264427662 1.48574012797326 0.357674397388473 1.85856786649674
996.315 1.50992975174449 0.499918373022228 1.10147499036975 0.459236321086064 1.92229917412624 0.465839766617864 1.57605006964877 0.495422244258225 1.65206890786067 0.47561000296846 1.55587064498104 0.478176551917568 1.73799572419375 0.334300140105188 1.66319312108681
1002.44 1.73076037853025 0.384296692023054 1.70508525776677 0.327918975614011 1.46474588476121 0.384428622433916 1.42333252565004 0.48267275672406 1.50444508669898 0.445721484115347 1.94472979800776 0.496132421214133 1.4246000747662 0.337989306636155 1.80256169452332 0.383711833553389 1.22588168131188 0.45864759455435 1.56540536484681
1006.94 1.99067965033464 0.369462677417323 1.39712624391541 0.433399965427816 1.19092862517573 0.342446816153824 1.91329614119604 0.459076113766059 1.91949070687406 0.340446430025622 1.07563928421587 0.336460505658761 1.14309240179136 0.342863103793934 1.83288664324209 0.317034994950518 1.22524425736628 0.310117481276393 1.90490194619633 0.435167704476044 1.84908096818253 0.49685739534907 1.3057987021748
1010.2 1.79179094173014 0.347426730114967 1.24960851226933 0.35606215368025 1.62210188549943 0.361796176619828 1.00746787525713 0.379331759922206 1.76017133751884 0.447818356426433 1.96648705704138 0.398984769452363 1.4004391815979
1019.14 1.67953274399042 0.484668308589607 1.0645573658403 0.414857476064935 1.68220537831075 0.345076431147754 1.72215401451103 0.308809132641181 1.63909147586673 0.424221300100908 1.12543713743798
1092.43 1.03671296383254 0.496877693897113 1.67060649814084 0.480364142917097 1.83332811808214 0.335472543304786 1.21768130734563 0.465056130476296 1.11031544604339 0.406523236911744 1.32253045286052 0.405920167407021 1.34916444355622 0.305369772296399 1.31534667918459 0.476880961563438 1.7266853984911 0.300845481036231 1.50392682454549 0.395165551174432 1.59447239758447 0.441273549478501 1.10425650211982 0.397664139326662 1.2544677646365
1155.36 1.32535503199324 0.420554054994136 1.9723394876346 0.411885616462678 1.97516098362394 0.443907638126984 1.07177928439341 0.424843536643311 1.15216715075076 0.465556936571375 1.96512717148289 0.398100277362391 1.6006955713965 0.339876931719482 1.41648707771674 0.334221284650266 1.54478836711496 0.34273631349206 1.98783699865453 0.417190869385377 1.17716773133725 0.312409538915381 1.67217495013028
1196.27 1.08393264818005 0.334666348807514 1.55244532250799 0.369268947746605 1.53361919056624 0.486213877191767 1.72490963083692 0.333204943453893 1.81341913202778 0.4892224942334 1.6354233447928 0.438104700064287 1.02737824292853 0.404836317664012 1.40739458566532 0.395391159132123 1.27177441865206 0.4765891041141 1.00826094206423 0.425752570154145 1.30225453828461 0.405766649963334 1.56435363646597 0.325000085169449 1.81618908513337 0.47730919313617 1.32340389536694 0.313472138065845 1.93506512441672 0.434526267275214 1.88772356137633
1201.82 1.55502540292218 0.487953563965857 1.81314362981357 0.365480312844738 1.71634896891192 0.411652392614633 1.89390573953278 0.357758874399588 1.50369789404795 0.314728217106312 1.21654364676215 0.489676162600517 1.00947555736639 0.319668621988967 1.58229908021167 0.423230836866423 1.88008173275739 0.414578295638785 1.52785422815941 0.442767579946667 1.76102250325494 0.410963956965134 1.6864877701737 0.358858928596601 1.01756594493054 0.452104094065726 1.31185077643022 0.336226761247963 1.14763134950772 0.357827634830028 1.0198966441676 0.405022831028327 1.20597217418253 0.312981754262 1.5719452209305 0.429684369638562 1.21085058082826 0.312295403843746 1.1734134145081
1219.03 1.90456182137132 0.493724871054292 1.17817787243985 0.352204463258386 1.72883845632896 0.400982563011348 1.64356621610932 0.466738480655476 1.73567141965032
1270.29 1.48715212568641 0.314979058457538 1.24800904933363 0.377978399768472 1.31183724966832 0.311753962701187 1.4776423429139 0.497569160116836 1.66171905654483 0.444790384639055 1.51508963899687 0.354104141052812 1.79220017325133
1310.21 1.41341577353887 0.435256347712129 1.46149341855198 0.452608359698206 1.02180949691683 0.343825188325718 1.06688009132631 0.425736309122294 1.44847470917739 0.499424798460677 1.59524077107199 0.3133746645879 1.48061217856593 0.453241881588474 1.19207983766682 0.333673272561282 1.28194294054992 0.470102897053584 1.87622801936232 0.407221696944907 1.66055353288539 0.441288211382926 1.09952228167094 0.386563377827406 1.63625079882331
1312.47 1.56920475699008 0.499555661715567 1.56832333118655 0.393297334993258 1.04495602031238 0.326082567870617 1.88277953118086 0.388375776726752 1.44048004806973 0.347915098024532 1.80546549661085 0.483253794070333 1.63046693988144 0.490108775533736 1.30369125166908 0.310442835139111 1.83286402723752 0.331615427182987 1.84241968998685 0.301364040467888 1.44056315976195 0.4253734015394 1.69814281724393 0.423268566746265 1.86296212673187 0.456693312944844 1.13028690568171
1422.97 1.57753188489005 0.459228826547042 1.40395616437308 0.482391814608127 1.82523562060669 0.381475978065282 1.3017271826975 0.465809141425416 1.12505947961472 0.34427166688256 1.65711858379655 0.435594601463526 1.37104665488005 0.39045825721696 1.52869013999589 0.310539846355096 1.68843505904078 0.411552244191989 1.25485511706211 0.306671303370967 1.68668819102459 0.320959745254368 1.59851777460426 0.431980186095461 1.63092510588467 0.474337075604126 1.0840573455207 0.407524032518268 1.29492359352298 0.319773132586852 1.08932906505652 0.372281292686239 1.86855797027238 0.478739634249359 1.27181462896988 0.466244421899319 1.11209082091227
