# Using the following values to generate the workload:# num_procs = 50
# mean_io_bursts = 10
# mean_iat = 25
# min_CPU = 1
# max_CPU = 2
# min_IO = 0.3
# max_IO = 0.5
69.0014 1.8392239974346 0.456420516828075 1.65924431034364 0.351207146327943 1.76940445182845 0.401525743911043 1.72086458047852 0.427346995240077 1.29885297617875 0.355920737283304 1.49329188768752 0.349840202415362 1.42503301124088
95.2798 1.49224179354496 0.369000077713281 1.14506484358571 0.386871892446652 1.79402422788553 0.433488945430145 1.63462097942829 0.404261897224933 1.61140759987757 0.310628443583846 1.48934686835855 0.372417806880549 1.47994511341676 0.447526463167742 1.20252695214003 0.461779961921275 1.44945702701807 0.381274647219107 1.86042796308175 0.366036623856053 1.15911250119098 0.440661956788972 1.17058392195031 0.363225763384253 1.00846493477002 0.497474368475378 1.69586548348889 0.408688861597329 1.43182530021295 0.475922900810838 1.34869674430229
100.134 1.53457767819054 0.474581093108282 1.37450455641374 0.326442320924252 1.31321630859748 0.440205995831639 1.53044838085771 0.30783447897993 1.88979037711397 0.416832160111517 1.93337478511967 0.30210670158267 1.80007610679604 0.343187932111323 1.41829569311813 0.303320066165179 1.63095267792232
131.563 1.21840169141069 0.38050883859396 1.06151420390233 0.407174524944276 1.98364123748615 0.342977161845192 1.41821179236285 0.337094577495009 1.25235546915792 0.367720113927498 1.07367455400527 0.457830744655803 1.37504542665556
132.165 1.61418793303892 0.379449965618551 1.95242786803283 0.460790149215609 1.60020153014921 0.35656649642624 1.60969484201632 0.467117554880679 1.72970372391865 0.373167090350762 1.95252391998656 0.436807920224965 1.93679700721987 0.476806644676253 1.65038808295503 0.490397502342239 1.7766511850059 0.423709166049957 1.66056625847705 0.445981637248769 1.1326197697781
163.531 1.36730128270574 0.384399781050161 1.57989562605508 0.343600637279451 1.12687798216939 0.333518963167444 1.55887980293483 0.441978981904685 1.91030038730241 0.456928699463606 1.3252744555939 0.479654611460865 1.19712337455712
180.165 1.39713740325533 0.427635318785906 1.14503365359269 0.375853877561167 1.33902762341313 0.368133945995942 1.14629177120514 0.327449646312743 1.93958863266744 0.311771095683798 1.39297021576203 0.480412566941231 1.05641156202182 0.356288361456245 1.33450170559809 0.320177510986105 1.34543393412605
210.293 1.97175595280714 0.383606654824689 1.94788779783994 0.335796111496165 1.6016315666493 0.366931094648317 1.8315215674229 0.381634846888483 1.45707497769035 0.378569563059136 1.7105827878695 0.314170870836824 1.63884459505789 0.311514770146459 1.7286113158334 0.486693410109729 1.1804249107372 0.358589067449793 1.44522225833498 0.38365170317702 1.87728201318532
211.468 1.92941536055878 0.426774019002914 1.77423076075502 0.475245043821633 1.61872139410116 0.382683428097516 1.08587540406734 0.49660026114434 1.14233750873245 0.363526025647298 1.37351129716262 0.319347393419594 1.92054931353778 0.330707008717582 1.9922769186087 0.383050392055884 1.50755674368702 0.461229084385559 1.47324397275224 0.412239934783429 1.58553124871105
278.058 1.24101673532277 0.325527487974614 1.22349794371985 0.338812884269282 1.11310734017752 0.495047082426026 1.42540573514998 0.366320917382836 1.68536153389141 0.349944865051657 1.00553222978488 0.431511294515803 1.18308024061844
292.688 1.82387082348578 0.366868414124474 1.79964114632457 0.319930938212201 1.74218377703801 0.338823270471767 1.38672490976751 0.330738297337666 1.78526249318384 0.482415801286697 1.22348215710372 0.30222317641601 1.33145544724539 0.464134993031621 1.02900369884446 0.452288452861831 1.45755399740301 0.429584085056558 1.12990989908576 0.442362854117528 1.46818370721303
296.756 1.45674122078344 0.438918392080814 1.76283493032679 0.372675551706925 1.53207402024418 0.403547780169174 1.69063510023989 0.351044153375551 1.16345702088438 0.353507573530078 1.78708526911214 0.321164574287832 1.76535426219925 0.330413608578965 1.6904289459344 0.467559398291633 1.72300569270737 0.426536609092727 1.82528559421189 0.454638312710449 1.61101655988023
308.412 1.01830095844343 0.431212318921462 1.01874808128923 0.474064051220194 1.93499405798502 0.481427947804332 1.42036567348987 0.46798242512159 1.93559145275503 0.479992413008586 1.95148960733786 0.341357107833028 1.10897040972486 0.327017453545704 1.18762818351388 0.452741071395576 1.14611226203851 0.371484366990626 1.40419134544209 0.387873830413446 1.13929933938198 0.493973878072575 1.4850122705102 0.368592599313706 1.25710027106106
319.955 1.88053929270245 0.424205885455012 1.46959632611834 0.498796423990279 1.2761398027651 0.381286115758121 1.42375032254495 0.344264287687838 1.37178261158988
378.655 1.08080735290423 0.408528391178697 1.68202579696663 0.333714563772082 1.85387510969304 0.379148318432271 1.55410154722631 0.420654706982896 1.40145632484928 0.397671477077529 1.06375753297471 0.489404024975374 1.66446122294292 0.377841733256355 1.21702790562995 0.300733559811488 1.86383779440075 0.346435653744265 1.79458644334227
398.31 1.11511549190618 0.386929407669231 1.27538282587193 0.327101748017594 1.82017307379283 0.419731786800548 1.43734488612972 0.415043414523825 1.47880962933414 0.48379263849929 1.50583687075414 0.473624779470265 1.0732853137888 0.430350853223354 1.17808503261767 0.352093055238947 1.00485779065639
401.172 1.87137978058308 0.465976014686748 1.96841800701804 0.30136646782048 1.79567399388179 0.409402359509841 1.67619936726987 0.355900589656085 1.66570502799004 0.446846038894728 1.6195990217384 0.410945030720904 1.07511945650913
497.226 1.76911370689049 0.465939935809001 1.94245611527003 0.338229272933677 1.135881382972 0.347116239648312 1.30694575677626 0.497500704973936 1.75386020937003 0.386273075733334 1.25370874488726 0.479672253923491 1.64725857065059 0.411837530694902 1.07542799040675 0.357198656443506 1.51415061042644 0.476112945843488 1.94627824821509
513.481 1.79821464908309 0.430592178320512 1.6552395299077 0.45029175048694 1.27831440791488 0.480657121073455 1.0084001426585 0.387698305305094 1.96240179007873 0.496471482794732 1.02849272242747
540.93 1.59501748112962 0.471289807697758 1.24213524255902 0.476769317965955 1.13328427425586 0.422046746592969 1.14703163038939 0.400530984532088 1.22774805733934 0.357117990450934 1.80745306727476 0.380481884256005 1.71609506127425 0.493182026175782 1.60669266036712 0.474511037394404 1.40113121131435 0.462001316342503 1.81781422905624 0.326924139028415 1.09947675652802 0.381439274968579 1.83070519543253 0.499740192759782 1.59509354876354
552.742 1.56737226061523 0.429434357816353 1.22884002770297 0.31523936628364 1.35857181577012 0.364697035076097 1.85210812673904 0.394987729378045 1.71096942294389 0.360125190299004 1.46696479921229 0.313170146336779 1.5512857849244 0.37747408170253 1.26420705299824 0.393628301750869 1.04053751542233 0.36337577435188 1.01915486739017 0.420603815559298 1.01745582721196 0.409126910241321 1.70364896673709
562.38 1.47280339850113 0.34581937789917 1.65524819912389 0.361315113119781 1.47074260143563 0.358318507531658 1.35522864456289 0.48261129911989 1.18957014963962 0.314491451205686 1.6108351603616 0.337424922874197 1.07356508704834 0.456659852061421 1.36232191440649 0.463426835555583 1.61168538010679 0.40139697548002 1.79542504390702 0.496789547987282 1.13158422778361 0.314043632429093 1.78288065292872
595.556 1.89140801131725 0.376822425192222 1.42314449581318 0.489009290002286 1.90107327094302 0.455432900274172 1.78367012506351 0.430076358933002 1.17958341864869 0.320330706518143 1.42531675007194 0.3730425727088 1.94303048052825 0.401393924606964 1.93887816229835 0.374530071206391 1.90059651760384
645.636 1.24480537814088 0.393609482888132 1.56150640523992 0.471436416357756 1.45814679586329 0.45364031419158 1.46409452566877 0.469838740443811 1.19447062001564 0.336919335089624 1.00916105369106 0.437740054028109 1.66319201770239 0.497436801809818 1.90047202445567 0.422267180215567 1.56436901795678 0.322183237969875 1.46296061621979 0.3548140399158 1.1729301372543
650.18 1.14905835082754 0.339658308262005 1.93467771052383 0.314574602432549 1.85008375812322 0.394098365074024 1.70408928929828 0.315660281246528 1.19180316478014 0.331108559248969 1.6605183610227 0.443162715109065 1.16195639711805 0.35355497286655 1.99025386641733 0.477463721530512 1.9034502254799 0.449206532398239 1.63637624587864 0.481601271918043 1.3327875577379
656.126 1.31621203199029 0.482212073542178 1.94114023679867 0.361928644962609 1.22532736137509 0.338911198964342 1.59418133599684 0.47323297271505 1.47313082497567 0.334264892013743 1.69882356515154 0.419043701793998 1.79766520531848 0.460950170364231 1.21241512848064 0.473605581466109 1.1785616192501 0.359962584450841 1.63405457721092 0.481374787027016 1.05011528078467 0.326220583496615 1.25303375138901 0.3745066604577 1.31750549492426 0.37000355347991 1.66071372572333 0.425704685132951 1.55748928477988 0.489950855262578 1.34444037266076
718.94 1.93632685020566 0.301369151426479 1.90921596973203 0.407862434908748 1.95677799684927 0.492851821659133 1.01177182840183 0.410167884407565 1.76440544240177 0.302147497143596 1.28472781088203 0.497559765074402 1.64057054114528 0.465750231733546 1.07957801874727 0.448741156421602 1.51948458468542 0.385558837046847 1.62084949715063
755.396 1.31989969103597 0.481445720046759 1.57513227057643 0.329158029193059 1.82597090466879 0.363857889175415 1.79399131680839 0.307185911061242 1.87842502584681 0.327374813193455 1.37114569521509 0.354774494189769 1.18257714225911 0.45001542661339 1.73949234094471 0.398258157772943 1.22620795900002 0.42614709911868 1.54883250501007 0.495927062770352 1.72706780512817 0.448695583827794 1.47734410618432 0.40655671893619 1.29294880363159
758.774 1.93912031850778 0.419536933070049 1.37069649761543 0.479567115008831 1.03764856886119 0.327494313428178 1.98756939033046 0.483967109676451 1.95759921194986 0.465952078998089 1.14355264231563 0.331595379859209 1.53813863778487 0.484059069957584 1.26848933799192 0.446850474458188 1.02529169502668 0.446014249138534 1.27344348281622 0.477042397251353 1.70386987365782 0.408908286783844 1.02927104127593 0.306038365792483 1.29404823132791 0.406583423772827 1.89965833420865 0.461208498803899 1.10800650087185
765.848 1.58420172589831 0.330167951667681 1.15318465349264 0.47714698985219 1.41322658676654 0.351222031423822 1.75424752291292 0.475248332228512 1.97927032643929 0.495544443605468 1.86895281635225 0.459019270120189 1.20685364026576 0.475839711120352 1.39083082112484 0.354974788473919 1.56502303550951 0.49420638862066 1.25706144957803 0.316104144975543 1.21042544813827 0.419401296880096 1.53220636234619 0.345179133303463 1.96809632563964 0.386770260427147 1.66955066868104 0.452483268734068 1.82174529624172 0.390128694334999 1.8159876614809 0.308510689483955 1.64857841306366 0.398963632527739 1.24149396270514 0.392546416586265 1.83054669294506 0.413538698712364 1.24969558580779
803.721 1.10402737627737 0.310401359060779 1.52003840357065 0.386900163488463 1.25863814400509 0.487834633328021 1.29963632393628 0.359965948760509 1.31309010344557 0.324469171417877 1.11095271725208 0.396882509160787 1.59760353667662 0.474207486398518 1.47962185228243 0.340088066877797 1.31389771657996
926.988 1.82272800896317 0.489879639213905 1.36466935602948 0.469732790067792 1.99571004230529 0.323187430854887 1.90409517870285 0.49886013623327 1.14589393278584 0.476324320118874 1.50531435408629 0.442245042417198 1.29963995586149
985.429 1.98439686396159 0.32214435422793 1.51511270226911 0.381809207051992 1.54226962802932 0.409866604534909 1.79521498968825 0.34644502773881 1.78130954457447 0.447160035045817 1.23948517651297 0.444707446964458 1.4066776165273 0.394582932395861 1.96347266621888 0.363274117046967 1.56481959298253 0.486564127216116 1.87903439020738 0.436908030044287 1.48746356880292 0.355463907169178 1.6042870876845 0.314238279405981 1.19825447094627 0.479166384739801 1.40303012705408 0.360259053623304 1.92399784713052
1025.78 1.77736514643766 0.422106621181592 1.64403415867127 0.440275962790474 1.35122937406413 0.456217330740765 1.856151714921 0.456687503680587 1.15973480069079 0.489622282097116 1.43836531927809 0.4577805952169 1.39014817890711 0.321837148582563 1.40150264301337 0.400848910398781 1.55988283012994
1035.74 1.79576032469049 0.370782025670633 1.83361917710863 0.324714628886431 1.951568960445 0.466467016329989 1.20721446652897 0.492082527279854 1.4581286625471 0.476861355639994 1.76568766450509 0.344911436270922 1.32828880473971 0.317004594299942 1.19396745949052 0.446162899490446 1.06636408460326 0.304920855117962 1.45529072801583
1037.91 1.46884183282964 0.384215244138613 1.07392821041867 0.362186410510913 1.71848445106298 0.306015613581985 1.82768177753314 0.44929579384625 1.32508347555995 0.482355138426647 1.48977924184874 0.338586493209004 1.4691639400553 0.349968635570258 1.97413486381993 0.470219551445916 1.07106218254194 0.496163183031604 1.4828038176056 0.462638127291575 1.2051815665327 0.348056118190289 1.46994065796025
1083.27 1.88369361753576 0.381346284179017 1.779031598242 0.342173838149756 1.99539675400592 0.317335050553083 1.1809401132632 0.376555049186572 1.49117443431169 0.359587799757719 1.94025421468541 0.456751638650894 1.63340438879095 0.343936943635344 1.72292934521101
1118.61 1.54194960882887 0.470193903101608 1.99596952064894 0.328666664287448 1.693313106196 0.36613857652992 1.27574864518829 0.325016788346693 1.44999646046199 0.411656276369467 1.48003079555929 0.461291819810867 1.58713677152991 0.41447755699046 1.65567491296679 0.457657851651311 1.51702976389788 0.497811206802726 1.48656553309411 0.490742275025696 1.00165449944325 0.332395477918908 1.28992233681493
1147.32 1.99685207707807 0.488977748109028 1.35571748507209 0.412765275500715 1.83137574279681 0.308020505635068 1.67072232766077 0.496176436776295 1.76454064063728 0.384952982375398 1.79589858092368 0.419112520758063 1.41966198594309 0.374737698491663 1.11351264454424 0.486438035825267 1.53394052898511 0.343039124878123 1.01914043654688 0.388687780871987 1.47648147633299
1151.43 1.47977645020001 0.417817862424999 1.49730462091975 0.345688429102302 1.4967744583264 0.476145068416372 1.59798677847721 0.477431619912386 1.36977834044956 0.497863129945472 1.14285828103311
1184.67 1.90004609292373 0.411674593295902 1.73230374976993 0.460663012741134 1.1352698802948 0.334717328334227 1.86170522077009 0.344753824127838 1.10518454876728 0.4764528747648 1.17061022925191 0.365379670681432 1.37816871982068 0.302324562892318 1.3219881055411
1188.82 1.06925889384001 0.387337322626263 1.45928811072372 0.491420360095799 1.83059484139085 0.359687408339232 1.41998631530441 0.335855016903952 1.6827162723057 0.306074602296576 1.30567905493081 0.473540655290708 1.38436217210256 0.498556999722496 1.46387357031927 0.390799904149026 1.80131759447977 0.482559567969292 1.74949086573906 0.46318444609642 1.56623697979376 0.4484282924328 1.59766056248918 0.481428640428931 1.7540377790574
1224.67 1.18840282130986 0.475544607127085 1.02655626880005 0.302181944996119 1.02703211409971 0.423029002081603 1.00163837405853 0.392471741652116 1.39557995088398 0.486574126407504 1.49827889632434 0.403089238284156 1.81211317447014 0.382987487642095 1.08609428605996 0.366691252030432 1.48508526012301 0.458209477225319 1.48802147060633 0.422704014461488 1.62208007462323
1243.87 1.18984843743965 0.472175310179591 1.58506567287259 0.493737022066489 1.99685911694542 0.421736187487841 1.12308245594613 0.375064513366669 1.98546076728962 0.413213168969378 1.00040552718565 0.303517739102244 1.13708806899376 0.372235113196075 1.99759669182822 0.420092723285779 1.196487958543 0.314272642415017 1.81914982479066
1321.13 1.62099026096985 0.451994043681771 1.89847525442019 0.458490687049925 1.80151329189539 0.42486464837566 1.59555945731699 0.488911971123889 1.22840193076991 0.371578525425866 1.23117954074405 0.431930187297985 1.07871845015325 0.357003108458594 1.0831894564908 0.350819299649447 1.5215150245931 0.307079190341756 1.82621569535695 0.417031790921465 1.82477048528381 0.446903856517747 1.43525123759173
1323.98 1.21177549287677 0.435605330625549 1.66417659143917 0.324902108032256 1.10656739771366 0.466689974302426 1.1321230137255 0.400741662411019 1.97855303599499 0.484788847342134 1.65440892917104 0.495105165988207 1.27255318872631 0.406095017585903 1.83530103112571 0.470728981960565 1.9491128474474 0.386582656251267 1.82983903191052 0.431180214695632 1.5553329163231 0.43223839099519 1.46015756274574 0.301253050519153 1.70999098452739
1329.18 1.35600539972074 0.386194684356451 1.56509712245315 0.493275514105335 1.46540504461154 0.497290758788586 1.48374702478759 0.495789041556418 1.28404737776145 0.423957067495212 1.02304739248939 0.321859082067385 1.02763223811053 0.334142349520698 1.53469717293046 0.440295402705669 1.61041707545519
1356.46 1.02445344976149 0.458416140358895 1.15593046718277 0.388449694681913 1.58264876320027 0.431415231991559 1.58650146052241 0.380223414581269 1.87654449604452 0.30217033191584 1.57742924545892 0.448386903246865 1.21621782658622 0.405910854553804 1.31993964966387 0.302143627032638 1.84962664125487
1387.71 1.73976496374235 0.438067346904427 1.8249722677283 0.415311949141324 1.21888739150017 0.312884327303618 1.65819311072119 0.367279126355425 1.42918955418281 0.438831090787426 1.92565131839365 0.353416758729145 1.07552179321647
1389.06 1.29294682643376 0.444830183917656 1.76287256856449 0.325825610756874 1.42943486920558 0.342986570764333 1.5047507211566 0.476454406185076 1.38898572069593 0.386339384783059 1.10659651807509 0.404378371546045 1.88028015987948 0.457958714803681 1.52799734170549 0.369461727049202 1.35957088810392 0.436267366399989 1.98703782074153 0.443800774309784 1.64192488091066 0.424249752564356 1.20234925416298 0.366799699887633 1.59745428711176
