# Using the following values to generate the workload:# num_procs = 50
# mean_io_bursts = 10
# mean_iat = 25
# min_CPU = 1
# max_CPU = 2
# min_IO = 0.3
# max_IO = 0.5
3.92403 1.95083818910643 0.391876088362187 1.86828134185635 0.375228778924793 1.071498433128 0.427411611564457 1.45002914289944 0.412400715984404 1.37155208550394 0.413424005964771 1.50650062737986 0.431506243906915 1.56635904079303 0.469964861869812 1.70763571513817 0.382500672806054 1.8999778800644 0.371757729584351 1.76970127574168 0.35501167550683 1.98132316907868 0.376457948936149 1.09823226789013
33.3118 1.66312892595306 0.348470342252403 1.0262470790185 0.427897695312277 1.84810614096932 0.352414247952402 1.52985392254777 0.457038362463936 1.46817144216038 0.409150217985734 1.38816810608841 0.37320272102952 1.8835243138019 0.367130001913756 1.15737314498983 0.374245698843151 1.11830710433424 0.43218161216937 1.03308788407594 0.317930336575955 1.1584695733618 0.412318591866642 1.26702319411561 0.421652023913339 1.68199272989295
34.8042 1.51503216545098 0.386003241548315 1.73128965171054 0.476745019480586 1.34938323684037 0.453181179706007 1.62852306407876 0.389970431802794 1.90207205363549 0.496373449731618 1.86655577016063 0.473557532764971 1.45079804258421
65.4248 1.22782668867148 0.470678381668404 1.35165665950626 0.459116730419919 1.77586600137874 0.351539348857477 1.61818555416539 0.323208069521934 1.37288780719973 0.490985521394759 1.08322580973618 0.491812163311988 1.43967571062967 0.31804443099536 1.32925825938582 0.46600491204299 1.93896669405513 0.422065353160724 1.28800416924059 0.346450001653284 1.16167411766946 0.453472451027483 1.13364399783313 0.34609408932738 1.93363409326412 0.452935491548851 1.41330828168429
127.601 1.4183945490513 0.41920678508468 1.31318302289583 0.300953352451324 1.68113029724918 0.345869554858655 1.35802443488501 0.423802400613204 1.38567381189205 0.399397695623338 1.80827398388647 0.410080870054662 1.51154745346867 0.306508717639372 1.15726440958679 0.316624467354268 1.99576674122363 0.378274056874216 1.78333242121153 0.321107947593555 1.43167468463071 0.454989815317094 1.39935854566284
168.687 1.0590492375195 0.412132058944553 1.31440188270062 0.4838448937051 1.93966009328142 0.453622068837285 1.23332100966945 0.322017006482929 1.97390482597984 0.440793719654903 1.2553324168548 0.486586430855095 1.13397080078721 0.383538686903194 1.40161253022961 0.443391324905679 1.82758973096497 0.312364429375157 1.10984376701526 0.3483442960307 1.69306756113656 0.369037580629811 1.91404937068 0.329817584808916 1.11964780068956 0.416995892301202 1.04539029323496 0.457310264371335 1.43159115547314 0.458984166430309 1.46483028191142
173.977 1.38081241771579 0.464881113683805 1.01834075944498 0.464263552054763 1.00143441325054 0.406632438767701 1.1654967169743 0.404600171977654 1.97094025672413 0.306745827011764 1.42976564541459 0.418696970073506 1.88320589181967
214.683 1.47685932158493 0.467583181336522 1.34969647158869 0.437373284110799 1.1265367877204 0.348661550832912 1.76667389506474 0.403421856695786 1.56519378139637 0.466829229285941 1.41595535632223 0.381507300725207 1.90385331586003 0.373303073644638 1.91544205229729 0.463161767087877 1.99594923108816 0.408422055933625 1.71540607977659 0.319578836858273 1.03885869681835 0.394922962877899 1.72024755948223 0.402823347272351 1.26982907834463 0.364949294645339 1.48465184960514 0.343833729578182 1.4802478083875
262.832 1.51368904928677 0.417248273361474 1.48778268438764 0.372223512874916 1.85902825533412 0.461118768993765 1.87435869430192 0.418878522189334 1.86687762313522 0.377681551268324 1.07662396668456 0.363672461267561 1.73379549616948 0.438996343966573 1.9155534892343 0.362160875415429 1.50114525202662 0.426302246563137 1.34413656708784 0.425649433210492 1.29603070602752 0.413212407147512 1.86976500414312 0.343166411528364 1.76819614204578
275.788 1.85365858837031 0.369569034222513 1.03160354797728 0.389442450506613 1.86883225687779 0.333507084613666 1.31500710360706 0.477986966073513 1.4653891606722 0.306714896950871 1.64928900753148 0.318542232085019 1.25673453416675 0.318762688152492 1.01703039743006
316.905 1.09779114369303 0.429548081988469 1.31613826658577 0.357302293274552 1.90612074220553 0.490653302846476 1.48073119157925 0.492655824916437 1.69006004417315 0.301769448351115 1.73545372206718 0.333385507576168 1.28160378965549 0.392323512583971 1.71560409059748 0.305912150908262 1.26652655960061 0.314311041217297 1.74023673217744 0.413868761854246 1.7272593411617 0.31532948021777 1.90609661699273
324.388 1.50637689512223 0.420533397514373 1.78670501336455 0.437815276393667 1.20646062353626 0.387586142681539 1.55109049985185 0.470747572602704 1.44521961500868 0.383099906379357 1.56032965774648 0.355319011816755 1.40890537807718 0.470348368166015 1.40317881223746 0.420548956468701 1.7029144258704
342.682 1.64375453186221 0.400892496714368 1.96330432430841 0.459536509308964 1.1905828427989 0.385405351733789 1.06171901687048 0.308675576094538 1.66594656417146 0.437596276262775 1.72723997337744 0.470618165750056 1.53635785891674 0.338200587732717 1.79173628194258 0.347432217560709 1.69936963543296 0.32682443074882 1.37214747210965 0.398530877474695 1.78560727322474
355.938 1.35885868314654 0.395933288475499 1.78505859104916 0.35325244483538 1.88103947299533 0.403184153651819 1.97046602796763 0.488302255934104 1.69100798293948 0.450202438235283 1.69064292544499 0.394668371044099 1.69345221458934 0.352249667001888 1.86051813489757 0.368274652678519 1.24681198387407 0.341972289746627 1.38375564129092
381.2 1.73709510779008 0.478772578388453 1.54567338246852 0.355068676173687 1.49684958555736 0.367675524577498 1.84335424820893 0.343245041044429 1.02978907385841 0.381658708490431 1.79714623070322 0.378067806130275 1.3429495813325 0.473208240326494 1.06353341951035
382.588 1.66952729597688 0.417493764590472 1.41579860309139 0.371159906405956 1.62819078587927 0.384138856595382 1.45535769499838 0.315822057519108 1.17157324147411 0.382920731045306 1.49591731932014 0.483508161315694 1.67857884289697 0.464538612635806 1.32882548053749
399.154 1.13347603613511 0.477810397977009 1.96486438275315 0.337947305245325 1.16001558536664 0.306392715545371 1.97355107800104 0.423577102739364 1.19089110963978 0.375050770305097 1.10456088418141 0.339163108449429 1.7875105519779 0.452211441006511 1.35732199181803 0.423058804310858 1.94772881525569 0.34721627435647 1.78268001577817
413.593 1.84486232814379 0.475859466986731 1.18556630285457 0.324271195428446 1.70285343448631 0.463867779867724 1.19047512882389 0.427730466658249 1.06140229152516 0.366224569501355 1.19694797089323 0.34353219778277 1.65933195641264
449.808 1.00020291819237 0.478032336570323 1.23418547376059 0.494201768608764 1.11444882978685 0.460864900657907 1.19865790707991 0.483207583567128 1.74198152753524 0.444505879981443 1.88205005135387 0.352817371068522 1.6630749644246 0.303370443312451 1.22005111817271 0.324524493794888 1.30174740031362 0.411454497883096 1.36888123513199 0.372449505375698 1.11705781007186 0.396629172377288 1.81030466523953 0.364849881455302 1.89732868573628
458.385 1.72096174163744 0.332504125358537 1.36398613709025 0.365384025871754 1.93059268244542 0.367837831797078 1.13106992468238 0.446883946564049 1.89870031946339 0.319337014714256 1.38545958767645 0.498949288530275 1.8433623064775 0.499771344009787 1.82623844011687 0.451101631158963 1.53988327109255 0.348920455668122 1.28620293387212 0.478521500527859 1.30610225792043 0.43305929126218 1.62457151990384 0.388855251623318 1.87471875641495 0.451725931046531 1.5149085058365
471.039 1.0520681575872 0.436622391827404 1.09088275115937 0.430779024586082 1.59921843954362 0.300455744378269 1.98749264562503 0.317420850461349 1.08815906848758 0.49850626741536 1.94525880855508 0.348203312465921 1.50507870176807 0.453788774833083 1.61524036154151 0.481948515959084 1.92743565817364 0.419129444891587 1.82952710683458 0.468122027115896 1.91378660104237 0.34492614036426 1.92397292912938 0.490129718929529 1.51209349185228
510.442 1.75668264250271 0.37646904992871 1.94466683198698 0.443177976831794 1.95028300303966 0.334570428682491 1.0782439482864 0.319331270782277 1.03350453265011 0.391487925406545 1.08167491620407 0.360546640353277 1.09750120365061 0.354546193638816 1.20088048069738 0.439956972189248 1.13919302588329 0.35744114825502 1.64925975678489 0.310287914425135 1.2418934609741 0.458463005209342 1.96516463090666 0.33452643151395 1.60671370709315 0.46178267756477 1.1474255756475 0.349495839932933 1.54024293180555 0.475290315644816 1.97079507494345
535.954 1.78614727105014 0.399694831995293 1.88062631711364 0.496675890823826 1.12450328213163 0.376367200026289 1.01230558915995 0.391547597805038 1.70332424202934 0.478313625929877 1.13694928027689 0.330004854872823 1.66990397870541 0.410409560287371 1.30555102182552 0.494575832597911 1.43224571389146 0.413834282802418 1.77687624422833 0.355191330891103 1.00765556236729 0.388212508847937 1.32473814371042 0.40011970079504 1.14856568328105
643.954 1.66856030793861 0.3408232903108 1.31289856135845 0.363732254318893 1.09494417184032 0.374840717902407 1.40417084144428 0.382035053381696 1.55658700945787 0.33973123668693 1.54399890848435 0.430809478322044 1.06720316363499 0.468759230570868 1.2011678761337 0.381310773454607 1.55503639276139 0.415360211441293 1.53021916141734 0.370945431897417 1.97394431522116 0.348130281642079 1.15375004056841 0.439858253439888 1.799890544964 0.30170315047726 1.22630689712241 0.312258062046021 1.21895643440075 0.32803602158092 1.71750759682618 0.405320329079404 1.16221945756115
689.333 1.74115845840424 0.390157217718661 1.99507023626938 0.312833959935233 1.07392568420619 0.368630060134456 1.6437598564662 0.372708808537573 1.99870592309162 0.348012753762305 1.95985442586243 0.385490751545876 1.85867886897177 0.33507818528451 1.43528976337984 0.366687441198155 1.54454784956761 0.323065652605146 1.32500442257151 0.410914738010615 1.54229942522943 0.429042296204716 1.65815134090371 0.439372426643968 1.5459396999795
692.287 1.94875628571026 0.475094271358103 1.02449576579966 0.376804691972211 1.14657151605934 0.475222833268344 1.45845295884646 0.381234851432964 1.11696482379921 0.331430007284507 1.51280563697219 0.341874675918371 1.51379927014932 0.36233923365362 1.26749025960453 0.46431713826023 1.3689231602475
699.421 1.93052717787214 0.460174847859889 1.8425537776202 0.328993351105601 1.22564366273582 0.355952203040943 1.88778904359788 0.318056004447862 1.53098407108337 0.310743800550699 1.4262722034473 0.494444659398869 1.60384387569502
722.545 1.81231930921786 0.33397274739109 1.64155938685872 0.490947075607255 1.30498804361559 0.425308690825477 1.47417551511899 0.475902682356536 1.77195263002068 0.495674381125718 1.45489556179382 0.426481004385278 1.34057665918954 0.408784392522648 1.49368936358951 0.333859195979312 1.50369078177027 0.382970451330766 1.55220046988688 0.487094392254949 1.30602759798057
739.569 1.8630431490019 0.352642200700939 1.11577467410825 0.300039057713002 1.74275616346858 0.448509686579928 1.12721976311877 0.380173211777583 1.94082387303934 0.333710922393948 1.62885238323361 0.397861681971699 1.98865286470391 0.365068252384663 1.2506268133875 0.332094508875161 1.8100918920245 0.450026013143361 1.67238685186021 0.31802422539331 1.38249758980237 0.393837079871446 1.69337666663341
741.551 1.43257533269934 0.495345609169453 1.96371649298817 0.301568469824269 1.51692449045368 0.489871462900192 1.85398099082522 0.497048613382503 1.92877857736312 0.35013709301129 1.55600508255884 0.493562368256971 1.86003663879819 0.423177629010752 1.57503450522199
744.146 1.63035721681081 0.396786056132987 1.73527775797993 0.311980190686882 1.94301783037372 0.317448641033843 1.07578777871095 0.419066554866731 1.0428202431649 0.30288455998525 1.89914705534466 0.334024676075205 1.45808611158282 0.477518255496398 1.2908003507182 0.362305766064674 1.09041494340636 0.449151490814984 1.69021449913271 0.447018315270543 1.67790096113458 0.474175044242293 1.38539666682482 0.385100873885676 1.919401016552
745.947 1.0006783476565 0.404556339839473 1.65054838918149 0.3937589045614 1.6628483440727 0.356832156749442 1.48968465533108 0.392442091740668 1.2045541475527 0.400058601750061 1.15900455438532 0.492008322291076 1.75416619074531 0.448493633465841 1.74427179060876
769.189 1.59391412162222 0.344244708912447 1.8642341287341 0.30470079164952 1.50365864438936 0.347511045122519 1.31456378498115 0.452171694906428 1.27689694939181 0.346584431407973 1.60050255456008 0.459581731213257 1.01449337904342 0.442005256842822 1.09011044586077 0.466702678985894 1.68602947238833 0.382614236976951 1.09187438362278 0.377882529515773 1.10123010491952 0.308954322524369 1.54768338403665
776.487 1.14554893015884 0.356206360924989 1.88741461676545 0.419583963276818 1.25230623059906 0.37492279112339 1.7901616524905 0.414841665234417 1.87389243487269 0.4406145314686 1.72529491689056 0.35247829281725 1.77765258075669 0.335730187222362 1.78940910054371 0.358243633620441 1.41839678585529 0.445572789851576 1.3817890889477
819.879 1.87711419770494 0.304824060387909 1.7385538793169 0.426747095119208 1.31705692154355 0.404254456050694 1.20437595737167 0.49922425057739 1.81583148799837 0.318677101889625 1.74602378951386 0.327081175195053 1.85935978638008 0.383688705135137 1.73825188702904
827.154 1.7570952414535 0.394324524886906 1.02860492258333 0.312959677539766 1.2640240653418 0.374864556686953 1.27757053938694 0.381515585817397 1.97261444688775 0.461001401115209 1.88389006932266 0.492513560457155 1.25295714917593 0.457109218975529 1.1176641471684 0.44675525422208 1.85510980617255 0.471832146728411 1.68027037917636 0.432071681134403 1.62187665142119 0.408949506422505 1.1905879850965 0.392847388703376 1.10647603799589
848.63 1.86756190331653 0.341098688868806 1.94708192814142 0.331704345345497 1.54824949521571 0.375802071997896 1.21335432375781 0.420323937386274 1.80411896086298 0.342848347546533 1.00106766284443 0.303528109006584 1.69109008111991 0.471440928382799 1.23592975665815 0.402228346373886 1.23637161473744 0.416080333013087 1.70004151342437 0.318628012156114 1.64907143614255 0.320937826856971 1.60820883931592
906.763 1.78823013999499 0.332025593239814 1.50505097373389 0.490098772058263 1.72382143838331 0.361553452536464 1.27746683452278 0.455137992743403 1.33759991894476 0.423882825905457 1.03428341029212 0.355655347229913 1.14553575147875 0.498204452823848 1.22207917482592 0.362405602401122 1.94396502152085 0.302547554671764 1.31362020969391 0.378190568089485 1.25626752688549
911.491 1.05923998029903 0.325203282944858 1.34194583562203 0.327311538066715 1.43218679935671 0.377379113202915 1.23375708051026 0.478870008792728 1.26720153284259 0.438377713086084 1.99520426010713 0.484551515756175 1.65449490980245 0.307512371288612 1.1647344881203 0.408230698201805 1.48819760046899 0.374272101838142 1.50705704139546 0.465265217470005 1.99391606939025 0.339540176279843 1.42416832689196
917.822 1.64313423843123 0.440981176681817 1.11997925722972 0.382609854266047 1.49436369840987 0.49576438292861 1.03582590562291 0.488735465053469 1.07654843316413 0.322292034514248 1.18466496514156 0.400913837132975 1.83593907370232 0.437026946805418 1.17042110394686 0.430931138200685 1.70013873139396
937.048 1.93705954961479 0.393313492182642 1.54182991757989 0.32178139728494 1.62020892906003 0.388270005071536 1.46466255374253 0.370012087421492 1.84327893494628 0.409203799255192 1.8361073017586
958.637 1.11606910196133 0.330492278886959 1.88563225604594 0.393590042926371 1.6614548151847 0.438843585085124 1.6938686023932 0.478907496063039 1.44258488784544 0.490168937388808 1.66347375465557 0.315020444476977 1.64459770987742 0.382254564156756 1.8124859156087 0.411941205011681 1.39163674297743 0.32335361414589 1.50367836840451
996.689 1.31687201629393 0.316682333406061 1.47390321386047 0.404741754662245 1.65086255851202 0.353539886744693 1.16557253105566 0.319847600162029 1.3114341464825 0.372782567795366 1.99320161575451 0.45228389208205 1.49357081111521 0.390318808425218 1.84546189638786
998.581 1.67956403968856 0.402851073071361 1.12364626140334 0.415059158112854 1.9919942880515 0.456944062421098 1.82800331618637 0.370182194421068 1.04987218789756 0.461644457979128 1.90121848718263 0.489850143482909 1.3903327039443 0.320562135754153 1.25639910507016 0.440625559119508 1.90158554539084 0.325130861531943 1.04646073817275 0.309654172556475 1.32227553846315 0.359342881478369 1.41052940860391
1028.28 1.59482220583595 0.495815286226571 1.2049127058126 0.321565948333591 1.01965845609084 0.357241568854079 1.64119634171948 0.384571202006191 1.17384310252964 0.448908752854913 1.07760196691379 0.488348460104316 1.20675092097372 0.459662304539233 1.150015295716
1086.05 1.84080962184817 0.337297348724678 1.1591492514126 0.359233809495345 1.33268405916169 0.479735102038831 1.41703831474297 0.350288472697139 1.9964587551076 0.429625303437933 1.53497647424228 0.456581096025184 1.61134637496434 0.4130538654048 1.1212938092649 0.345339603163302 1.19673915929161 0.381961143715307 1.81162107852288 0.454138525109738 1.36696261144243 0.325948432227597 1.23631083918735 0.358406793279573 1.38054583012126 0.426466319197789 1.48580726794899 0.380672201374546 1.46888767951168
1091.62 1.63047795556486 0.442906120978296 1.16424166527577 0.483189699286595 1.2391864801757 0.306949145672843 1.50177151965909 0.469665511557832 1.83870425308123 0.486962295463309 1.23565349564888 0.444283375935629 1.43347868043929 0.37933377395384 1.15345451352187 0.388441328005865 1.86089816060849 0.444027526909485 1.72160651255399 0.356578012136742 1.35040235891938 0.337170020956546 1.11253360821865 0.475705214450136 1.40684794634581 0.397701704362407 1.89108971133828 0.3636696560774 1.20533811999485
1109.5 1.58156585600227 0.373236752906814 1.07394478097558 0.386540552042425 1.63057329761796 0.336899178428575 1.45618886756711 0.333242265786976 1.00243225763552 0.385998749826103 1.73580399015918 0.301522059226409 1.47198714851402 0.368277467601001 1.24338383926079 0.404284942382947 1.40803541941568
1118.24 1.89874959504232 0.364444620953873 1.05797812272795 0.398677404038608 1.55949896969832 0.379569372534752 1.60100041329861 0.472055165562779 1.31573922932148 0.356385630974546 1.86527091241442 0.388704381417483 1.22139270603657 0.458677356364205 1.14834525925107 0.366950044315308 1.62855435418896 0.350946514774114 1.12520623998716 0.382195676490664 1.99429035559297 0.39406570866704 1.80479214270599
1136.47 1.32713109347969 0.472545922128484 1.57703986926936 0.449397117458284 1.39576271199621 0.385839914437383 1.6504326146096 0.351653176127002 1.38131138635799 0.439419227046892 1.88458384550177 0.497735682083294 1.18655971437693 0.364873844431713 1.88053332851268 0.409431862412021 1.66771484259516 0.354000629857183 1.17347291321494
