# Using the following values to generate the workload:# num_procs = 50
# mean_io_bursts = 10
# mean_iat = 25
# min_CPU = 1
# max_CPU = 2
# min_IO = 0.3
# max_IO = 0.5
34.9942 1.62542935390957 0.338693503243849 1.0257851567585 0.360087587172165 1.95373891969211 0.385100936843082 1.95253320946358 0.48492700625211 1.41607545060106 0.359553745063022 1.39558147569187 0.313372186757624 1.78439074847847 0.432981026172638 1.42292527249083 0.492354789655656 1.06138168694451 0.342999609606341 1.60857558390126 0.494594031805173 1.40091366227716 0.397695252997801 1.31622451241128 0.491733288532123 1.25785216572694
37.4172 1.54960316023789 0.312046901136637 1.45031880680472 0.332942406926304 1.72559147514403 0.494743723934516 1.43408566224389 0.442558578867465 1.62385500990786 0.351268956577405 1.03216192801483
37.9778 1.84373308042996 0.459809871250764 1.34546291898005 0.402759162988514 1.7952385309618 0.378810828411952 1.1896332744509 0.316713997395709 1.47375333216041 0.445711614517495 1.8693288511131 0.358772871829569 1.71958327456377 0.405508003383875 1.22810363722965 0.382701545301825 1.19091328582726 0.486565359216183 1.83693581121042 0.428184827929363 1.06302032060921 0.404271728219464 1.31576782953925 0.301516234129667 1.21970042726025 0.355417635338381 1.70900166104548
65.6752 1.79655935475603 0.428166153421625 1.81845248350874 0.453969999775291 1.69128706818447 0.405459801713005 1.62273341696709 0.467447614949197 1.19072550581768 0.358823938108981 1.84150459012017 0.342660855036229 1.95859279599972 0.410001510661095 1.34689418552443 0.459890028228983 1.2575416858308 0.427277989313006 1.6112878699787 0.498294955864549 1.68574203411117 0.489993970142677 1.57344157644548 0.486402340652421 1.8138788943179
114.846 1.50248326337896 0.476547836465761 1.03384286467917 0.484557496802881 1.23227544268593 0.439924013055861 1.30670547159389 0.322631969582289 1.28387071937323 0.413712606439367 1.52868077927269 0.39182292916812 1.55095452466048 0.486286646919325 1.36416987236589 0.304838146921247 1.94773739948869
121.132 1.28729024762288 0.455858838791028 1.8540200679563 0.425003024516627 1.70724990079179 0.352619744371623 1.90916311042383 0.415125327417627 1.29056903766468 0.448303489433601 1.30553732835688 0.407777433563024 1.38285942701623 0.353436878789216 1.05524244951084 0.38998421067372 1.81679706601426 0.493082187930122 1.82281225407496 0.316643651109189 1.93164847535081
134.737 1.157710573636 0.360938520822674 1.52110733720474 0.366783265676349 1.25364164356142 0.372382300905883 1.72896349360235 0.39741163388826 1.58022002829239 0.433039514860138 1.64985375874676 0.361108759604394 1.46208148240112 0.46598692946136 1.37711152178235 0.341180114168674 1.93289116444066 0.467607094626874 1.38463482446969 0.394926016964018 1.53445479273796 0.355966957472265 1.51933947275393
147.236 1.75621955771931 0.340904812328517 1.11984953680076 0.49093130864203 1.34079775610007 0.433463671337813 1.15437451330945 0.384680122882128 1.07133706612512 0.308272711047903 1.59875063225627 0.430542189767584 1.62586964340881
173.472 1.15535634290427 0.324083185568452 1.03053561598063 0.455869151325896 1.17624260368757 0.42731881448999 1.80068003688939 0.437288536783308 1.68250363739207 0.456338465772569 1.0244681565091 0.475688310712576 1.72011739318259 0.47701630727388 1.62143452791497 0.32739758384414 1.59401367767714 0.440506640588865 1.49166268086992 0.324980152351782 1.76651484239846 0.363944412022829 1.84054157650098 0.495886419480667 1.45456868642941
191.07 1.16479096957482 0.376693366793916 1.57331426488236 0.311762012308463 1.83677087305114 0.431351152947173 1.55309893353842 0.304671368654817 1.29125364427455 0.310731149604544 1.72289310046472 0.333367116143927 1.51322915428318 0.321949704736471 1.78588915220462 0.415386580629274 1.7512164900545
221.612 1.9136681300588 0.497525906329975 1.67174652568065 0.486576415598392 1.58095134026371 0.443025261675939 1.95670039672405 0.391951189655811 1.30365360202268 0.3618602107279 1.35060465615243 0.408493680041283 1.35571449785493 0.468183345161378 1.17176484828815
235.395 1.72785408422351 0.49105039970018 1.23128362116404 0.488342166924849 1.19611432543024 0.310236434172839 1.84460673457943 0.490906886197627 1.46998275187798 0.303623959235847 1.73676888807677 0.415885434346274 1.57232862408273
265.64 1.06852341582999 0.381008515041321 1.8177172858268 0.322070177271962 1.41955993976444 0.326924561755732 1.74224265082739 0.400637640850618 1.46837788401172 0.465905663464218 1.1738131234888 0.357284955913201 1.53579473705031 0.499524811515585 1.7523131519556 0.3000483895652 1.68964834441431
265.995 1.6004723443184 0.423905745055526 1.70581604028121 0.312537642382085 1.41878057993017 0.461549067636952 1.92064237222075 0.386235082894564 1.78407677263021 0.472942010127008 1.81717804027721 0.46909031807445 1.63458615448326 0.362641151202843 1.27946239802986 0.37049655187875 1.42531447764486 0.300374316610396 1.00167064042762 0.372222038265318 1.38231605174951 0.341195986419916 1.93451226130128
292.035 1.07741089933552 0.41609137407504 1.45361353154294 0.415764618618414 1.56132371956483 0.463455246435478 1.14523751009256 0.416651784395799 1.23204652545974 0.329953253315762 1.9442814651411 0.465620905393735 1.54677742579952 0.459592387918383 1.12802257481962 0.46450649285689 1.34349833778106 0.350750930421054 1.54916663840413 0.451167676690966 1.39256739174016 0.492113675735891 1.76945922733285
323.399 1.69505118764937 0.362446170905605 1.2618913766928 0.405514600221068 1.36376022873446 0.383230849402025 1.24748791148886 0.37251294082962 1.63043702021241 0.352498904895037 1.30543789011426 0.397122734971344 1.99168942891993 0.45467297998257 1.58755966066383 0.35820084027946 1.30022187763825
326.643 1.92394621716812 0.326442676316947 1.47445482946932 0.335655028140172 1.19535668054596 0.353769442299381 1.29059347533621 0.462977993534878 1.7436573964078 0.357997917849571 1.87101485673338 0.419612470734864 1.41961394436657 0.459374732570723 1.42497092694975 0.467938592843711 1.847347243689 0.359923593094572 1.59256552788429 0.410326607292518 1.23312972811982 0.33355687498115 1.81290893093683 0.381800284329802 1.34094627504237 0.494547912012786 1.47260912135243 0.333107908535749 1.79901222651824
334.772 1.36270674550906 0.302901909407228 1.58150956081226 0.45257117440924 1.28704133629799 0.443684744928032 1.00691592344083 0.36213210830465 1.13605154212564 0.340910456888378 1.86125608743168 0.410900562163442 1.19525985606015 0.323315632669255 1.12499191821553 0.335444772196934 1.36686426424421 0.382285174448043 1.36876384099014
335.078 1.13621281739324 0.481909123482183 1.92876236978918 0.366848357766867 1.50576529977843 0.355858999863267 1.00871506915428 0.327604146301746 1.42853902257048 0.300276483176276 1.75708342622966 0.322540844045579 1.08763066167012 0.328032916784286 1.48321823799051
342.266 1.32680309773423 0.472548035066575 1.34397629811428 0.308490257337689 1.35413386323489 0.491475197253749 1.63116394216195 0.337348328717053 1.9109009290114 0.31226331689395 1.28872651536949 0.441786567727104 1.00335304276086 0.448624406894669 1.94193321466446
375.044 1.34421414020471 0.456896991003305 1.36746632005088 0.326417287020013 1.4787088483572 0.300300624826923 1.98495365562849 0.472537983860821 1.53385303798132 0.492352809058502 1.00414695218205 0.461949136294425 1.28076751693152 0.49053220693022 1.8425222588703 0.383385775145143 1.35884410724975 0.448009088262916 1.19278696202673 0.334125395072624 1.67965573980473 0.332433424843475 1.55091318301857 0.331989689962938 1.23375731450506
387.874 1.27891903137788 0.361154234455898 1.14459406142123 0.403333578025922 1.94228112371638 0.428199977101758 1.75099895475432 0.479690074780956 1.36897314712405 0.431428936403245 1.91501948446967 0.392931321496144 1.892598539358 0.424666280858219 1.47021567984484 0.49424994001165 1.67850528866984 0.481217005290091 1.37827907246538 0.421084285480902 1.75269845919684
405.074 1.38989620329812 0.366608764883131 1.9018945985008 0.329111818782985 1.48586424719542 0.30863661984913 1.96757221384905 0.353494331333786 1.53290923614986 0.451913002878428 1.99278944474645 0.34808917180635 1.7340358782094 0.399533594865352 1.49879440409131 0.477981558023021 1.80431874492206 0.303441548394039 1.73623239109293 0.392472842754796 1.78611753461882 0.385280874324962 1.78529844712466 0.409011754998937 1.19234046759084 0.356248576380312 1.67549980455078 0.422579738032073 1.79449682775885 0.37647332479246 1.03457468561828 0.484657249972224 1.88712465041317 0.33529513492249 1.85469271917827 0.304377870913595 1.77796884672716 0.334510211879388 1.68466330040246
424.864 1.31356035731733 0.403466186672449 1.1091169915162 0.482457639463246 1.06473913206719 0.317686799680814 1.99437040672638 0.463994767796248 1.94039415917359 0.477585490839556 1.45139188691974 0.334779558284208 1.5163113353774
436.74 1.17182750394568 0.464386231731623 1.57162087364122 0.459386037150398 1.30644182185642 0.311557701416314 1.83322924445383 0.468261187477037 1.41053719678894 0.381851075589657 1.35420060087927 0.434469270985574 1.21697041229345 0.366843505017459 1.48574088630266 0.358478539902717 1.8381086322479 0.409428357100114 1.17746712150984
437.748 1.15172028448433 0.453823023242876 1.5462610067334 0.374761963123456 1.65592847042717 0.445659206015989 1.63632140285335 0.386578138498589 1.41665899567306 0.372549555683509 1.62392329075374 0.478707573097199 1.65327851730399 0.412716723559424 1.86611094675027 0.499946241034195 1.53296022466384 0.453047372074798 1.73416107380763
459.935 1.62928788224235 0.304271794995293 1.5185710657388 0.463949529454112 1.82162047643214 0.422185767954215 1.50690404232591 0.486900332337245 1.46518827229738 0.314585097134113 1.24287335132249 0.41998768215999 1.28345677745529 0.335459721367806 1.08415499562398 0.492811267822981 1.7669874841813
486.515 1.60693488200195 0.472522891685367 1.04803874436766 0.347617588192224 1.15833157929592 0.416712724789977 1.23396618966945 0.49753096695058 1.59924476500601 0.371350385062397 1.99090332584456 0.373422813555226 1.86635896074586 0.497824655519798 1.1541604551021 0.352688564918935 1.54703147895634 0.446400802861899 1.91526522440836 0.333880878938362 1.3233554053586 0.395326355472207 1.38044202607125
486.842 1.6146565915551 0.301465755375102 1.03617661702447 0.394868407864124 1.56691379658878 0.35808419296518 1.04570809402503 0.362401972152293 1.66952815628611
538.285 1.02426455845125 0.304237263184041 1.70210108300671 0.374702808260918 1.83717044768855 0.495462601957843 1.12093560840003 0.456712055951357 1.33526359987445 0.306822312716395 1.64434138149954 0.300332535197958 1.43060659687035 0.486643156083301 1.30797911202535 0.404963273508474 1.19773130305111 0.497313201287761 1.23025839868933 0.382771926838905 1.15585868363269 0.357876448705792 1.30390707287006 0.305926008103415 1.98182433354668 0.471868321113288 1.10218828287907
617.318 1.63772479910403 0.430368797574192 1.21148351044394 0.425666579650715 1.25710571440868 0.323652928275988 1.07559180282988 0.471213756827638 1.15577813982964 0.443040872039273 1.26367914862931 0.463113188231364 1.95440952130593 0.331206270027906 1.74805144662969 0.350304967910051 1.06064979848452
644.414 1.42025545844808 0.415662467712536 1.30655138939619 0.47534712725319 1.31392983370461 0.468737975601107 1.81654904829338 0.387581530306488 1.50097398925573 0.428777465038002 1.91855991026387 0.329182984959334 1.49078620504588 0.344530566921458 1.67810977832414 0.385013519693166 1.60373964719474 0.476514870999381 1.56344909826294 0.381826024502516 1.20636137900874 0.44811307573691 1.79152173083276 0.389487512689084 1.83743219752796 0.48163616610691 1.21313063544221 0.452738612517715 1.9224730420392 0.314026551507413 1.0711232884787 0.486348071321845 1.15654817735776 0.353251768136397 1.06431572488509 0.459056849684566 1.99893669807352
700.871 1.74588594678789 0.412432281766087 1.07469412242062 0.430973005434498 1.94432230293751 0.345561835961416 1.29248888371512 0.403328410582617 1.81968447938561 0.333843217650428 1.56363352481276 0.443166070990264 1.36427535233088 0.357749888999388 1.3863606476225 0.382479289453477 1.12482545454986 0.33826328581199 1.9320509636309
749.815 1.57208926370367 0.455110436305404 1.73193137277849 0.375380963599309 1.8710376622621 0.339605950098485 1.00245606410317 0.322319812187925 1.62101154401898 0.344667098252103 1.20122909825295 0.433910893276334 1.27129276050255
753.652 1.72649974469095 0.488251755014062 1.93065760447644 0.333779584430158 1.08749724947847 0.301550736604258 1.57334400131367 0.460883387830108 1.13064462598413 0.458005879772827 1.026867256267 0.432049053488299 1.68345599249005
806.018 1.90690419566818 0.400788476271555 1.59780213283375 0.307497350918129 1.35781725682318 0.464310132339597 1.5131684364751 0.402616794733331 1.40171146881767 0.421268523856997 1.61703185387887 0.361052759736776 1.02015802450478 0.338704765075818 1.53859318816103 0.409347809990868 1.29233103431761 0.475206908024847 1.75202409178019 0.346120244637132 1.82442903029732 0.311695785401389 1.67526716925204
834.71 1.4170528666582 0.481844233069569 1.95671525900252 0.466700664488599 1.34661771100946 0.486512742098421 1.29970813007094 0.324762509856373 1.49646216863766 0.319618366425857 1.49974140082486 0.321398833626881 1.30114010162652 0.408072854066268 1.0519014026504 0.408180698053911 1.31660708831623 0.465839529410005 1.18621177296154 0.384682455705479 1.93417202844284 0.328421736694872 1.74816141789779 0.345455498062074 1.81817652331665 0.412787249498069 1.12213476514444 0.432020258251578 1.33138079498895
873.947 1.01347326813266 0.320606236439198 1.96716589597054 0.397726285504177 1.79629121464677 0.367014424875379 1.50900644552894 0.454421831993386 1.65254296106286 0.311539648193866 1.38504375703633 0.318108227942139 1.62605061987415 0.402608715742826 1.6368089444004 0.495811875583604 1.70717605669051
882.349 1.81930354982615 0.457138706557453 1.56647649873048 0.453519723191857 1.8196666277945 0.378105002455413 1.42343265935779 0.425354621233419 1.23477829596959 0.3932791672647 1.27810764010064 0.417365665268153 1.19179399125278 0.426559546031058 1.15366890863515
930.189 1.25465463288128 0.482119209691882 1.67071381560527 0.430504083586857 1.93739856709726 0.310150019265711 1.05562886828557 0.451222946075723 1.69155538734049 0.413556112488732 1.41751725063659 0.485047287959605 1.28135225269943 0.439101387793198 1.23241636599414 0.329144488787279 1.9420600743033 0.33442396200262 1.8349043764174 0.345486557623371 1.1674857896287 0.407433208776638 1.92618258786388 0.367593332752585 1.77325895917602
949.776 1.81025961996056 0.375746511248872 1.36655027139932 0.308695567166433 1.27367010107264 0.42073534661904 1.22264747461304 0.448566197557375 1.40533910575323 0.400409209402278 1.95496463961899 0.389505159994587 1.82145885820501 0.327882286021486 1.22016393044032
1023.78 1.04129028157331 0.335819136723876 1.98703411384486 0.399054082250223 1.10370665136725 0.433365983283147 1.34729270637035 0.489091107342392 1.04704515589401 0.406416718056425 1.77560062077828 0.375342048658058 1.01600388227962 0.42552436334081 1.43649912020192 0.373717171978205 1.30955716548488 0.463750317739323 1.20431908941828 0.493939465330914 1.8608349757269 0.314342338265851 1.44832856394351 0.496496018720791 1.70685896230862
1036.91 1.40271356445737 0.301452209195122 1.59850716823712 0.356091241165996 1.39359170664102 0.361631755158305 1.3999969093129 0.340837881527841 1.38887553522363 0.449299382977188 1.02445063157938 0.492025558976457 1.1461434175726 0.352275409782305 1.07932159397751 0.338858783245087 1.12355125276372 0.305256634950638 1.7285345189739
1096.4 1.12061061919667 0.430903932452202 1.8897361967247 0.35626217648387 1.0325819409918 0.412241387460381 1.89640005934052 0.499958397354931 1.02333286916837 0.385056797973812 1.05200880439952 0.471206995937973 1.17816872079857
1100.35 1.6182390388567 0.375816902704537 1.0570799021516 0.418764497200027 1.5956653340254 0.436925733555108 1.35840325243771 0.302750467276201 1.90294012753293 0.332837671274319 1.6030881665647 0.459649050887674 1.17408040887676 0.384514894755557 1.34348333487287 0.475096161616966 1.45222987281159 0.399667285243049 1.38695060438477 0.362622973974794 1.79491843911819 0.437095020897686 1.91218817979097 0.469476015446708 1.86954122642055
1112.37 1.68922753981315 0.332180738355964 1.45454114465974 0.462092054262757 1.81834802450612 0.441258254740387 1.38754874817096 0.330345152039081 1.87392179085873 0.410934888292104 1.90833557909355 0.373320468422025 1.59346370911226 0.475456243148074 1.38256393186748 0.478877302166074 1.62779570696875 0.312818431528285 1.14471005927771
1114.54 1.84900208958425 0.311539282649755 1.02561078197323 0.424418979464099 1.09388996032067 0.441637081559747 1.53545241360553 0.383387318346649 1.96566584636457 0.335519252950326 1.98287662863731 0.474765931721777 1.33120929310098 0.320175534207374 1.47222056775354 0.317424243455753 1.26355647807941
1122.58 1.19690161221661 0.432877589063719 1.0435706237331 0.426275198673829 1.18544788402505 0.489000259106979 1.67113144742325 0.358443653490394 1.53799327975139 0.458112626848742 1.97785617550835 0.406873414665461 1.62664585420862 0.440025016665459 1.22137423092499 0.334523265669122 1.13854742469266 0.417131499852985 1.0942523914855 0.398948924522847 1.07661258778535
1123.78 1.97555844625458 0.320337181631476 1.76825732947327 0.373527266876772 1.46972271683626 0.498947863932699 1.75462865014561 0.364375037886202 1.92548092035577 0.466805948782712 1.19254515483044 0.354416412021965 1.46948309289292 0.452407124266028 1.58173874858767 0.404971267888322 1.91900775860995 0.386944340821356 1.03064586850815 0.46729299556464 1.81607831898145 0.364927735133097 1.51952097378671
1131.45 1.48480888083577 0.386314379284158 1.79662244790234 0.460320823639631 1.23039755411446 0.355285892589018 1.20837654476054 0.422236591996625 1.71688992134295 0.406301170308143 1.25170539226383 0.381414253218099 1.54150221659802 0.360989937186241 1.58629713929258 0.434351036930457 1.7825656963978 0.467243140377104 1.16407097037882
