# Using the following values to generate the workload:# num_procs = 50
# mean_io_bursts = 10
# mean_iat = 25
# min_CPU = 1
# max_CPU = 2
# min_IO = 0.3
# max_IO = 0.5
74.6192 1.13342634309083 0.476455238088965 1.71941928123124 0.426592644071206 1.88746384344995 0.307864031428471 1.33284354326315 0.447572701936588 1.72688468918204 0.472140807192773 1.74523721355945 0.344953332887962 1.03717356105335 0.426708522858098 1.6371988193132
111.406 1.41410861071199 0.435021452233195 1.56840716744773 0.340863056201488 1.39542253036052 0.478477716445923 1.07451096992008 0.373850672505796 1.03608378139324 0.41854271069169 1.55258610635065 0.496984068863094 1.85869848029688 0.468748103547841 1.35639461642131 0.393462648894638 1.25415471638553 0.317783877253532 1.01033496065065 0.372951178951189 1.33160039968789 0.336535673495382 1.02946394542232 0.406073263892904 1.32193258777261
130.167 1.00766916875727 0.375042204465717 1.74189873342402 0.492845225334167 1.1006718906574 0.306698724254966 1.74710318329744 0.384555702330545 1.19663566094823 0.493084562802687 1.85859621292911 0.335573765309527 1.55114806047641
205.632 1.82915661134757 0.439649344421923 1.43725971784443 0.37017255788669 1.90656330133788 0.362309927260503 1.84144053445198 0.422821335587651 1.6055560563691 0.390588934905827 1.68709224066697 0.452249914221466 1.318239151733 0.336419727327302 1.08643379271962 0.44571965537034 1.19781635887921 0.494700655853376 1.4868177510798 0.497210863046348 1.89402235508896
235.291 1.90972150629386 0.346705792890862 1.50115842698142 0.451383160986006 1.32923309109174 0.446028336603194 1.59121386660263 0.358900796761736 1.40317382267676 0.387099523795769 1.85743348998949 0.475275759352371 1.66921793599613 0.430598396062851 1.32489132485352 0.327768443152308 1.19504753220826 0.499475078750402 1.93159591010772 0.314328370755538 1.12165184831247 0.371796173648909 1.85174330929294
278.064 1.69256740598939 0.334286942752078 1.14579854626209 0.317417970951647 1.65029964386486 0.49780922527425 1.51085777557455 0.397008416801691 1.37525849696249 0.395505669433624 1.78014800767414 0.421846334077418 1.74641613475978 0.33638361422345 1.04000213602558 0.32336809290573 1.57230754382908 0.393161308346316 1.06726647913456
314.405 1.92307255300693 0.494420863036066 1.80133359273896 0.494030740717426 1.11319680442102 0.387938007572666 1.5615864819847 0.316759897349402 1.12623233208433 0.497960225166753 1.89089802373201 0.331015009339899 1.20684159407392 0.465299559710547 1.97853525565006 0.300218568649143 1.61767620057799 0.426590743660927 1.2864905721508 0.317137052072212 1.22233590111136 0.428503273660317 1.60725213796832 0.468828587513417 1.43278797040693 0.364502189774066 1.54216367169283 0.361700405972078 1.41994832642376 0.493273392459378 1.40465105348267
327.545 1.70532969129272 0.324718675762415 1.98054042155854 0.455495293159038 1.43097075424157 0.484167524985969 1.68615293176845 0.455753463925794 1.60362136177719 0.480335161089897 1.38577419216745 0.464405458793044 1.1318582247477 0.347159198159352 1.30388862942345 0.383601483982056 1.32836308050901 0.386397928232327 1.90854112734087
386.531 1.41192127740942 0.379365836270154 1.75787367857993 0.40605739033781 1.12641338026151 0.387372317584232 1.92391885723919 0.444020353117958 1.93333452544175 0.452786221727729 1.38851735694334 0.477393438806757 1.93270875979215 0.454240352846682 1.39214397058822 0.358655360061675 1.74163314793259 0.311925905477256 1.81923284078948 0.390592644689605 1.15013016783632
413.406 1.06242351280525 0.43973021665588 1.9880141990725 0.369825447769836 1.90123808849603 0.301471082214266 1.27908078418113 0.429872686276212 1.03808769444004 0.496853319974616 1.60912901558913 0.437213439587504 1.72309507755563 0.426875895168632 1.92128281155601 0.332015427527949 1.42596373101696 0.396952461823821 1.84272501221858 0.45293172779493 1.13944085361436 0.410653108730912 1.66041751438752 0.320457020727918 1.16031420510262 0.460693982988596 1.2188962502405 0.462990605691448 1.5911969281733
423.628 1.61949995299801 0.30187780871056 1.71211435971782 0.323849964654073 1.41894081421196 0.345253506489098 1.9210317528341 0.424233126221225 1.54493681131862 0.329159795446321 1.41589991538785 0.365105324750766 1.50999398715794 0.400954565219581 1.75305123161525 0.4667111906223 1.52682326780632 0.451666550990194 1.3429316105321 0.467238870030269 1.86931828735396 0.479906804393977 1.99242205731571 0.308925170497969 1.86631058924831 0.414853635337204 1.9769043228589 0.352209218218923 1.82713434728794
430.415 1.34670359152369 0.466116378642619 1.78819219698198 0.355311770830303 1.2785083942581 0.419642358832061 1.33660816168413 0.439931293157861 1.20166464499198 0.409953096928075 1.96185296890326 0.499479055358097 1.59552153735422 0.304998400108889 1.89988909778185
451.272 1.98191016330384 0.441654323833063 1.89134124666452 0.439053936908022 1.86828820547089 0.405036310991272 1.95214186329395 0.465516469208524 1.93497598660178 0.326633633626625 1.42230605450459 0.385359276505187 1.58210182841867 0.312351781362668 1.35594621184282 0.461532861972228 1.62520220177248
459.738 1.93340961448848 0.310411243978888 1.72455506329425 0.379174706060439 1.24275484634563 0.453399132145569 1.90263741649687 0.499984888872132 1.31754800537601 0.429638164443895 1.89501745067537 0.43230742868036 1.83009243058041 0.361230017663911 1.27460494241677 0.399062920408323 1.49749107751995 0.344508835347369 1.3672885124106
471.248 1.51615253300406 0.353763734735549 1.47351695387624 0.378704952728003 1.92528791562654 0.433620234206319 1.6444316112902 0.384389150748029 1.24110725987703 0.353572513861582 1.82718814443797 0.376479139365256 1.40630249562673 0.300536547228694 1.75075849913992 0.320434304745868 1.99613396800123 0.400760239735246 1.67635033023544
483.403 1.14548866078258 0.418042044527829 1.99132733885199 0.451231626793742 1.83337000035681 0.483746114512906 1.45962493401021 0.378665594104677 1.28418998443522 0.399750830745324 1.94087438145652 0.476403565146029 1.63399371528067
484.787 1.27024652133696 0.489396170293912 1.67224086914212 0.304846494551748 1.44537323899567 0.405278116557747 1.90589870465919 0.371329043572769 1.37560369586572 0.463238427648321 1.35682955454104 0.42437257305719 1.34500645729713 0.353804353950545 1.24040086334571 0.336987626412883 1.39744081743993
517.054 1.0903520770371 0.376885737897828 1.22820573090576 0.474451082386076 1.86330474237911 0.381649910705164 1.01441070390865 0.421478138212115 1.29406158672646 0.338970388052985 1.21646044473164 0.405567506188527 1.06804015790112 0.462033676169813 1.22200859058648
518.332 1.49565161881037 0.443899962678552 1.37210469925776 0.491700084600598 1.39758555102162 0.487064807862043 1.80345278047025 0.376924814935774 1.81526571768336 0.430927872704342 1.07021467224695 0.376549329748377 1.8268171006348
521.373 1.13475292804651 0.392845595208928 1.36092412867583 0.490810258407146 1.80835151718929 0.304171427944675 1.07106104516424 0.456303301639855 1.68040814273991 0.486057380912825 1.16341471346095 0.452440549340099 1.79992385371588 0.361142203537747 1.10494101420045 0.362344265170395 1.99225086858496 0.468501491192728 1.67155521223322 0.499324120441452 1.64246591879055 0.350177997769788 1.67801357340068
525.49 1.53549483115785 0.341849483782426 1.8912826331798 0.452140148542821 1.017809324665 0.449209998780861 1.5028754263185 0.357180955074728 1.55434661195613 0.478084004484117 1.41304167266935 0.44866160415113 1.07319591892883 0.372158304415643 1.03613527817652 0.449938492989168 1.746289875824 0.372447426058352 1.03677078220062
548.899 1.24086413951591 0.364847511099651 1.98497684160247 0.495213482435793 1.34950248105451 0.44702940271236 1.01195960654877 0.314737583557144 1.05402463115752 0.4938277839683 1.54222124977969 0.49747078018263 1.72834943584166 0.494602342229337 1.7585722678341
594.002 1.45224739052355 0.487924718856812 1.67664415482432 0.483789280848578 1.65915024629794 0.369977083010599 1.74897021986544 0.370290128048509 1.06549170194194 0.360917441966012 1.69754234049469 0.408490460645407 1.01296763075516 0.342263765539974 1.96873000892811 0.425654982496053 1.35378161771223 0.315767748840153 1.62613642844371 0.310142393130809 1.68404355016537 0.496791111305356 1.33701004949398 0.307046552281827 1.6163528400939 0.475125045888126 1.41229729726911
604.493 1.94077344378456 0.433062400855124 1.16485958755948 0.490469637978822 1.33602743083611 0.450633541261777 1.01497026789002 0.411941937217489 1.51801629061811 0.374929038668051 1.05393119715154 0.311453453823924 1.77543168514967 0.411240560607985 1.16407506447285 0.370409893617034 1.56868443312123 0.318044197699055 1.88539545959793
605.543 1.31227026390843 0.452936629485339 1.45823239535093 0.449217627057806 1.29123713937588 0.491086390893906 1.98969221767038 0.438184976065531 1.68583551282063 0.455188633361831 1.41593723301776 0.338327118754387 1.25821335357614 0.310854145837948 1.74526288802736 0.48180593191646 1.44584000646137 0.31352796824649 1.77311406750232 0.490894919866696 1.12307763798162
607.757 1.35240750410594 0.457581149833277 1.511483078124 0.332519498933107 1.95308367791586 0.490579541679472 1.68405823106878 0.352812920790166 1.30705309403129 0.38735565925017 1.99330083350651 0.318576958868653 1.63515856210142 0.412373281177133 1.76184776122682 0.301670841360465 1.86659986991435 0.492948416061699 1.50362996733747
616.799 1.08951791818254 0.409742063470185 1.56887657265179 0.358229587925598 1.14982633967884 0.483142085606232 1.53000621125102 0.425501072593033 1.68057928537019 0.381945474632084 1.44934386014938 0.419017647951841 1.77837363537401 0.391236527077854 1.35173812042922 0.434539502067491 1.92625382496044 0.435593335470185 1.55015468713827 0.321956493053585 1.31828118907288
663.677 1.92913428042084 0.49798756907694 1.98781432630494 0.369367815926671 1.42438189755194 0.302752754837275 1.23637337610126 0.32753470572643 1.40722497575916 0.402239473490044 1.60369580052793 0.392304906388745 1.57117955107242 0.388994266465306 1.90141040575691 0.497779287444428 1.69148641289212
724.907 1.49652136466466 0.354786715423688 1.70202508219518 0.300037179980427 1.87605232326314 0.337997163599357 1.08085164264776 0.447958279261366 1.88418799103238 0.326588048925623 1.57811212260276 0.328944274364039 1.69926625792868 0.3466545463074 1.55639572511427 0.366832433454692 1.75807301793247 0.425421476410702 1.0286265576724
777.807 1.31248883181252 0.375437150197104 1.0511168257799 0.421152099221945 1.89799796813168 0.473262995434925 1.77671022107825 0.324762736400589 1.77065527625382 0.373162760585546 1.01071927556768 0.335879482794553 1.88122513564304 0.314008919708431 1.77033494273201 0.370190039789304 1.84467766946182 0.380158735718578 1.09442120837048 0.31358819976449 1.28860963997431 0.477683641808108 1.62689756671898 0.359168234840035 1.76123912353069 0.380018496001139 1.25567176169716
785.109 1.93058021971956 0.380896926298738 1.2988437670283 0.324008785374463 1.55864322418347 0.473750115605071 1.87798815988936 0.354157580528408 1.52633069758303 0.452647728053853 1.13281771633774 0.486864450247958 1.96295748348348
806.927 1.59569137520157 0.319334692321718 1.36937520629726 0.38882861174643 1.47907908912748 0.481098829675466 1.89122187020257 0.444921746011823 1.45492863329127 0.442835208168253 1.95971150603145 0.487425130605698 1.86962977983057 0.310582616366446 1.84128846297972 0.459616688173264 1.16644917009398 0.373555599199608 1.35354778263718 0.341579921776429 1.84093066491187 0.423586206091568 1.69897439400665
809.927 1.83990532904863 0.405080648232251 1.4128865422681 0.445535008236766 1.3176314367447 0.327338355546817 1.12684657331556 0.358633515797555 1.09635669132695 0.479466347023845 1.41193976183422 0.423643573559821 1.71427340479568 0.414000864513218 1.33310165791772 0.337085293000564 1.0213377228938 0.40755466981791 1.42590473289602 0.396669602207839 1.35443829372525 0.420041858032346 1.45243687811308
841.919 1.38393470877782 0.377859859541059 1.43532581627369 0.497922330722213 1.42482556402683 0.30052978945896 1.87421125476249 0.326097212778404 1.95722798653878 0.470089699421078 1.94261376094073 0.411220713658258 1.02353800926358 0.482364905113354 1.97279935283586 0.414383460581303 1.90069849579595
854.049 1.6777034769766 0.378400512691587 1.66776508186013 0.468401511339471 1.06924433121458 0.303601263975725 1.89017508691177 0.327739467145875 1.26189480139874 0.346370077133179 1.02455607242882 0.376400558883324 1.14396698772907 0.456197415059432 1.31715085590258 0.480288233049214 1.02183246007189
873.465 1.52376137464307 0.391773662576452 1.63786721020006 0.49829672970809 1.06844807299785 0.415414388431236 1.5044245950412 0.32374498816207 1.64788755355403 0.390861748997122 1.24002167140134 0.42651793747209 1.7754237530753 0.487140787765384 1.88265959918499 0.395313951512799 1.77890884294175 0.442962600290775 1.89706338639371
909.975 1.69999120174907 0.491160863870755 1.12522058864124 0.373431340837851 1.93907599779777 0.321810736414045 1.70597237185575 0.334549680259079 1.55699079367332 0.490486061293632 1.2287118548993 0.304225324094295 1.31354612158611 0.342985541326925 1.66196295106784 0.34631386497058 1.11895132251084
960.632 1.66219811677001 0.434577751578763 1.33890121104196 0.430229728017002 1.02222732896917 0.352097644284368 1.50241143908352 0.457622446492314 1.43027114123106 0.470198208885267 1.1918741913978 0.394538359483704 1.55430237948895 0.462828292371705 1.00952798104845 0.476527787186205 1.3213526585605 0.400576621806249 1.71391743654385 0.420206981431693 1.96594930556603 0.434436734719202 1.11396978585981 0.46218985831365 1.76792390481569
1001.19 1.79297928325832 0.414528161101043 1.48190854303539 0.497288811858743 1.32675319979899 0.413330622622743 1.55952180479653 0.346789801772684 1.01444226992317 0.486147036543116 1.98575381818227 0.40868726647459 1.96827899827622 0.311191782401875 1.00612288690172 0.386918250145391 1.13439585221931 0.3829328476917 1.93146209977567 0.382980911293998 1.006704460131 0.412232252163813 1.19547488284297
1011.63 1.45234716217965 0.398144141072407 1.94090146338567 0.303428558539599 1.32843822869472 0.333290677471086 1.02071813587099 0.47995901289396 1.94415570260026 0.439447755319998 1.37597220996395 0.371889689657837 1.51851312047802 0.451079171476886 1.49520245892927 0.438531503686681 1.46587099810131
1024.45 1.88159920834005 0.351038232399151 1.96008577593602 0.406650319555774 1.39669509767555 0.377052045380697 1.42013799911365 0.311668259371072 1.74719549389556 0.411886881152168 1.2791921235621 0.408526853984222 1.79962759907357 0.467325931601226 1.63912610709667 0.386073977220803 1.08095013001002 0.323763177543879 1.86999807320535 0.390886857919395 1.05674046766944 0.481772065954283 1.45817994233221 0.364875908335671 1.47000373248011 0.385034815128893 1.70635577943176
1074.74 1.38327090395615 0.404431446734816 1.43661987362429 0.48818002617918 1.7312485021539 0.34943123459816 1.59241349319927 0.477267583878711 1.80597373656929 0.406982384156436 1.15948764863424 0.333701384440064 1.09390173922293 0.321803256869316 1.22252037795261
1118.87 1.97977678896859 0.317347736144438 1.00987269193865 0.44882920384407 1.93418876733631 0.408038665773347 1.79135191580281 0.37358626043424 1.4080637327861 0.372188292024657 1.4137528326828
1153.72 1.87154294014908 0.480469335708767 1.55716639803723 0.398280050978065 1.82969193044119 0.487270384235308 1.90131446975283 0.373428296204656 1.33423959929496 0.349604072934017 1.4745268272236 0.381917310785502 1.2495346753858 0.441679145768285 1.69558610394597 0.340211239689961 1.03817977500148 0.485560526372865 1.81382914166898
1167.06 1.82433760073036 0.482182974042371 1.70880165672861 0.318408521311358 1.68897219118662 0.366460391925648 1.04188366513699 0.3709766138345 1.40052999998443 0.372310175048187 1.23374236002564 0.414265969442204 1.83839912945405 0.489510219777003 1.40029295627028 0.367890214454383 1.7915429067798 0.489116679411381 1.91945364954881 0.445630263490602 1.49112961138599
1252.96 1.99656113842502 0.436185604985803 1.45765158580616 0.437644018325955 1.02301950007677 0.417288487777114 1.84833412780426 0.350291390158236 1.70806502527557 0.400238270219415 1.73438779218122 0.328917237510905 1.94186866167001 0.422786218859255 1.56766295270063
1255.52 1.73484674235806 0.3665215913672 1.97444379562512 0.472219968726859 1.36511827888899 0.338165045762435 1.3019558491651 0.323724347446114 1.24930755305104 0.416488447831944 1.03199288784526 0.346345439506695 1.01045943447389 0.385135265439749 1.08546196599491 0.487142976559699 1.62686915206723 0.33765381812118 1.89425808540545 0.39617445631884 1.67177201318555 0.468443823419511 1.72367649222724 0.44105182737112 1.84711861261167 0.485396710503846 1.29994097864255
1272.16 1.77516087493859 0.366136962594464 1.61528413719498 0.385419112630188 1.5203529803548 0.420841203164309 1.56256796396337 0.322183951782063 1.66116352356039 0.315517998859286 1.21299228956923 0.343638057168573 1.15812224335968 0.387799069751054 1.8934349429328 0.319650843832642 1.66242094058543
1302.86 1.25040448806249 0.353627949999645 1.53408954967745 0.38252445445396 1.10216869809665 0.494939296552911 1.21529235038906 0.409207022516057 1.33518140483648 0.319275489402935 1.71127529093064 0.398148907721043 1.89413741929457 0.316386058926582 1.41978173935786 0.390552966017276 1.48035449208692
1315.09 1.34711824730039 0.434427473600954 1.72167162410915 0.453160260338336 1.11440472514369 0.344408069876954 1.66219312837347 0.37610768834129 1.99147462029941 0.424393948027864 1.08101694053039 0.41719929841347 1.12248849123716 0.467908296221867 1.41118198237382
