# Using the following values to generate the workload:# num_procs = 50
# mean_io_bursts = 10
# mean_iat = 25
# min_CPU = 1
# max_CPU = 2
# min_IO = 0.3
# max_IO = 0.5
15.4908 1.00395837402903 0.395507375570014 1.86178301018663 0.33032226213254 1.11278118332848 0.396421926002949 1.21226166794077 0.497573384968564 1.48527524783276 0.300455262931064 1.58310367329977 0.48387441043742 1.72012171894312 0.478014200879261 1.40621333825402 0.406107692467049 1.41029085661285 0.312772375298664 1.68064740742557
29.6643 1.68259009928443 0.431099362624809 1.03964273328893 0.412569545721635 1.53781168861315 0.47116967253387 1.03147474653088 0.401901783142239 1.63107226160355 0.432256346568465 1.59690270666033 0.317971476260573 1.3942425805144 0.484467756748199 1.08522272482514 0.484092836035416 1.83967550098896 0.362070979224518 1.1672850549221
39.8204 1.02806625608355 0.369224130176008 1.33054127870128 0.310310613131151 1.69791956315748 0.479731163522229 1.35659079207107 0.493390939990059 1.09964008303359 0.409755757637322 1.40308564016595 0.41552476012148 1.03427372779697 0.475904331263155 1.86648206086829 0.412712264759466 1.36982991476543 0.359889493370429 1.61104953545146 0.416759780794382 1.63350604381412 0.361160612897947 1.48936727503315 0.425035334704444 1.57436497113667
41.28 1.43819150445051 0.460385660175234 1.61261300859042 0.390817907359451 1.27390477387235 0.355775271449238 1.29725200589746 0.327274978486821 1.84548134054057
83.9916 1.22187412343919 0.41234315847978 1.55540684680454 0.372793219797313 1.09367577196099 0.427679922478273 1.10810466040857 0.484394118143246 1.57743536867201 0.401146459812298 1.27646694309078 0.392978795897216 1.56517284293659 0.350575127406046 1.278759454377 0.382504191622138 1.30884820735082 0.473082028562203 1.94151366106234 0.400182428956032 1.80551145086065 0.429424335388467 1.46826508175582 0.311013260809705 1.36031949776225 0.393966267211363 1.98159621376544 0.32628245074302 1.07565165124834
108.932 1.21167563740164 0.312731389002875 1.4415176496841 0.44042625608854 1.70749320089817 0.427268239529803 1.64551724283956
139.983 1.74298743554391 0.493236906733364 1.50410983385518 0.439370021177456 1.94877218524925 0.364106318727136 1.26693714899011 0.459471053304151 1.04547923128121 0.363656061282381 1.84653690783307 0.455786219798028 1.32548016076908 0.354384320741519 1.23934115492739 0.404272275231779 1.35363121144474 0.4431286633946 1.42266262276098 0.378087540017441 1.6464646239765
183.817 1.16061196476221 0.391529605025426 1.18524086289108 0.436655348958448 1.40448535047472 0.412759165233001 1.73639190057293 0.408968372503296 1.18282621842809 0.463783575687557 1.6971328521613 0.460485508712009 1.68156571662985 0.400906066410244 1.15896554407664 0.367505228659138 1.49193772650324 0.368351269513369 1.69727264507674 0.470918550016359 1.45787404477596 0.445462603494525 1.90185404685326 0.433032829873264 1.155565779889 0.397472203522921 1.81378268124536 0.392962468694895 1.5511549548246
217.862 1.53185665770434 0.497257246216759 1.52963623730466 0.478304164903238 1.47291076066904 0.482440768508241 1.43665483081713 0.410379392514005 1.5726950452663
226.726 1.81312037096359 0.341474198689684 1.50646743131801 0.399991741823032 1.2160871445667 0.420533493580297 1.24530910304748 0.479470941843465 1.70050457515754 0.323981033591554 1.94210994010791 0.483308910485357 1.82025257009082 0.378047874895856 1.66975388862193 0.333888910338283 1.38463148288429 0.468985264841467 1.26209133653902 0.346794856758788 1.34997336775996 0.307933040522039 1.08918916503899 0.353310402482748 1.49217034247704
238.447 1.49414902692661 0.429131096694618 1.32795037841424 0.488845818955451 1.55091818119399 0.365234462497756 1.4715223540552 0.435376666113734 1.72458530589938 0.313915692688897 1.93497963086702 0.461163340089843 1.12466718349606 0.429705679463223 1.54585667932406
248.333 1.61419898620807 0.498844059044495 1.23775511560962 0.391141712572426 1.02838958008215 0.357427467033267 1.71512870769948 0.386144251236692 1.16084300191142 0.485615901229903 1.72909578727558 0.380359337525442 1.20766929117963 0.402924514235929 1.01486917329021 0.341746768169105 1.44317454029806
294.142 1.19751266413368 0.418199470872059 1.52449574833736 0.473882645089179 1.30584740266204 0.419202852295712 1.34899458452128 0.421530308900401 1.15536467125639 0.349432316655293 1.64401889638975 0.342635298008099 1.4457776856143 0.449383980128914 1.65627695224248 0.33863778449595 1.81177400564775 0.350550492526963 1.13165851752274 0.313176951510832 1.78035476687364 0.31752021946013 1.12638227618299 0.44176446008496 1.56704011606053 0.322394164046273 1.36563922907226
319.594 1.11664146650583 0.315337937232107 1.10210752952844 0.393699876964092 1.24240928702056 0.496142734400928 1.09911936544813 0.424425365636125 1.40164783527143 0.433294723369181 1.55782449105754 0.451438758941367 1.02813487919047 0.493453757697716 1.04715419886634 0.407736646849662 1.5529491296038 0.407715239329264 1.75006242585368 0.338358401414007 1.4111570478417 0.410207227664068 1.74171051103622
330.306 1.06790192611516 0.374896190641448 1.53708581649698 0.486920539755374 1.10134472837672 0.338382860366255 1.77914760471322 0.473441001074389 1.43425525398925 0.322046578442678 1.90493502561003 0.302009450271726 1.22721338621341 0.326222412707284 1.6570763157215 0.435529069602489 1.33350114128552
407.984 1.02045647474006 0.491221332270652 1.71762714046054 0.481838412443176 1.86127893812954 0.375975463213399 1.71287970920093 0.357657566433772 1.89121228526346 0.318720863154158 1.33367834798992 0.370717891678214 1.8530521101784 0.486315046064556 1.56912210350856 0.356919975718483 1.13826638413593 0.314248782303184 1.26629997044802
408.281 1.12708387919702 0.312746692681685 1.34866382041946 0.485325816692784 1.36689245374873 0.351636577397585 1.42968466831371 0.369412679784 1.09954400127754 0.312354922294617 1.11007467634045
411.795 1.53083421429619 0.302179255429655 1.68921553972177 0.364009195752442 1.91366169578396 0.351777651673183 1.55123183131218 0.42759802415967 1.39902904885821 0.467855456611142 1.55599135044031 0.346439416706562 1.85489756986499 0.318516996363178 1.19553457596339 0.360372347896919 1.57223079935648
428.153 1.71525836829096 0.322957249358296 1.14948474452831 0.400278583075851 1.18918212130666 0.461424828739837 1.65099170571193 0.442352460511029 1.99359747278504 0.426899934187531 1.54914177721366 0.496059524547309 1.79014893411659 0.482148196967319 1.56772961467505 0.322614343417808 1.40751912165433 0.48054716209881 1.22117920825258 0.31930395020172 1.05016056564637 0.387853224901482 1.83905372675508 0.323317744024098 1.32721587806009
442.099 1.84017256274819 0.314162765536457 1.07137078559026 0.412664155336097 1.4531501783058 0.3848574929405 1.42830003541894 0.333641199953854 1.73225358920172 0.483915237290785 1.90092801558785 0.37431796034798 1.63803568435833 0.317161855474114 1.05255565769039 0.465117108030245 1.26907085068524 0.340747481910512 1.15736479428597
443.922 1.26831837440841 0.370543865347281 1.97064013616182 0.430986355571076 1.45923373894766 0.403444889420643 1.50259505910799 0.331762688746676 1.88040526071563 0.302066684095189 1.06820373889059 0.36451875041239 1.83047296386212 0.409246760932729 1.10118134110235 0.345972537435591 1.28857851796784 0.487997965654358 1.73985602124594 0.409496626257896 1.05723120737821 0.418651366885751 1.41282980749384 0.465044735278934 1.36324393399991 0.413857080694288 1.57192005007528 0.440220694523305 1.31793898274191
444.35 1.42543528904207 0.407826554588974 1.43398862960748 0.387426574947312 1.07211437844671 0.45842789686285 1.88001164072193 0.393776676105335 1.89864742057398 0.426407170435414 1.69568013818935 0.364581077592447 1.90419040503912 0.497324369242415 1.71343845548108 0.429253305494785 1.94018245209008 0.41585831977427 1.35332824918441 0.424527680734172 1.10446027806029 0.473361268499866 1.55657498165965 0.418970669806004 1.65096795815043 0.397043900750577 1.6896180966869 0.484116189228371 1.35486621665768 0.332114277407527 1.37952933274209 0.331806451827288 1.92268370953389
455.458 1.63467557867989 0.419683497492224 1.90046106395312 0.396627413434908 1.65518095786683 0.304083874123171 1.69950021058321 0.30525187253952 1.02704899758101 0.42475987682119 1.36910788575187 0.491490703774616 1.3514743258711 0.481828931625932 1.0416497499682
552.365 1.24067102535628 0.303888169629499 1.28823029063642 0.34297664500773 1.57558564725332 0.322089306125417 1.55795650091022 0.491004749573767 1.6420814555604 0.485484227957204 1.32764604408294 0.394475067220628 1.33365989639424 0.473654824029654 1.75327568128705 0.306677310774103 1.83250904269516 0.378874339070171 1.03473009169102 0.372874037502333 1.45820873579942 0.386689868429676 1.05978525290266 0.479600832471624 1.50729212514125
556.706 1.14031255431473 0.49984556757845 1.97505277674645 0.370234140846878 1.0618492285721 0.471611939929426 1.64735980890691 0.318968121986836 1.72135370457545 0.476659963233396 1.60751416697167 0.451020434591919 1.37924014474265 0.415641003008932 1.74985094740987 0.39959413651377 1.0044252963271 0.364568605972454 1.0426998892799 0.443563497066498 1.80237420322374 0.353341137431562 1.96970272436738 0.333340959763154 1.25222774618305 0.496962765045464 1.91318277665414 0.341773989982903 1.04398249927908
647.693 1.1955817528069 0.355131942173466 1.13176805432886 0.383236984442919 1.48273785132915 0.311888834135607 1.18978680670261 0.411147774662822 1.40932799456641 0.373410930624232 1.00875916611403 0.464471165975556 1.16796177346259 0.393444661516696 1.47576403198764 0.484916012221947 1.60196638666093 0.390863922378048 1.74221445294097
692.931 1.85979702230543 0.334718567552045 1.07625986379571 0.49826246635057 1.58398883906193 0.422915428830311 1.23147808155045 0.322074069315568 1.82176975533366 0.350304751703516 1.1553216711618 0.425313678616658 1.69947924371809 0.440288847917691 1.81120669003576 0.316507827490568 1.02785658859648 0.320708412444219 1.06565942009911 0.435680892411619 1.4497342647519 0.424998424993828 1.90567294345237
739.731 1.19144489918835 0.413646475132555 1.40585336834192 0.332499694358557 1.05155692435801 0.393115660268813 1.95027374150231 0.356836197664961 1.86753267818131 0.47153455526568 1.47040539025329 0.316104181110859 1.79555490473285 0.466065456531942 1.65842208685353
751.468 1.74066388746724 0.323787089483812 1.2113421598915 0.454784905025735 1.69558081589639 0.489028031565249 1.36962931067683 0.399420912424102 1.5373492622748 0.490779451373965 1.97503501758911 0.338135421741754 1.14713325281627 0.301941922586411 1.19355271197855 0.476910369889811 1.10598601424135 0.489087206823751 1.78897844441235 0.388190695177764 1.05253529245965
761.575 1.27371324994601 0.440023798542097 1.15872220974416 0.399262704607099 1.8624828029424 0.304281730856746 1.5703036072664 0.409243304468691 1.03303261217661 0.443278693780303 1.43869240162894 0.399617910990491 1.22123552765697 0.428276129066944 1.72602635971271 0.468525874335319 1.86710005719215 0.416060308180749 1.33227811846882 0.475253340695053 1.69882238889113 0.312283320073038 1.40195879014209
773.592 1.55993814067915 0.307138016214594 1.28915423084982 0.395516975130886 1.47593226493336 0.327977148396894 1.78567101736553 0.484568142797798 1.74103177385405 0.471199745219201 1.69072104757652 0.480326796369627 1.56049261405133 0.355791775975376 1.48727690777741 0.340287832403556 1.26932029565796
819.321 1.37295715976506 0.378432588186115 1.07423687097616 0.339538435079157 1.13431855733506 0.343576718494296 1.46824227366596 0.343784111598507 1.56020224327222 0.432213136274368 1.85747795505449 0.309480086900294 1.27603139472194 0.344396125897765 1.55548364855349 0.350720758363605 1.47067842772231 0.493409388884902 1.92446635570377
823.688 1.33106337022036 0.331966413930058 1.35321270837449 0.496784527087584 1.81477341381833 0.310734323691577 1.55824095732532 0.314059729501605 1.08895396208391 0.393001153040677 1.40865187486634 0.339217596175149 1.46571409958415 0.313033486809581 1.20785075356252 0.455602267803624 1.60468361969106 0.328904295619577 1.30801322241314 0.46969125745818 1.90489775221795 0.363836281560361 1.12804586836137 0.48807546379976 1.70600764243864 0.469465836836025 1.18178518419154
833.743 1.73803861113265 0.380399469891563 1.90996844344772 0.381710916338488 1.94973878166638 0.340542171150446 1.00027222977951 0.329486869787797 1.57226189575158 0.332148949615657 1.10794016555883 0.353733327845111 1.2488369056955 0.451499567879364 1.95833465014584 0.311843150202185 1.19933282816783
876.893 1.47003994975239 0.440484706545249 1.30838698521256 0.412160859303549 1.58927688701078 0.437534632021561 1.43907068553381 0.425814078422263 1.97797882650048 0.354787849681452 1.65496886242181 0.428790672495961 1.50590506172739 0.39236248107627 1.80833000596613 0.445839055674151 1.60440348926932 0.495282799284905 1.85835448396392 0.353736224211752 1.51036281720735 0.378240259736776 1.18436872214079 0.48279636874795 1.8643994233571
908.036 1.96409010770731 0.495282262284309 1.18008325225674 0.470890172244981 1.25958625716157 0.442555641150102 1.97974233422428 0.448332752054557 1.67350129992701 0.474164592195302 1.18674230738543 0.461450843559578 1.70785360876471 0.483395972521976 1.6231866532471 0.380408363323659 1.23131418344565 0.423839395307004 1.62262000096962 0.328805965324864 1.7894608725328 0.377992904325947 1.85922367614694 0.49535155268386 1.665055639809 0.378010831121355 1.20202590012923
923.251 1.90581812825985 0.327453589020297 1.57828797888942 0.431890624202788 1.71461756061763 0.397195514477789 1.12143568298779 0.44206909686327 1.39173879148439 0.491830534674227 1.65941698313691 0.47302415734157 1.45666643721052 0.464807281782851 1.83610562141985 0.400573361199349 1.75105389254168 0.347926305839792 1.83843980892561 0.400806379783899 1.06479494133964
942.572 1.19050094462 0.477789085544646 1.09141030651517 0.456652865279466 1.947152917739 0.365864052437246 1.75218428228982 0.399421667074785 1.50709295365959 0.409225818468258 1.95927741960622 0.405558924283832 1.7880496266298 0.446153594367206 1.71611129795201 0.428232256229967 1.58065977576189
953.197 1.374189785216 0.356890644924715 1.883517423179 0.408207589248195 1.6766234615352 0.401663996418938 1.7521691955626 0.367722436133772 1.68593226117082 0.496348400693387 1.53243413870223 0.305478267138824 1.24264409323223 0.37930410229601 1.06893781991675
981.735 1.29143875138834 0.376918996870518 1.71058579091914 0.306884796638042 1.35403584036976 0.307253822591156 1.8772397316061 0.453293619072065 1.99924815422855 0.438564939098433 1.86766192759387 0.373976018466055 1.30645380727947 0.376001341082156 1.38000145275146 0.396252393629402 1.67556226020679 0.394421483762562 1.77262326981872 0.346649076044559 1.48122748569585 0.440597773483023 1.85703472420573
999.517 1.4006839687936 0.489055712241679 1.68345480598509 0.413676106929779 1.95416185585782 0.310191893298179 1.6345462796744 0.418475611833856 1.53977160248905 0.435695673897862 1.77044469187967 0.488810087181628 1.38016284373589 0.348489270359278 1.21835514577106 0.372495182044804 1.6979512469843 0.364564751135185 1.29856838891283 0.380160505510867 1.1701978452038
1009.67 1.13650099770166 0.306874279212207 1.17194382264279 0.415765088656917 1.97070870455354 0.411646673548967 1.50267798313871 0.466605839552358 1.09825774724595 0.353452875372022 1.3122523445636 0.376497587794438 1.98639215016738 0.331333362404257 1.7747408465948
1060.24 1.05415805638768 0.354999910155311 1.78735171305016 0.380856849532574 1.66053315787576 0.477874308731407 1.09259389829822 0.45188587512821 1.88450155500323 0.444130121497437 1.26880854927003 0.309579354571179 1.99940782110207 0.376091174967587 1.29912965255789 0.363607260165736 1.12401442369446 0.444496471667662 1.10500492365099
1187.74 1.27743382728659 0.336140349134803 1.87389243883081 0.323115873942152 1.78042717208154 0.367908383812755 1.75429574889131 0.485961126442999 1.84584272489883 0.322729847580194 1.33092086086981 0.398926120065153 1.43845065683126 0.346444597514346 1.45056955749169 0.492361503792927 1.91226256941445
1287.69 1.91922553442419 0.359480506554246 1.06122290133499 0.397451496357098 1.67993252770975 0.480875456286594 1.3283129313495 0.494048270396888 1.33389151515439 0.497701870743185 1.70461479667574 0.468787109060213 1.11556364526041 0.390548519929871 1.71514793857932 0.354915254749358 1.9106905029621 0.333882602024823 1.62290688464418 0.326600420940667 1.23325702897273 0.446578081836924 1.50245686038397 0.377324640844017 1.56626810366288 0.470622593723238 1.72755116666667 0.462529939273372 1.84809646080248
1306.48 1.36570102581754 0.420901526417583 1.43143657268956 0.425392392557114 1.05349785834551 0.386112597445026 1.92139656934887 0.433479051664472 1.57187259988859 0.414520819205791 1.21623889706098 0.480719832144678 1.85662356694229 0.446004165243357 1.07584729813971 0.491446337057278 1.50496931630187 0.425845690537244 1.52584349969402 0.491540880454704 1.00336730177514 0.33548913449049 1.53016841271892 0.396771923312917 1.42341191507876
1336.03 1.22282189922407 0.358503387449309 1.1845162960235 0.345314552402124 1.93687000242062 0.35261003873311 1.10603720415384 0.340969148883596 1.4451523157768 0.313461092440411 1.27248609345406 0.322526049707085 1.86729448800907 0.314229648606852 1.97887418209575 0.351962774945423 1.69737795577385 0.486105027189478 1.21316222078167 0.49531287397258 1.74961348064244
1364.32 1.9879348219838 0.40984477144666 1.85163083882071 0.451817867113277 1.28825639258139 0.335221092309803 1.13855721894652 0.308205100242049 1.55842799926177 0.334600722463802 1.86779520800337 0.438177658198401 1.10264555108733 0.390492781298235 1.43791261175647 0.358205824578181 1.76300303079188 0.416575029678643 1.71580239292234 0.448616248043254 1.06229033088312
1442.7 1.02007197425701 0.337179381260648 1.47742320760153 0.347205027379096 1.29926390945911 0.310455685202032 1.38000134774484 0.309342186013237 1.30737934121862 0.444152145367116 1.45738778682426 0.408564396202564 1.11531091225334 0.384775023302063 1.12581118196249 0.346383193507791 1.61856906418689 0.437484678719193 1.69479274586774 0.420554476883262 1.10406179958954 0.372375117568299 1.57046334282495 0.380980916181579 1.47208636952564 0.402058343822137 1.58204743545502 0.39629816445522 1.08661977550946 0.356184039125219 1.03108027298003
1442.91 1.13408322259784 0.318800270091742 1.71860489505343 0.392270171595737 1.85920474724844 0.405737830465659 1.12779904343188 0.461171422060579 1.5236674384214 0.368312204396352 1.75401930417866 0.421583926072344 1.28074239962734 0.33394112046808 1.32709456584416 0.339265962457284 1.73261495586485 0.343154481658712 1.85801951424219 0.391774513665587 1.37409221427515 0.30296785463579 1.45706750755198 0.448162896838039 1.7849693922326 0.45547432792373 1.28891332168132 0.449417464574799 1.55629165703431
