# Using the following values to generate the workload:# num_procs = 50
# mean_io_bursts = 10
# mean_iat = 25
# min_CPU = 1
# max_CPU = 2
# min_IO = 0.3
# max_IO = 0.5
34.4246 1.08274703565985 0.365803082054481 1.87291041668504 0.40642665727064 1.05857558781281 0.303189318673685 1.90800459799357 0.480951978033409 1.97783970576711 0.454552612453699 1.40203444799408 0.423013159120455 1.52007796987891 0.424665371794254 1.11742775375023 0.438384857634082 1.84713217592798 0.471790686063468 1.70997343305498 0.497431954322383 1.32934485119767 0.438677653856575 1.67868037777953 0.483662357926369 1.64434974547476
38.4988 1.60188799467869 0.382378944847733 1.00214022793807 0.403267175611109 1.66830123635009 0.494774403236806 1.36019336478785 0.397764457529411 1.47066699899733 0.475988337676972 1.22837003367022 0.363937190920115 1.04764444730245 0.480956294806674 1.17161444900557 0.357223742129281 1.25226846151054 0.400995252467692 1.10762000293471 0.313605425460264 1.55582997296005 0.442408237513155 1.01308580115438
50.1351 1.96576182520948 0.479725649626926 1.59223050740547 0.310040474357083 1.53356701135635 0.378680223878473 1.10252940561622 0.354292730148882 1.06833956134506 0.346823261491954 1.71814088057727 0.498163606133312 1.17698164796457 0.464903635671362 1.28185156756081 0.414416697295383 1.00329696992412 0.387944342009723 1.39753101347014 0.497258461965248 1.72052825288847 0.30340662933886 1.84168838174082 0.429224215680733 1.18946759356186 0.303966670343652 1.74728780682199 0.487458803737536 1.27351604751311
59.7175 1.21885962621309 0.344338585017249 1.53125678491779 0.340734211541712 1.30337500874884 0.485949889663607 1.84363497048616 0.364999685576186 1.92194369016215 0.499758519092575 1.8095289170742 0.493011582456529 1.06677337805741 0.444567165058106 1.66798213566653
83.9777 1.24790930817835 0.431645132228732 1.90592081146315 0.493408067990094 1.91676625679247 0.43020703215152 1.04582163249142 0.413746941974387 1.58084320300259 0.457505742600188 1.93574432190508 0.373659703042358 1.73625331651419 0.399623538227752 1.86559622688219 0.494150333665311 1.16662391833961 0.325936740310863 1.78279321664013 0.37329097208567 1.40933060389943 0.391728278947994 1.19187296088785
112.256 1.51081323996186 0.302497888030484 1.63233940955251 0.306877666572109 1.1724925194867 0.308428678661585 1.10925262025557 0.407987410016358 1.279575583525 0.37257734532468 1.48412726842798 0.356143930274993 1.81989724119194
131.964 1.11602364340797 0.396750134043396 1.68848153343424 0.35498124291189 1.80855381255969 0.361655541975051 1.62718095607124 0.464188841218129 1.88501848094165 0.370945177320391 1.18615383910947 0.342344345897436 1.70504142763093
148.355 1.11693554930389 0.326451531238854 1.56764437747188 0.326679939264432 1.23685007449239 0.469133177911863 1.75474301213399 0.363725805887952 1.2040925284382 0.300462365383282 1.92829859699123 0.439790159184486 1.97121331677772 0.379959715669975 1.30491665308364
213.56 1.68880141712725 0.407646529749036 1.28717703092843 0.357843843242154 1.5863557967823 0.472804337879643 1.83540327125229 0.317210623947904 1.8876563697122 0.454990649502724 1.78336399281397
232.737 1.11120592197403 0.415238523948938 1.97799863410182 0.492829417716712 1.90563388471492 0.37302256859839 1.78268870455213 0.462991155777127 1.14264854625799 0.406093305209652 1.1920092375949 0.35215338957496 1.76138685736805 0.38181208698079 1.86392253008671 0.428305258834735 1.00189554039389 0.386967000039294 1.58951901854016
260.309 1.25260848086327 0.350679229898378 1.80579522135668 0.444280709698796 1.52810256532393 0.381848814804107 1.74420028273016 0.471734521677718 1.19925733236596 0.301702406397089 1.06968751247041 0.329827111773193 1.34713411028497 0.301777619915083 1.98977898410521 0.486572201643139 1.57804790092632 0.48484300035052 1.05137182283215 0.367659537028521 1.54435321688652 0.427798456372693 1.68090779962949 0.344226845214143 1.98507922817953
269.585 1.69258295162581 0.481769415456802 1.25141530786641 0.466656347736716 1.18926276126876 0.318353046383709 1.64581216964871 0.333639426715672 1.72644925769418 0.329586674692109 1.21749739418738 0.389775787806138 1.35229182359762 0.332236517686397 1.81571893347427 0.389755714358762 1.1729251621291 0.351450076792389 1.74305807147175 0.368223003298044 1.90058251447044 0.371457701781765 1.68366065365262
285.994 1.69790263404138 0.398960884939879 1.60872743953951 0.312953230598941 1.11019097664393 0.420967465871945 1.7556059458293 0.409916082443669 1.57299081445672 0.494184508221224 1.4488427748438 0.355318187922239 1.26943689887412 0.456490028742701 1.50007869582623 0.381967824837193 1.01683937921189 0.433579853270203 1.4239359498024 0.419696156075224 1.87476505036466 0.470893860328943 1.00700140278786 0.405797160090879 1.84495711629279
295.445 1.04894066276029 0.319382395921275 1.22623997856863 0.418340443633497 1.41545919678174 0.485612538689747 1.935860238038 0.367623125622049 1.85732222162187 0.406915119523182 1.5627713620197 0.379597740340978 1.18201338825747 0.487040313892066 1.50578238884918 0.363916178140789 1.28255626279861 0.334406071342528 1.11635647667572 0.423038845369592 1.36871441383846 0.361042766505852 1.51500204927288 0.326846604607999 1.35027460358106 0.48779353457503 1.16704768268391
348.105 1.66645423346199 0.324491874547675 1.85081845405512 0.334408380230889 1.20050678984262 0.312444763630629 1.22056417213753 0.481194026349112 1.47497224877588 0.406902099912986 1.92234244314022 0.495553091261536 1.19569376646541
402.838 1.6730708363466 0.456585628679022 1.04629699536599 0.367484365822747 1.40321879182011 0.423567541921511 1.36175855970941 0.331004764232785 1.10097254440188
443.367 1.69337015342899 0.415782152675092 1.23792850901373 0.442048391746357 1.96231075515971 0.303883621143177 1.2016007238999 0.472297160793096 1.03976213675924 0.42701213825494 1.19708034466021 0.335111343860626 1.36267589451745 0.354764028592035 1.63037208234891 0.384002377046272 1.50640331767499 0.451999487541616 1.64525394048542
462.348 1.75703219580464 0.391418024012819 1.78329325071536 0.335232911584899 1.49272120022215 0.360569159639999 1.84302875492722 0.428863554587588 1.45227492763661 0.438212630385533 1.92043061857112 0.445963409217075 1.61962833814323 0.453764418046921 1.64348748815246 0.377487507695332 1.7250825590454 0.341248328704387 1.06003229715861
467.107 1.83806194458157 0.398527970723808 1.76236784853972 0.433413785556331 1.98391179344617 0.498098989576101 1.80351413064636 0.431634552683681 1.63308021705598 0.432822447037324 1.00410738773644 0.474531808309257 1.28035421925597 0.33115478171967 1.17407842329703 0.466351044503972 1.25662975478917 0.38168444619514 1.01698590861633 0.425910452008247 1.5257145287469 0.351750613749027 1.28449469641782 0.31663465173915 1.04648265917785
501.258 1.64423366286792 0.475512797059491 1.59403613046743 0.472008733823895 1.23195256199688 0.394565284252167 1.80782068730332 0.360389159992337 1.39847498806193 0.484117447119206 1.59258297621273 0.300601026648656 1.32771749328822 0.384740586578846 1.12613000697456 0.37491291416809 1.24555753380992 0.453880143258721 1.13311478262767
519.919 1.98428633413278 0.407835793169215 1.13159315777011 0.430915845092386 1.65395555621944 0.31209934358485 1.20155896688811 0.374197049252689 1.64958165795542 0.359304192522541 1.16252205241472 0.407778763165697 1.60965669108555 0.465108880912885 1.74705525091849 0.326927816402167 1.76362079195678 0.338767519872636 1.54990710061975 0.414844094729051 1.72480611223727 0.497048996761441 1.80408557970077 0.450174227776006 1.8677413102705 0.425092950649559 1.14179385057651 0.337009653728455 1.777945704991
529.15 1.50835739844479 0.40532679175958 1.5540487037506 0.362025256780908 1.68161893473007 0.486141676967964 1.23251115600578 0.434345138352364 1.39632745203562 0.335774423414841 1.63269201456569 0.445640297234058 1.38763115741313 0.446211122255772 1.41042735567316 0.316917079500854 1.19443479925394 0.447399195749313 1.89825373305939 0.322344135213643 1.56212226347998
536.416 1.24298117891885 0.384620648808777 1.19553625467233 0.40369029850699 1.31680565909483 0.448372515989467 1.79874777421355 0.381712895957753 1.80104673933238 0.493237589811906 1.41469423566014 0.336449990747496 1.07361835381016
576.532 1.91003033309244 0.322370454715565 1.42003135452978 0.330998248700053 1.06893146084622 0.386383653292432 1.45601291512139 0.389634231990203 1.76009201980196 0.36954154772684 1.55791338626295 0.472492391243577 1.30039982870221 0.461160746030509 1.71594169805758 0.433320842683315 1.54890588996932 0.365199460275471 1.74614517530426 0.418488784320653 1.11020580353215 0.482595638651401 1.7839016111102 0.495297298487276 1.31632321304642 0.343303080042824 1.92205666028894
589.889 1.51733631454408 0.338845419604331 1.97562957624905 0.415717534581199 1.90491568483412 0.301949969446287 1.3111930990126 0.407482239184901 1.98181060818024 0.494623854616657 1.89096793439239 0.470057433145121 1.62325662560761 0.461197787197307 1.31221534009092
644.307 1.38855094462633 0.378579875361174 1.47726077074185 0.478064356232062 1.46797838946804 0.344913601037115 1.86470378306694 0.385027672490105 1.28778555127792 0.328035016683862 1.33176540746354 0.324743240093812 1.96472773398273 0.443434849148616 1.37588972016238 0.30927072823979 1.43898616684601 0.388113626325503 1.41455119429156 0.381742212316021 1.74630174133927 0.339196480577812 1.68824703502469
648.268 1.38494341028854 0.495559315057471 1.3246333473362 0.474610005691648 1.47954604984261 0.302127672778442 1.19051722367294 0.393765482585877 1.14434638060629 0.366395454807207 1.02203325182199 0.396344754379243 1.51093103340827 0.452832677587867 1.72697166958824 0.368167697591707 1.53017154918052 0.319682610826567 1.42185987788253 0.445609490154311 1.53880488337018 0.418959413189441 1.41442554141395
671.502 1.36753108608536 0.378229434788227 1.24613387347199 0.498847966827452 1.41502646822482 0.305947588710114 1.09800574905239 0.328895696392283 1.6045448910445 0.327793762413785 1.6123010024894 0.393694217968732 1.08025284204632 0.432807121798396 1.37782446038909 0.338059539487585 1.10620180517435 0.439186948817223 1.60527647635899
683.298 1.42137947096489 0.378310641460121 1.54144577006809 0.488956666179001 1.64901114441454 0.432165079331025 1.48440722259693 0.384707268700004 1.98438747297041 0.310335577651858 1.92879527900368 0.466229579783976 1.33662769547664 0.330758288595825 1.41413879720494 0.362289076577872 1.5008137000259 0.460221561836079 1.00235457788222 0.312978613330051 1.29727585287765 0.391254768613726 1.65403458173387 0.455208258843049 1.03095477586612 0.343894410505891 1.34207922453061
697.57 1.69600248103961 0.366340174200013 1.11298886290751 0.441135242255405 1.48351407865994 0.356933435378596 1.03069318109192 0.304797335201874 1.4885822061915 0.388939146930352 1.70581957604736 0.466072530066594 1.59175715362653 0.421538867382333 1.63215674017556 0.480858238134533 1.02077524876222 0.391868916433305 1.75565784075297 0.331808706652373 1.4060516890604 0.451363704027608 1.80257952259853
717.923 1.3627295808401 0.404521487187594 1.21398106240667 0.369143712939695 1.00927778659388 0.470766779407859 1.17167386319488 0.418224039487541 1.71139374142513 0.454298592265695 1.11174833704717 0.440331400278956 1.37221485120244 0.427373918239027 1.4131714887917 0.358548513241112 1.45554353343323 0.385931640584022 1.37884108489379 0.396456951182336 1.67332443362102 0.312879838328809 1.03876476665027 0.308286534715444 1.52596437348984
718.139 1.59077865350991 0.359837832953781 1.22994087333791 0.388801190676168 1.72199018090032 0.474718567263335 1.10280267521739 0.396320528490469 1.05288933170959 0.402995668724179 1.07962206797674 0.384464860288426 1.2722546576988 0.488799185818061 1.97300818469375 0.336384565429762 1.90451886458322 0.309659158810973 1.99156234133989 0.356024433299899 1.40958359325305 0.359153421455994 1.1012019070331 0.45159896267578 1.10126342135482 0.464345422480255 1.44683850905858
775.408 1.97744451719336 0.332984136603773 1.33779617212713 0.373076290404424 1.37420497369021 0.485052654938772 1.12453789869323 0.362697696313262 1.53346374793909 0.376177567243576 1.49772423435934 0.474125800328329 1.60960179404356 0.456233756523579 1.69531725090928 0.413534399168566 1.69253236474469 0.337329889042303 1.87309582158923 0.444128736807033 1.17000396875665
789.941 1.39334284537472 0.463877641689032 1.44397262483835 0.403442823141813 1.4359261135105 0.385280943289399 1.77623093710281 0.41069745356217 1.76952434750274 0.3490441264119 1.21703755785711 0.302037862176076 1.64844359783456 0.353720149118453 1.45337699539959 0.404062550375238 1.26845788047649 0.399053787486628 1.86920244502835 0.461860723607242 1.40638670767657 0.471053625177592 1.88205966493115 0.358271089568734 1.28786218655296
816.19 1.1318919621408 0.444896432664245 1.39862601063214 0.402252990799025 1.16315167513676 0.370128839882091 1.82838968816213 0.319051054539159 1.37430165451951 0.47411208646372 1.70660009700805 0.365387608669698 1.09722290607169 0.442669313307852 1.62034572847188 0.388007458625361 1.21983952238224 0.323102917894721 1.0839404379949 0.394857166986912 1.14292663126253 0.467269502161071 1.41757863131352 0.397573565039784 1.81661135843024 0.315104787051678 1.70539401099086
872.387 1.80020497785881 0.382402341486886 1.97803904023021 0.401117315376177 1.61490198923275 0.37012553694658 1.8926238080021 0.454216544236988 1.37235349579714 0.331859971676022 1.58051838679239 0.425797448074445 1.53454633546062 0.43022583052516 1.01397916162387 0.491425275336951 1.93995367689058 0.46276628067717 1.49564859899692 0.456060689501464 1.74847041629255 0.40979386982508 1.00047264527529 0.321028607944027 1.99544209917076 0.387944886973128 1.90834349649958
882.737 1.62398705189116 0.374072985770181 1.32846895116381 0.391994749056175 1.89558228454553 0.340031639253721 1.27150240470655 0.408285110164434 1.82640336966142 0.356457386864349 1.47275949479081 0.469396821036935 1.45937181822956 0.374409216456115 1.20954321254976 0.319670723611489 1.18890182417817
883.295 1.93226779275574 0.496049038413912 1.08327678916976 0.478051219088957 1.46664507663809 0.405370892072096 1.51956449635327 0.317755967704579 1.87294101598673 0.416285491129383 1.11379227298312 0.440952798398212 1.80563338007778 0.472710198536515 1.24849887448363 0.324341041594744 1.9454141384922 0.372967725712806 1.55650205770507
920.081 1.50876653799787 0.468539148662239 1.07186689903028 0.415737267257646 1.85241929185577 0.429156663594767 1.11938379355706 0.466764224739745 1.51620994904079 0.385978776076809 1.43768013408408 0.410581722296774 1.66338652744889 0.353569251159206 1.27484526787885 0.423946943785995 1.27957902592607 0.370607612654567 1.99056089972146 0.361678132740781 1.32463441230357 0.467854936933145 1.83473735931329
946.857 1.65328162442893 0.389364098617807 1.80338287446648 0.397154255863279 1.91916299588047 0.451575605943799 1.31154222320765 0.316300300555304 1.76154045411386 0.41124273147434 1.58182772691362 0.434217223990709 1.1991704152897 0.397903845692053 1.63828604505397 0.326192343374714 1.06592541118152 0.455585176404566 1.42064514453523 0.312269697757438 1.93081350740977
951.335 1.71738592442125 0.327292078873143 1.76217450317927 0.401209867885336 1.05317558161914 0.472589967306703 1.02825674065389 0.481711173895746 1.6291643390432 0.374299238901585 1.86717578209937 0.379616290749982 1.57911298191175 0.41657313015312 1.63186021451838 0.390828062826768 1.44069759524427 0.34475072696805 1.1944884180557
968.488 1.28180824313313 0.356823020009324 1.4751584213227 0.485848677530885 1.12020316254348 0.499556264514104 1.19442451489158 0.32268247124739 1.58550370624289 0.33394036157988 1.7396797449328 0.481978014949709 1.85866024554707 0.330083843832836 1.03759917803109 0.491442314395681 1.80077442736365 0.434687908738852 1.00347770797089 0.488066861731932 1.73863060050644 0.418877970660105 1.24644836806692
1020.3 1.4093761742115 0.445223007723689 1.6814037237782 0.36775128506124 1.0156129070092 0.389562545903027 1.22576728928834 0.471214689547196 1.58606764371507 0.302260554488748 1.2311054954771 0.491830917960033 1.96482174098492 0.496839892305434 1.6314082799945
1080.96 1.35044364165515 0.397507397271693 1.14930594456382 0.442601724714041 1.34604846057482 0.483328284323216 1.52215826301835 0.381528916442767 1.18469930253923 0.38864870807156 1.81753149838187 0.391029537655413 1.71889325650409
1089.59 1.39240603265353 0.456003200262785 1.40450721327215 0.480594207299873 1.90059315180406 0.424955394119024 1.28992197313346 0.36218693209812 1.96044631255791 0.404717844258994 1.60045894631185 0.346735371928662 1.77931024762802 0.481712570786476 1.42877799365669 0.427532747061923 1.24623392615467 0.370974300289527 1.53320048796013 0.324613476078957 1.09260531957261 0.493987023923546 1.45084661012515 0.413307041767985 1.00263820681721 0.355863637803122 1.27885173028335 0.446339090820402 1.9672110718675 0.457853182172403 1.95089566055685
1091.99 1.53872357169166 0.367498437222093 1.90869143954478 0.408507352182642 1.69722725008614 0.431308876024559 1.26202570227906 0.361684729065746 1.55294955405407 0.467901082709432 1.2580765443854 0.416591799166054 1.18300326587632 0.492223975202069 1.80318870651536
1107.53 1.56086166016757 0.394837800180539 1.03508562711067 0.475765535188839 1.78888228908181 0.44519393062219 1.70296381413937 0.443940044939518 1.77858441835269 0.415374787850305 1.38423652132042 0.427033866709098 1.88796441606246 0.435509188380092 1.1476038384717 0.435232716239989 1.20998810674064 0.368324746610597 1.91183377336711 0.459834908088669 1.38873786246404 0.358387981075794 1.3170591420494
1110.98 1.04060510569252 0.315320468926802 1.728140209103 0.445967891765758 1.98339908756316 0.352058016182855 1.97523356485181 0.374802154069766 1.34894972131588 0.31458404972218 1.14814871456474 0.381363411946222 1.04796216939576 0.333865525946021 1.05477559822612 0.327003813209012 1.69135220418684 0.426155411964282 1.9459707220085
1113.74 1.88660237565637 0.382490024343133 1.02012329618447 0.409799597319216 1.39769537979737 0.456099347351119 1.60756931779906 0.408152407081798 1.19144263165072 0.344064028048888 1.01465031108819 0.430495956074446 1.55250714696012 0.499360752850771 1.62152832210995 0.464409864600748 1.55082527641207 0.332618831703439 1.44697701395489 0.317156887426972 1.0048832972534
1137.44 1.010317256907 0.364358486281708 1.57147792447358 0.494761526631191 1.19199734576978 0.373071374511346 1.90198332630098 0.498218074953184 1.42211502045393 0.476354122953489 1.30055332905613 0.474795818515122 1.30304427514784 0.430904470523819 1.19971426716074 0.321768634486943 1.52046545641497 0.338165312586352 1.49717852915637 0.480780907627195 1.46191615890712 0.399686557333916 1.99589651194401 0.331499922461808 1.70753916306421 0.414671767083928 1.16548020229675 0.372285694442689 1.41133120679297 0.359297468140721 1.23432390205562
