# Using the following values to generate the workload:# num_procs = 50
# mean_io_bursts = 10
# mean_iat = 25
# min_CPU = 2
# max_CPU = 10
# min_IO = 1.3
# max_IO = 2.5
3.42364 5.80560110509396 1.78791249357164 2.95769046060741 1.52884185118601 5.0850492361933 1.6360582947731 2.6391189340502 2.05956927770749 2.50046263635159 1.78730463543907 3.86389771848917 1.79195702616125 2.72390296682715 2.06238783150911 2.54002836346626 1.33229843396693 3.99231204763055 2.4947921008803 8.9206472504884 2.46338900420815 5.31809962913394 1.59564553145319 7.81979153491557 1.48112652460113 9.08629413880408 1.78380478965119 4.2603890132159
13.2552 9.05017521604896 1.74385496610776 8.62563572265208 2.37394396057352 8.12612589634955 1.57090474637225 5.30390114150941 2.13077755030245 9.61533796228468 1.3904710249044 3.10485206544399 2.03148189317435 7.51290729641914 1.57351650074124 2.9934348333627 2.27468729298562 5.15672537311912 1.80653679240495 3.55807721428573 2.24478411860764 2.13725175336003 2.26582018462941 7.60672595910728 1.94563240995631 4.4021597225219 1.47637339681387 2.3484482653439 2.46006366461515 7.32412195019424 1.95205968236551 8.37828561104834
16.1814 9.89666203781962 2.18116320287809 8.72105571813881 2.25956900538877 4.3038940988481 2.45775565784425 7.93322077393532 2.23750086864457 5.77785080112517 2.36964625846595 3.33051122911274 2.18315524766222 2.77602290734649 1.84890038892627 2.83997271768749 1.71561054801568 2.43450685217977 1.37363455500454 8.98155885748565 2.18374616876245 7.74929941818118 2.2123316177167 2.7351606413722 1.31651593083516 9.73516411334276 1.77046316629276 4.9718260820955 1.49228303330019 3.46207571588457 2.07154535884038 4.37156712450087
162.266 6.99255594052374 1.80104928640649 9.38321171700954 1.76275799507275 3.56368899717927 1.54382439218462 6.30300870351493 2.12481677914038 4.76482460461557 2.3152580730617 5.50877526588738 2.38587230592966 2.22421437688172 1.86927546141669 3.93485017120838 2.11108520170674 4.45104125514627 2.38883097302169 8.26573448814452
189.886 9.99583521299064 1.68450631368905 5.39683223702013 1.8663960499689 5.20207557827234 2.47642068909481 8.21569389104843 1.86241328585893 7.41950939409435 1.97761230980977 2.56928400695324 1.97348586339504 7.92804269865155 1.40221690377221 5.45753353089094 1.54468994075432 4.5352246183902 2.18976992992684 9.12678012251854 1.50632921596989 6.56184046156704 1.53103598952293 6.39339866675436 1.62509750435129 8.96706609614193 1.592923425138 3.95623246394098 1.46939013209194 5.65068986453116
190.563 4.67500588111579 1.67963859327137 9.44567466527224 2.0407547691837 8.78165551647544 1.79648391548544 3.29783220589161 1.60504041835666 6.56610484980047 2.11003385176882 2.6796119697392 1.72152456045151 3.7956028599292 2.28602572670206 9.2977580986917 1.38495456138626 5.09152648970485 2.147213651333 6.41323194652796 1.83228136319667 4.15572877787054 1.58756131716073 9.88826360926032 2.20525181889534 3.00227106176317 1.81009755367413 2.71441790834069
258.594 8.77102273330092 2.3616752596572 3.7003788203001 1.77412666119635 3.57932023331523 1.80162941049784 5.78727851063013 1.85910092871636 9.80467539839447 2.37241470105946 8.35679058358073 1.96869232114404 5.54203424789011 2.03821208029985 6.61806248687208 1.70114190764725 3.12604596093297 1.66973897386342 5.47990486584604 1.71749443244189 9.87373021803796 1.68988585937768 6.27762143500149 1.60247597647831 4.90022578835487
262.845 2.58466914109886 1.87313534626737 3.90818026289344 1.80415984978899 2.95595926977694 2.17831371119246 8.05264798365533 1.46127739083022 7.76680753193796 1.34185369350016 2.91303884238005 2.39999730978161 3.79687838815153 2.16892385790125 6.5565850995481 2.20607341919094 5.17890846729279
289.056 8.31073203496635 1.46371712088585 5.20987113565207 2.40866367407143 8.01635563746095 1.69593005729839 4.75491149164736 1.77592731835321 2.25743242353201 2.37727177869529 9.50035366788507 1.77178926998749 8.46755285747349
316.314 4.30422034859657 1.87327769612893 6.35521194525063 1.6941580042243 3.87621745839715 2.45640112217516 8.13796064257622 2.01627756813541 9.03078921698034 2.4714579581283 9.43649674579501 2.13396064955741 3.27718300558627 1.92761199148372 8.40134265273809 1.40468538403511 4.02644611522555 2.44731743130833 4.84041450731456
322.094 2.97161064855754 1.36998095018789 7.5526937302202 1.71943136202171 9.11245611123741 1.80041106538847 8.30027464032173 2.37978876419365 6.17931395024061 1.74144125627354 6.28759317100048 1.50574284121394 9.06159541010857 2.2109840082936 8.21442190930247 1.70534462295473 6.97807269543409 2.12312138276175 5.01153401657939 1.59091556174681 5.24258664250374 1.41395568624139 5.96465718746185 1.55324865207076 8.21277257427573 1.54367060801014 7.63640518672764 2.48077191468328 2.97732171230018 2.15981812402606 5.67557854391634 1.72795505430549 9.23643965274096 1.64942846270278 9.84236738830805 2.33853330416605 5.70664751343429 1.81298621678725 7.14041099324822 2.41294549638405 2.15084424801171 1.57772947298363 4.28575020283461 2.25270568514243 4.11875195242465 1.59452671529725 8.47582495398819 1.44966317685321 6.08757296204567
340.248 2.54503394477069 2.365433161892 5.53156807459891 1.40211011217907 9.4122586324811 2.48989690318704 4.21836772933602 1.41545432610437 7.10014243423939 1.45687097962946 4.51711549051106 2.30427998490632 6.19782195799053
353.977 8.33079416491091 1.66468706056476 4.32797354273498 1.75720816794783 6.36542008258402 2.06615584874526 6.54674260690808 1.36650579804555 9.48809713497758 1.86251567611471 7.0228067766875 1.49366251965985 5.14474373869598 1.58643512576818 2.57082843966782
378.02 2.34901257790625 2.28741439711303 5.19029690697789 2.26217998638749 2.15104215219617 1.38955476749688 9.34909584932029 1.45144720068201 6.64404359832406 1.31864047786221 3.58599499613047
400.312 9.80300080217421 2.09431775426492 8.4240635279566 2.17886495403945 9.19165243022144 1.62883988888934 6.83752345480025 1.65123506011441 4.3962049074471 1.88273577643558 6.05990884639323 1.75548956682906 2.2119452599436 2.29083472853526 5.47020460665226 2.31353850299492 2.1841572150588 1.38791029788554 3.50466313399374 2.47689781691879 4.7566581685096
404.681 5.82080127857625 1.36936968676746 8.80925631150603 2.14234325401485 9.7385458573699 2.42046224912629 2.03092940896749 2.0765427925624 4.02775714732707 1.82077301880345 7.18572825193405 1.5301659767516 4.0092315133661 2.26096150940284 5.05221077054739 1.56755744088441 7.82311638817191 2.01887482488528 5.03492719493806 2.40337017728016 2.86121940240264
416.108 8.91912072524428 1.63611066909507 7.25459816865623 2.01839646492153 8.98799034580588 2.27638942729682 7.92324401810765 2.14466297728941 3.88220695592463 2.44160770568997 8.77299013361335 1.85129055343568 2.08780787698925 1.57030528914183 7.32206941023469 2.39298676783219 6.80534399673343 1.37662673238665 5.33218848332763 1.36813523471355 5.01951584964991 1.67050281893462 4.16800511442125
439.152 5.77891626022756 1.52668477566913 4.64229897968471 2.49899587202817 8.14620577543974 2.00530756572261 4.65332292206585 1.79043852929026 4.6590376123786 2.21483303159475 9.32414264045656 1.64350772770122 4.04208371974528 2.00322004491463 9.43914490006864 1.30909881154075 8.41349727474153 1.73898002635688 3.03699092194438 2.46297122444957 8.38783620856702 1.87592705311254 4.7353813201189 2.25062639955431 6.68877015821636
472.351 9.37957714498043 1.48942214474082 2.93857392854989 1.94093721788377 3.67788131348789 2.20208941148594 7.33003380335867 2.21247764276341 8.38757058605552 2.19809567071497 9.90513914264739 1.65401104642078 7.52623482979834 1.4093761138618 4.6323268879205 2.40794897405431 5.41115680895746 2.19629079466686 7.28168756328523 1.80178566649556 9.81089697964489 1.375064490363 4.54352510720491 2.45800757817924 7.38711769133806
515.437 2.0426369458437 1.82683440269902 3.26564433984458 1.75815863357857 7.47005296126008 2.4564168902114 3.69465161673725 2.06287333257496 2.62518822774291 2.27076001567766 6.88267579302192 2.08211623067036 3.28648675978184 2.07827795157209 7.55009734258056 1.71708775451407 5.08912298642099
533.963 3.47323792800307 1.33239595545456 5.28959479555488 2.00495151728392 2.58000340498984 1.5907211298123 5.32442940212786 2.39408947033808 8.8509024400264 2.13833940299228 2.64240785315633 2.49321897607297 9.7978084962815 1.69241042155772 8.33958961255848 2.22944762185216 8.74755180999637 1.60257376171649 4.64728776179254 2.04812490763143 5.52911940962076 1.30582581218332 8.4400052074343 1.72507209060714 2.42526117153466 2.30933405123651 5.84564313478768 1.66985609196126 6.09235577099025
588.437 2.1604580655694 2.14510569181293 9.84066023677588 1.55160780148581 3.97971312515438 1.54411898143589 5.11524400301278 1.62398909348995 5.90517355874181 1.5274687401019 2.53700566850603 2.49155770130456 9.93429281935096 2.34994636280462 5.00765339285135 1.56656894292682 7.93304478935897
589.541 2.99757422506809 1.63443576088175 7.29304467514157 2.17922302335501 4.9043704289943 1.38577953148633 5.65138838812709 1.68074758332223 9.06781516037881 1.45301395189017 9.72059345990419 2.48283969052136 3.51810163632035 1.88018912514672 7.94478210248053 1.82071704724804 2.33029799163342 2.03160532256588 9.4248612690717 1.4304347967729 5.49730139784515 1.66890833312646 4.61376943811774 1.73780066883191 4.63929141126573
597.982 2.1540922857821 2.15000666016713 3.62808635085821 1.62545623164624 9.48066881112754 2.34120141454041 3.69837404228747 2.01668753428385 5.078304188326 1.61695156991482 5.01272329688072 2.17081733122468 7.21484167128801 2.41481274385005 8.64716034941375 2.27880776757374 9.05836581625044 1.93210423504934 6.55456187948585 1.38877681205049 9.30135717242956 2.4036325073801 3.57829951681197
659.609 7.11365303397179 1.37746606152505 6.28185068815947 2.00779728684574 9.68137674592435 2.01160546177998 9.72624946758151 1.43558882540092 3.4506433904171 2.15867354497313 6.48874600417912
667.27 7.41783730871975 2.00980806490406 6.87182236649096 1.90587283773348 5.62639477476478 1.67946212599054 6.76668701320887 1.65741229336709 6.61463701725006 2.06863691750914 8.91297873482108 1.76357080386952 2.09485735744238 1.87773189367726 2.75818455778062
687.866 8.2929539270699 2.41657096846029 7.23979859240353 1.76457785516977 2.84296252764761 1.47263449635357 7.95963967964053 1.92223211387172 7.04542971029878 1.30468986816704 7.64293185248971 2.39909148840234 7.72571010515094 1.45600489126518 6.82140025123954 2.22883671801537 5.6725741699338 1.66158052943647 3.92018526047468 1.59640034865588 8.14733495749533 1.56849145283923 6.16946717724204 2.4796214367263 3.7448590118438 1.79668883373961 8.49781627580523 1.56497749444097 5.01387134194374
733.32 7.35774301178753 2.37397739458829 8.35878782905638 2.45448973560706 4.93810799345374 2.19270422775298 9.44392429850996 2.32562052551657 9.6165432240814 1.53068224387243 9.2947211842984 1.69659558208659 4.3746791779995 2.00767704704776 9.07173382863402 1.7739006546326 9.84507794864476 1.95882468987256 9.9690953977406 1.93294183863327 3.04871336370707
748.778 3.47478042915463 2.21274522803724 9.89311029948294 1.33521262137219 9.31980805657804 1.46610456351191 4.76092169806361 1.85108861550689 3.02602480724454 2.06634234748781 2.42097812518477 1.62045479277149 6.38889531604946 1.50366892842576 2.99685623683035 1.89784818161279 2.53623588010669
761.632 3.34457144699991 1.82990773282945 7.84371471405029 2.01496298760176 5.22189133614302 1.44166389610618 4.48283601738513 1.32282807920128 6.70944740064442 1.75871486980468 6.10863541811705 2.28784671192989 6.19232441857457 2.0400614740327 2.47901243157685 1.83924542134628 8.88075079023838 1.53233974426985 2.4580991845578 2.44321916121989 3.85022247955203
770.32 2.56823354959488 1.60300609273836 5.60291027463973 2.38844989845529 8.78466090373695 1.81630579745397 9.74180431291461 1.40763822514564 5.1746797580272 2.29982903618366 8.78253890387714 2.23745851572603 3.85229744017124 1.74455998251215 4.10447939485312
780.513 6.53694839961827 1.61013852683827 8.36786087974906 1.34183748317882 6.46686049737036 1.69641911201179 2.6347621884197 1.71549540776759 7.10420486330986 2.39253944829106 5.23492707312107 2.43781819418073 5.98629625141621 1.79358628792688 3.48269517347217 1.9730255597271 3.03897918947041
801.608 2.0016080737114 1.43843622496352 7.17552803270519 2.30710623972118 3.37432735972106 1.81591887231916 4.22619082778692 2.40428527826443 5.62952047213912
808.692 5.6663339342922 2.08327725641429 3.28125758096576 1.59645542893559 5.24650274962187 1.78399597192183 5.18161990679801 1.46603117855266 6.65429504774511 1.96105208061635 3.34958035685122 2.45871092434973 3.63631978258491 1.67368745431304 9.50083791650832 2.01080635432154 6.87277906946838 2.48045308943838 3.70068737119436 1.70285599566996 5.53633837215602
824.864 7.00496392697096 1.42924344614148 2.38013174943626 1.39515211861581 2.71391741745174 1.32907571010292 5.16270321980119 2.28146385941654 2.77073400467634 2.39159374861047 7.70228193514049 2.40835383925587 7.90808579139411 1.94492127252743 6.82869305834174 1.49254439389333 8.36250098608434
865.63 8.79082464240491 1.97077883221209 4.98684776388109 1.73604643121362 9.81355393119156 2.33284135013819 5.4974281731993 1.94345040665939 2.41373731568456 1.45550772259012 9.07303395494819 1.52593842670321 6.74413398467004
870.655 8.97121939994395 1.93769027646631 3.45486470498145 1.50037117982283 4.66572677716613 2.32139860615134 4.53007012046874 1.51016429932788 2.67278141714633 1.66265090936795 9.61963582597673 1.66359619917348 8.27949666976929 1.913572181575 4.90190359205008 1.79301284588873 3.31949953176081 1.46653834208846 5.52145026810467
920.721 9.37120519764721 1.39316875021905 2.31118559651077 1.80500634321943 8.62639613263309 1.62928113183007 7.90452533960342 1.80809171143919 5.76259702257812 1.3541027165018 7.20103688538074 2.02732030814514 2.36333744227886 2.42074489695951 9.57323536463082 1.91817327924073 4.99518435820937 2.28257883442566 6.4830861967057 1.43520015543327 4.02200941555202 1.70292556826025 5.77178674004972 2.4935308560729 3.76157167181373
921.215 5.39628003165126 1.61538513274863 2.73561674542725 2.28732395777479 5.78424966521561 1.55183656010777 3.77396761067212 1.51458793645725 6.45131038315594 2.07411233149469 4.92529429495335 2.46235608216375 2.23951845988631 2.47862080819905 7.57923639193177 2.25187393743545 7.65891892649233 2.16979148713872 2.3369900546968
938.737 8.72661666944623 1.60732417907566 3.3261235486716 2.2456071334891 5.18598036654294 1.5707240825519 9.02853359095752 1.54707385180518 6.41828697174788 1.78613012544811 5.48459962755442 2.08801381876692 8.91390246525407 1.97943854294717 5.12742666527629 2.21432147957385 6.05367338657379 2.12201385758817 4.8933880943805
980.978 5.66490467078984 2.31681198040023 5.38735635578632 2.09163540136069 6.57956330105662 2.49249831037596 4.49773511663079 1.72203883295879 7.2421692609787 2.09540053270757 9.80983605608344 2.09124359516427 5.21896838210523 2.13074301658198 5.32595720142126 1.80578123312443 6.48437391780317 1.61617808761075 3.39989060908556
1024.99 5.96613031439483 1.48766794037074 4.62189937755466 1.4027680597268 6.22123656980693 2.45151902064681 9.41287118941545 1.32858154689893 9.60593368299305 1.74311878634617 8.17804267443717
1027.72 7.9516334682703 2.31470472915098 3.48024578765035 2.27118905568495 5.61387771368027 2.40157289495692 3.9452355466783 1.86373321879655 5.43622592277825 1.55353560373187 6.80382061190903 1.97631813138723 2.33089125342667 1.92466831570491 5.20430064201355 1.44766248865053 8.49342136830091 1.82991299554706 8.45333269424736 1.98725351514295 2.8917304109782
1037.21 9.30485428310931 1.54477905575186 7.95259461179376 2.07811981663108 2.10451243817806 2.38700754446909 6.72294240817428 2.33304167538881 2.69623368233442 2.30439239293337 2.38684398680925 1.70784957231954 8.10153451375663 1.55356880137697 7.9263366907835 2.0440186993219 6.91570463404059 1.88081087237224 5.48794574849308 2.33500678744167 6.28617279604077 2.47146507939324 8.19982706196606
1051.14 3.29726323485374 2.37833831273019 6.30708775296807 2.44837442589924 2.89053393900394 2.45300997514278 8.06416040286422 1.36011201357469 6.83179530128837 2.4377851982601 5.11369151994586 1.41718496223912 6.43618436716497 2.37561869500205 2.17162980884314 1.84168588537723 7.08989617042243 1.86276698959991 8.45742001198232 1.56400686167181 9.59905057400465 1.74295871434733 3.83809917233884 1.77362646050751 8.65995972603559 1.50685608061031 7.53558963909745 1.71973225865513 3.1801656614989 2.35038588969037 2.81943321600556
1071.61 4.21908090636134 1.37636815346777 4.02013907022774 1.60304776532575 7.5685515794903 1.34847972681746 9.54035868123174 1.71317990478128 3.42034423537552 1.47437752708793 7.04543262347579 1.49471440995112 7.65209483914077 1.30397946806625 9.61604510992765 1.8662682807073 4.32844023220241
1080.08 9.36910557374358 2.39490713756531 2.71268602646887 1.85942357582971 8.48798359371722 2.36202944926918 6.40673942677677 1.63088755682111 5.63124550692737 1.81241835094988 9.46385765820742 2.38133597048 2.07840658724308 2.16588441999629 6.56506001204252 1.5406190847978 3.35435217060149 2.38892428344116 4.78777730092406 1.88920998023823 6.00368675030768
1099.73 5.20095724053681 1.7429677978158 9.08955190889537 1.34373410223052 6.30502385087311 1.46802872102708 9.78843802399933 1.30533451000229 8.29320873692632 1.61836605546996 4.25469510257244 2.09859283892438 6.62749954126775 1.64022584101185 4.51549462974072 1.99138076594099 8.3107887711376 1.6998384848237 7.42673954553902 2.12743222042918 6.3366138599813
1108.97 9.14804816432297 1.73647908605635 4.63582172989845 2.34612385872751 6.02064629644156 1.49607246406376 5.91122301109135 1.71652886513621 5.41951698809862
1131.21 4.60696108080447 1.5834269487299 5.69867997802794 1.62488821689039 2.60913538001478 1.6487181221135 2.4771732147783 1.53028585417196 3.05523199215531 1.98089130055159 2.09482332132757 1.58558435030282 2.53521111793816 2.40727344183251 7.17318419367075 2.26663741348311 9.26759673468769 1.90470278970897 9.23733865842223 1.3593440040946 7.77155272476375 1.4450347061269 3.99366648308933 1.9710468779318 4.00435966812074 2.33313389755785 5.99224614165723
