# Using the following values to generate the workload:# num_procs = 50
# mean_io_bursts = 10
# mean_iat = 25
# min_CPU = 2
# max_CPU = 10
# min_IO = 1.3
# max_IO = 2.5
18.6163 4.66127198375762 1.37972511965781 3.69136001169682 1.76382499458268 3.59592031314969 2.20490830224007 9.51921847835183 2.40888371272013 8.89818573184311 1.91139795696363 8.07785820402205 2.42145411940292 3.43274564854801 1.94472730774432 9.30568929947913 1.66834027981386 5.49939366430044 2.26163879958913 2.90103496611118
22.5668 2.34947409853339 2.27769698407501 6.29337074235082 2.48153188340366 2.15615389496088 1.47929065674543 3.05150040984154 1.64650153564289 9.17926816083491 1.95990360593423 5.04053202085197 1.3573592806235 9.16130978800356 1.49752246877179 4.37290343083441 2.08360279249027 4.32334822230041 2.3619606975466 3.01657531037927 1.43545552492142 8.26626084931195 1.39181836945936 4.2547441162169 2.39448408028111 8.20276035554707
65.3088 2.67760929279029 1.50961361108348 7.70609305053949 1.74535142416134 2.44330631010234 2.16619555065408 2.74668658897281 2.15950282141566 9.72766988910735 2.36454699831083 9.40203440748155 1.86455942969769 2.59079465270042 1.59787921812385 7.00962144881487 2.07886647377163 6.24318736605346 1.56213751900941 6.42933556996286 1.57551601519808 6.46961687132716 2.14450708897784 5.95106199756265 1.50729141822085 9.42434484884143 2.29692731043324 8.37955109030008 2.06322055067867 2.31926111131907 1.36175032248721 3.14573332853615 1.37032326459885 5.29763705097139 1.79242514232174 2.51879173517227
77.8994 2.0985389854759 2.46612731106579 7.24476535432041 1.72275369307026 8.88355778157711 1.94265677118674 2.42828563041985 2.35091175548732 9.19630675949156 2.00255465619266 2.30569344945252 1.53551163999364 8.46700533106923 2.06869998211041 6.98005756363273 1.59325776835904 2.85456485114992 2.07558813234791 9.46082756668329 1.69945663688704 9.06757648289204 2.28898127041757 9.62736642733216 1.48278478663415 6.17364796809852
80.3604 9.85562918893993 1.81064860373735 9.48617749474943 1.87234676117077 2.91844202578068 1.90974632166326 4.98211703449488 1.38888435186818 9.85115744359791 1.66058054659516 6.88786891847849 1.84573364136741 5.93797859176993 1.41925208652392 3.83165070787072 2.45700095491484 6.79098832048476
101.199 7.56443081982434 1.63649348290637 6.23421751707792 2.48834081012756 7.64698332920671 1.59684292040765 3.50885955803096 2.25334649505094 4.43996973149478 2.4203193821013 2.95182335935533 2.19865046385676 9.13889857195318 2.23567676926032 4.57206419296563 1.72468641716987 5.21238122135401
103.392 4.70348551310599 1.81718815676868 8.17240019887686 2.41847490267828 6.60952024534345 2.40579454582185 9.02529388107359 1.84807695355266 2.38677409850061 2.21713515594602 4.59697647765279 1.41735186940059 6.23309020511806 2.30179571090266 2.8037117253989
128.07 9.0736146569252 1.93258875599131 2.14485154673457 2.17779774386436 8.95457543432713 1.66335478974506 4.90443073399365 2.00127612845972 7.09150851517916 1.70358651177958 4.0355754327029 1.42648982834071 8.82026043348014 2.4440091217868 2.14400394819677 1.81949100364 3.38087416812778 2.09633858725429 8.56086824834347 1.78557145120576 4.31924903020263 1.90252812644467 4.63161440193653 1.8292316172272 7.89555316418409 2.05416125087068 9.63636179827154 1.62611453989521 5.11261960119009 2.41969124730676 9.9661476816982 1.41451194398105 2.27357289008796 1.42099719177932 8.86271856352687 2.30218417523429 5.94884358905256
141.627 2.56412547640502 2.1818894254975 7.24029308371246 1.68898391854018 4.33652360364795 1.83748624315485 9.9915081243962 1.46010683849454 2.26610295288265 1.95886408705264 6.23371477797627 1.31761119691655 3.16542693413794
200.04 7.47485995106399 1.87506683850661 8.47189098224044 1.71999956844375 2.68680371902883 1.41308566313237 3.02608612179756 2.31356342127547 5.59854525327682 1.8532536610961 7.84726339578629 1.87706504482776 5.42477737925947 1.39082562690601 2.77577397599816
216.913 5.74687714129686 1.91298894276842 5.86843328550458 2.45587506303564 5.09283146075904 1.31150612402707 7.45108498260379 1.73749990044162 3.23127373494208 1.87002307325602 5.20668923854828 1.86049938388169 6.24839028343558 1.4814230629243 3.97312848456204 1.8354190710932 4.68250488303602 2.01373286228627 5.04845739714801
225.004 5.62244106084108 2.49361065514386 7.53289674222469 1.82218261212111 6.70418018847704 1.88254665136337 2.02782075107098 1.70675507709384 2.13821475021541
267.639 8.50077995471656 1.60114164203405 6.21255095303059 2.3292414101772 6.04188197851181 1.49901671847329 2.56559528969228 2.21000242736191 5.89798790775239 2.22129225917161 7.72172378189862 1.8164172030054 4.8367160372436 1.47888052659109 5.0469071418047 1.37708515347913 3.98409660160542 1.82747387094423 6.0312901251018 1.71075499979779 8.11076403968036 2.28053915500641 3.70060062780976 1.36358495457098 7.31618733890355
268.138 4.40412545576692 1.8522611213848 5.88852779194713 2.30747406138107 4.36582836695015 2.24144482146949 2.54255093634129 1.6577920852229 3.08267906494439 1.53619496263564 8.1608605235815 2.24810103941709 5.67963212542236 2.06839843196794 7.89390469156206 1.5983288298361 5.17127153091133 1.30859823506325 3.78907579556108 2.31582763819024 3.27022358961403 1.88724152492359 2.34601084142923
279.326 9.77389658614993 2.40200263150036 2.75837188959122 2.26339961979538 4.50502632930875 2.32746157981455 4.12846607156098 2.37098697852343 6.28405268676579 2.32848219079897 2.64671154879034 1.94233548054472 6.10051883384585 2.21271947547793 3.87227018922567
292.615 6.3566581979394 2.23584974966943 2.42401753738523 2.30123747335747 6.38292350806296 2.30563820246607 4.0412475373596 1.91550150373951 6.45191002450883 2.03302289489657 5.08755864948034 1.8369916787371 6.00052382983267 1.54933513393626 9.15829833969474 1.98568582544103 4.79539895802736 1.59606330562383 6.22729376330972 1.45757447555661 2.25727125443518 1.44344125213102 7.86147732287645 1.71484154192731 8.98643525503576 1.75944947013631 6.86200897023082
333.583 7.63777591101825 2.32563304612413 6.9295341540128 2.38423603773117 6.56521607749164 2.25261014765128 6.81509521044791 1.55076995901763 6.56618280895054 2.09626484522596 5.44874863512814 1.83429270256311 3.52683250792325 1.35386516805738 6.55590466968715 2.40973629225045 5.80181193351746 1.50497843567282 9.42297969013453
334.708 2.00845710001886 2.4111299761571 3.33534562401474 1.30755143035203 4.11392645165324 1.61033846847713 4.80724692717195 2.07107538860291 3.11603087000549 1.36415715413168 6.65967545099556 1.62753839362413 5.98390254192054 2.13680349187925 5.51882655732334 1.53752486025915 3.37291208654642
348.522 3.36099437810481 2.3811406978406 5.95930055342615 1.69601361257955 4.27744783647358 2.10189918652177 2.46777414157987 2.07162309987471 4.79106047004461 2.28640143852681 5.76716108433902 1.85080421613529 9.40474313870072 1.49946727789938 2.92151720635593 1.38159208744764 5.70512649044394 2.00065510543063 5.90061338432133
355.798 2.44233444705606 1.30615022927523 7.46720732189715 1.65347998719662 5.22608797997236 2.21516592446715 2.61773611605167 1.84690454071388 3.99074687622488 2.15710611008108 3.92111569456756 1.58386074295267 7.34459286928177 2.33086930401623 5.3044560123235
380.758 2.49786226823926 1.42215586332604 3.74881683662534 2.32253965502605 5.05292424745858 1.64084294019267 6.49595582485199 2.35301723284647 6.96648913435638 2.01104178968817 2.46838656999171 1.97839357359335 5.39251902326941 1.53180332062766 2.57902702130377 1.74811509242281 5.4813043884933
456.336 6.31613433919847 1.67514293296263 5.92539528012276 1.47592463279143 8.56528898514807 1.85201217131689 7.12431495822966 2.38006139928475 9.86857042089105 1.91810353342444 5.79782507754862 2.11585792806 3.32328703254461
482.805 8.81237571500242 2.00900703519583 9.34333539009094 2.10287792291492 6.33537318371236 1.99234287124127 2.11132504045963 1.83795872153714 8.13618826493621 1.93074435032904 9.38497417978942 1.32797114178538 2.75085429288447 1.52285627825186 6.50426888093352 2.43521808814257 9.84286097437143
483.224 3.77733765915036 1.5476109135896 6.8567549623549 2.06377789275721 7.38944692909718 1.41894911564887 7.56945407576859 1.58974327687174 2.36723171174526 2.19645507214591 5.11237638443708 2.29540703212842 5.30473497137427 2.04692962728441 7.34783424623311 1.32265256578103 2.08182039111853 1.31081975959241 4.13757435791194 2.28384604323655 7.66328313015401 1.74171168999746 8.8246755450964 2.38230183310807 4.73680664040148 1.88690230036154 8.94789346680045
484.798 7.8566095083952 1.79100988842547 6.64703565277159 2.49281287454069 9.72051277011633 2.45424089925364 5.7974312659353 1.30342121934518 8.62755550630391 2.36977729052305 5.54010511748493 1.32361200060695 9.57791101559997 1.60039411373436 3.99859468638897 1.46411362541839 7.19065504521132 1.51297048283741 2.03243715316057 1.64567082729191 8.58975420333445 2.04436305444688 3.02263979613781 2.48252528756857 9.08285298012197 2.09430552981794 8.565942524001 1.56113276267424 7.8293336071074
514.712 7.33304467797279 1.74677469534799 7.52692812867463 2.30614458676428 5.70856616646051 1.84779787668958 8.43697219341993 1.77315720524639 6.34768713638186 1.58438569903374 4.57875773310661 1.52348869424313 8.6315728072077 2.39373170500621 8.00258233211935 2.4217690336518 8.62934133224189 2.49964342294261 2.58809782192111 1.82903493782505 2.35851682908833 1.9193618811667 3.24117892049253 1.81030731191859 2.76819762401283 1.5193528464064 9.62752598524094 2.2456172529608 7.87716459296644 2.0053978622891 5.47263464145362 1.46308434642851 3.36940518766642 2.18408415950835 3.32532258704305
520.852 9.96851548925042 1.51881366763264 7.35170359537005 2.21687929499894 7.74361053109169 1.41784710157663 2.27998661063612 2.22195463515818 8.22854790464044 1.38317195968702 3.82567356899381 1.74377895789221 2.02889808453619 1.37343765627593 8.02468992769718
529.69 5.24834929779172 1.65261216014624 7.90484894812107 1.88360343305394 7.67111850529909 1.64432703778148 6.63456075266004 1.63735553761944 8.70888858102262 1.45425095874816 7.93701865896583 2.46861738450825 7.61675133369863
536.157 7.99865256808698 2.34839753909037 9.06099557317793 2.07826773123816 9.23761256784201 1.79518884913996 2.4093190357089 1.46938675278798 6.32834805548191 1.78394583500922 4.92704480141401 1.56581036392599 6.89476570859551 1.32325141811743 2.34478447027504 1.69080401780084 7.66566899605095 1.71281314929947 8.51480592601001 2.38214566204697 3.44054847210646
606.949 3.63151027262211 2.37498707389459 5.77082815952599 2.08321726853028 6.0847772564739 1.96906523760408 2.88360011205077 1.72043948816136 8.25732217170298 1.83187187062576 9.88450204581022 1.53833998385817 5.22012388333678 1.57305862335488 3.05891058407724 1.85859333798289 7.03879886865616 2.36264243070036 9.95191837474704 1.67075565708801 5.046142231673
635.757 5.862089920789 1.39582922300324 3.58262632600963 1.80182712506503 5.93964030221105 1.69988560341299 7.61392796784639 1.55918057467788 9.27711290307343 2.15482447249815 5.45349946431816 2.22963485820219 3.35065849497914 1.79466721061617 9.00041853263974 1.41961540682241 2.8517155572772 1.55576371196657 4.42190797999501 2.12224796079099 5.02442828565836
656.201 7.0055931545794 2.43048723917454 7.88660516776145 2.07832790799439 2.53240100480616 1.41411574985832 2.21856417693198 2.44381365496665 8.02828678116202 2.02906881226227 8.96521009504795 2.02263276120648 5.13666411489248 1.32162200156599 2.62514078617096 2.33046673294157 3.91547655873001 1.34674700777978 3.94060110859573 1.48757230369374 5.22853298485279 1.42868425166234 6.56841546855867 2.0193124672398 2.0676407571882 1.75095430817455 8.86476662941277 1.8244770125486 6.11464569345117
713.14 7.29691470228136 1.54210375342518 7.12077584117651 2.49668670715764 7.29263916797936 1.32912785224617 4.314428107813 2.02858925592154 6.63914548978209 1.94048543442041 7.99173874594271 2.22881090957671 2.26754607632756 2.0197510802187 5.35049718618393 2.42386575276032 7.47565171867609
732.073 9.65007306449115 2.19048599116504 8.54675008170307 2.1417806841433 8.10106331110001 2.06203041374683 5.87377725169063 2.43892179913819 2.26027935929596 1.81766257612035 7.5211271867156 1.53047561012208 2.47899569757283 2.06622195821255 7.00868148542941 1.71107333777472 6.20025066286325 2.23784857066348 8.79352207295597 1.94913654671982 4.82928507402539 1.43541068369523 9.51936758309603 1.83249556636438 7.07866773754358 2.36223221980035 2.7569363489747 2.13056630874053 6.83906043879688 2.46102385800332 5.72097777761519
754.432 2.78301204554737 1.30856432495639 5.11191041581333 1.79307536762208 8.98758239485323 2.38792176926509 5.46625150367618 2.04418325088918 8.24476448446512 2.36307378998026 2.19857455417514 2.00467570573092 3.11253283172846 1.74647194240242 6.32440365105867 2.48433541180566 9.53031048364937 1.86853174604476 3.38725483231246 1.55612648744136 2.31360498443246
767.811 6.83463286422193 1.76818394996226 4.00324464589357 2.46192827569321 5.36957278288901 2.37594333281741 5.80872792750597 1.75428802967072 5.78017124719918 2.26853576116264 4.58141529746354 2.43660276625305 9.91955435276031 1.68717187847942 5.57556295022368
788.267 7.30921340361238 1.85475089056417 6.10295955836773 1.32602885477245 4.32083610631526 2.22662155367434 9.02766004391015 2.2651440304704 6.97813579440117 1.3251175600104 8.9566142577678 1.77593343462795 6.01185958273709 1.8387013441883 7.83392256498337 1.48950117854401 6.25324532575905 1.9463537517935 9.79281980730593 2.28069803090766 4.07863757386804 1.34083858774975 6.25882759876549 1.67534787496552 8.97053644619882 2.14900305690244 3.48822138272226 1.78623734703287 8.06806494109333
801.789 6.69957959838212 1.84127418668941 5.63960078731179 2.46923393048346 5.18724851310253 1.85166881782934 9.80081324093044 2.15424485076219 8.42028551548719 1.74874682864174 5.31554293818772 1.99551768694073 7.91416251286864 1.73901134673506 8.37354294210672 1.96396121904254 6.18001056089997 2.19785353820771 3.5048439912498 2.10702477451414 8.5767488963902
852.212 2.41064245812595 2.22126580951735 3.02540266886353 2.11572843715548 6.73788476735353 2.10110355168581 3.13864526897669 1.86957954708487 2.24108820781112 2.35639514653012 6.49494628049433
916.938 7.86921206861734 1.61380284400657 9.87352210283279 1.40871885167435 4.7701078504324 1.82344427770004 5.8486253451556 1.45791289350018 7.60075216554105 2.13096954897046 9.95629452914 1.59413543660194 9.29807494953275 2.19054834051058 3.67442611418664
974.632 6.05878679640591 1.91547094024718 9.46035029180348 1.48733071126044 7.26445649564266 1.47556808674708 8.82621335051954 1.49544667899609 5.765599925071 1.45335604446009 3.19140603765845 1.74329580906779 8.88604073598981 2.00135169383138 3.79833845980465 1.51036004079506 5.75326144509017 1.44889862071723 5.19180072657764
987.554 7.10667949169874 2.44562053177506 5.00292814895511 1.78222203236073 2.6552815772593 1.80984922163188 5.79967926628888 1.71006210139021 4.75165202841163 1.81852375157177 8.96958110295236 2.01218457445502 9.87358695082366 2.06819568295032 5.91467638500035 1.96681809714064 9.30389862135053
991.526 6.38174009509385 2.29841804839671 3.78766213171184 2.28595206206664 8.15635387971997 1.32386200288311 5.86191370896995 1.46165908006951 5.11542753130198 1.78957252390683 5.61100754514337
1018.78 3.50365728884935 1.52887077238411 3.78028508462012 2.18605025783181 2.18391565978527
1046.13 3.87191566079855 1.35989657435566 9.66601526923478 1.84910935033113 7.71413581632078 2.30927847558632 6.72423540987074 1.6991269255057 7.09465918317437 1.89164321906865 3.87048870883882 2.25622957302257 6.12319438904524 1.55253444546834 6.71369990333915 2.04895151443779 4.10922657884657 2.03570422464982 4.98679951578379 1.79910736205056 6.92916163802147 1.78160493737087 9.55240221507847 2.38021359425038 5.71145990677178
1049.42 3.1622308678925 1.6514995153062 2.12782464176416 1.38342503784224 3.17809770256281 2.13933066753671 4.51492927409708 1.61258317651227 8.49017588235438 2.2579640106298 8.40907782688737 1.77621460696682 5.18365902081132 2.26423396784812 5.89944164454937 1.41932603921741 4.4274939391762 1.3686474237591 4.98698768205941 1.52459984347224 3.00317151471972 1.37708390653133 9.13448789529502
1091.68 9.99268253333867 2.44474787116051 6.18601963855326 2.33164493851364 5.02091546542943 1.80808882610872 6.32262067124248 2.17979627344757 9.50936398282647 1.54661489566788 4.69737920537591 1.4925251015462 3.90061740390956 1.84657326387241 2.04297394864261 1.48562433430925 9.66836004890501 1.58906385041773 3.7582597117871 1.77273252829909 7.15187272801995 1.74176826812327 4.94733174145222 1.56064101178199 3.52534164115787 1.48481806647032 6.73656474426389 1.71644358457997 3.95388985797763 1.67027927720919 9.49366236105561 1.93262917492539 7.1636861115694 2.49635878643021 5.39909415319562
1126.96 3.92609326541424 2.40307188909501 4.31624012254179 1.58650300242007 3.95096424408257 1.34425377855077 3.96108105219901 2.10940728969872 4.40984066575766 1.71607450172305 2.88251998461783 1.93029512837529 6.42891643755138 1.62918092561886 7.33143594674766 1.88862720159814 9.33855230361223 1.42012594044209 8.93054325692356 1.61668820604682 6.34862766228616
1147.13 5.33283852227032 1.35850008334965 7.10276407189667 2.19139201370999 3.86452768743038 1.48702043695375 4.52777633816004 2.49847924113274 3.88391152210534 1.92194943642244 6.46178050898015 2.44142518583685 7.01225509680808 1.47015290316194 5.38206618651748 1.67580230599269 6.62455559149384 1.84192622834817 4.14480079896748 2.02453414034098 7.36848573200405 1.39716966897249 9.9349405374378 1.44444038169459 5.25900164991617 1.35630824975669 7.13515238463879
1170.98 4.01735908165574 1.32290371581912 6.49781897105277 2.40492243729532 2.40698377601802 2.39759838730097 6.77432782202959 2.43962618717924 8.86840515583754 1.95367431100458 5.39567289501429 2.44867384592071 9.90902153216302 2.12212600968778 9.51868959516287 1.69529559584334 6.11098593100905 1.8713797910139 2.53836547024548 1.61851993128657 4.05513009428978 1.87924194606021 9.8510407153517 1.63536136550829 2.81511410698295 2.01315615158528 3.85275230556726 1.52810936253518 8.31617267802358
