# Using the following values to generate the workload:# num_procs = 50
# mean_io_bursts = 10
# mean_iat = 25
# min_CPU = 1
# max_CPU = 2
# min_IO = 0.3
# max_IO = 0.5
19.8292 1.49565937113948 0.380836127977818 1.35451328381896 0.385863033495843 1.56684662727639 0.310699661960825 1.05058042285964 0.425009105866775 1.49053362896666 0.440791519684717 1.20297073060647 0.37241398692131 1.19650025991723 0.318422983540222 1.93175287963822 0.347632232028991 1.88456365419552 0.422382270498201 1.59710303181782 0.387191020185128 1.04758318560198 0.489508287515491 1.53583543142304 0.468393680499867 1.41461347136647 0.366734070936218 1.4881730498746 0.317249971581623 1.5022163297981 0.339265660988167 1.6044211150147 0.375667935563251 1.13867748086341
27.9411 1.18998047430068 0.38553954125382 1.13079929468222 0.488036666158587 1.40132839349099 0.474594555841759 1.63916319841519 0.406110869627446 1.25765741756186 0.461964289937168 1.36341921240091 0.402130982279778 1.60788780474104 0.472319689765573 1.9068209102843 0.491884108958766 1.31329157482833 0.319639267213643 1.18208574526943 0.365190680045634 1.17621254571714 0.30868532420136 1.45583439874463 0.432618740480393 1.99504379625432 0.316105756955221 1.07266941270791 0.378915573749691 1.11903215618804 0.321198129979894 1.28114857408218
65.0629 1.70353284431621 0.320187830785289 1.50787326088175 0.387580003915355 1.72517002397217 0.438988007279113 1.00348234944977 0.416172587033361 1.89182379585691 0.410344067681581 1.83223669184372 0.396661728993058 1.48531079478562 0.429868088755757 1.63571370090358 0.455161166517064 1.49894285737537 0.473953249165788 1.25715773715638 0.350610090559348 1.57919444609433 0.376751195825636 1.52290843543597 0.456007996713743 1.66358075011522
108.368 1.59559146198444 0.407546106074005 1.59250357188284 0.497539593279362 1.3134168528486 0.390705289598554 1.26898586028256 0.303158932505175 1.76433271146379 0.48568417080678 1.08984094206244 0.426699526142329 1.75444168690592 0.432621705159545 1.86220502271317 0.385614811116829 1.66480807866901 0.320142784668133 1.53111660061404 0.476781247183681 1.19982799515128 0.472758106980473 1.08856300101615 0.308560099638998 1.22110062488355 0.342393358144909 1.76950113312341 0.353753951610997 1.14458592166193 0.421854256140068 1.68673732783645 0.429877588106319 1.28666521771811 0.401981803495437 1.94014034373686 0.346749105071649 1.90382503066212 0.327380993915722 1.45415160735138
191.803 1.44606857001781 0.317342927493155 1.66090299631469 0.469553975341842 1.1507582005579 0.341970634600148 1.37943763402291 0.409722103085369 1.6713782553561 0.452362278010696 1.60929942200892 0.36465573720634 1.05351408268325 0.400221331976354 1.40247357916087 0.330194710940123 1.74305425258353 0.459529579337686 1.20703647658229 0.38080346211791 1.43600170849822
206.235 1.09171366808005 0.410559010319412 1.17094186204486 0.487587154237553 1.9079747304786 0.4969033729285 1.11452330159955 0.354067270224914 1.08819753793068 0.404580518370494 1.9065852612257 0.352014521555975 1.1896692905575 0.487158193159848 1.47105232090689 0.416325095808133 1.63617689651437
312.542 1.19357092143036 0.463190309004858 1.39784357673489 0.308156013302505 1.72436315286905 0.450537255546078 1.90101201110519 0.388572102133185 1.45515512349084 0.339135198621079 1.55410757730715 0.392729786317796 1.61870896420442 0.400352113740519 1.3229393446818 0.304549072310328 1.16468172078021 0.315193684119731 1.49794306070544 0.391195498872548 1.69602752430364 0.32402002797462 1.90043997438625 0.349626607820392 1.6947426404804 0.377718000905588 1.46282780799083 0.490411906084046 1.39405185123906 0.422683460824192 1.91819815919735 0.45315508232452 1.56391958100721 0.393808441190049 1.56584717333317
350.369 1.03360874159262 0.375464986311272 1.47951584891416 0.308996733184904 1.5104706606362 0.405538919148967 1.65196198341437 0.394681890169159 1.00433946098201 0.390671307221055 1.27274279366247 0.484087946545333 1.14187705679797 0.398657137015834 1.50448604440317 0.455747978342697 1.2882578058634 0.437182794697583 1.70371338515542 0.414580217795447 1.08946988056414
386.691 1.74093948514201 0.449617812829092 1.8363173652906 0.342837321199477 1.02208076789975 0.343774776533246 1.6221840030048 0.471411121357232 1.50604605861008 0.301684471732005 1.76789344521239 0.300666031846777 1.12570738093928 0.355305866338313 1.97702525556087
408.121 1.92317235376686 0.34147425130941 1.43900197464973 0.410581397032365 1.15969431074336 0.321930482797325 1.90937677770853 0.486060659075156 1.9904832856264
486.736 1.32101464550942 0.408751521073282 1.67588847130537 0.357854336407036 1.47737941285595 0.455949467979372 1.04324556305073 0.434593383735046 1.65988641511649 0.452318486152217 1.04459668160416 0.496178146032617 1.34689527051523
499.676 1.00226656114683 0.388500874303281 1.39195495517924 0.427478674147278 1.20923232822679 0.358365166326985 1.52443695208058 0.31507170367986 1.24689497658983 0.363466222863644 1.25456867204048 0.401718383841217 1.20383264683187 0.46084234341979 1.71066790493205 0.400226225098595 1.46703486749902 0.318298506177962 1.56868784804828 0.322277654567733 1.52737949369475 0.408940977556631 1.18454811838455
506.361 1.19367745798081 0.325835529295728 1.89449194446206 0.385700205760077 1.4004606588278 0.41039141821675 1.82583560328931 0.402434352505952 1.62234413088299 0.406071934150532 1.64073407906108 0.322816746123135 1.34811423136853 0.322670803032815 1.8864233281929 0.399956174753606 1.84684311179444 0.4637668015901 1.67375567113049 0.45492474809289 1.79283567238599 0.3520669370424 1.50015663565136 0.319250485580415 1.82118427962996
520.928 1.91028084722348 0.391295395465568 1.71351739182137 0.439799189940095 1.45147305075079 0.343788470467553 1.018784545362 0.492708329251036 1.50501111475751 0.433869150327519 1.09414663724601 0.306887233862653 1.53395690303296 0.311266187671572 1.71678439620882
522.713 1.30918945302255 0.365285867359489 1.74350709281862 0.319590386142954 1.66491937125102 0.316596470819786 1.10996853327379 0.466814570920542 1.44283678825013 0.472939956141636 1.05163636384532 0.393078503431752 1.65768273314461 0.324070619465783 1.24036403000355 0.477393222274259 1.72138455882668 0.49770395369269 1.38547855964862 0.493217905890197 1.31208308809437
593.544 1.23214750736952 0.355114624043927 1.87366364942864 0.425816194200888 1.99358638096601 0.304740271670744 1.77266397583298 0.389207151439041 1.36914986232296 0.410842142859474 1.25635679578409 0.479190081730485 1.25356295634992 0.486404871800914 1.71736601530574 0.45075040156953 1.63541019335389 0.44283420778811 1.12022273009643 0.440424670372158 1.06389022758231 0.365425619482994 1.28265378042124 0.473414850095287 1.14002283965237
601.485 1.81172340642661 0.318544173100963 1.84884269954637 0.4180804124102 1.49607391748577 0.425287637766451 1.12553937803023 0.419604277564213 1.49488741462119 0.320423408970237 1.1894370727241 0.480325833847746 1.80137701937929
615.649 1.74815824488178 0.499275436718017 1.84925096901134 0.47423162041232 1.90563383046538 0.465378425177187 1.46514122770168 0.489093115879223 1.17858827998862 0.374087542667985 1.24415432964452 0.495192028349265 1.9611057813745 0.449666990013793 1.16151284333318 0.451356406416744 1.93461926444434
714.048 1.4572568833828 0.482486009318382 1.38240299420431 0.343158244341612 1.78870376502164 0.371397339459509 1.1961182593368 0.473250507283956 1.79162582545541 0.387970527634025 1.30743121681735
719.496 1.15971247083507 0.437954000057653 1.06900337198749 0.478331592679024 1.30557550000958 0.389309880649671 1.56433219090104 0.398081250162795 1.96799508179538 0.449434527428821 1.54536340408958 0.46064923144877 1.03094966989011 0.352295510983095 1.9438819414936
740.904 1.10618403181434 0.303241053409874 1.34271924430504 0.475557791581377 1.83396666054614 0.360218466958031 1.15405004261993 0.485388958640397 1.54019463784061 0.347026100428775 1.92906966782175 0.374698108900338 1.6396494267974 0.486044952366501 1.03255142923445 0.411973892431706 1.93511531781405
752.556 1.16123292827979 0.49760304633528 1.37616132595576 0.427067250339314 1.92897570994683 0.367137737898156 1.2999789477326 0.448419238300994 1.2434539871756 0.381060781748965 1.62866976996884 0.366694348771125 1.30931065022014 0.368533131573349 1.96226316527463 0.471263316459954 1.15067800926045 0.392214392218739 1.26306730974466
767.593 1.62447528028861 0.416037959977984 1.3869320678059 0.308006576541811 1.7596540749073 0.447240760689601 1.11223596334457 0.397932553244755 1.12935367482714 0.429706861497834 1.62824205961078 0.351421631174162 1.55746319401078 0.492311622994021 1.71596786566079 0.464123868290335 1.18462175992317 0.42019394855015 1.3615571600385 0.456068715732545 1.41878823051229 0.321208749292418 1.60995756764896
823.169 1.46813771850429 0.373273464152589 1.39597682235762 0.394700365094468 1.01572308852337 0.421778693702072 1.90990967699327 0.35796209750697 1.75831544981338 0.446140521997586 1.81156173790805 0.447541539464146 1.62343452055939 0.386904443381354 1.14671442098916 0.431982872216031 1.74959922023118 0.461158526642248 1.61219385382719 0.458439117157832 1.40275124670006
824.311 1.95525463414378 0.453481540596113 1.91243781545199 0.435030499147251 1.93662951979786 0.400499606924132 1.19771032198332 0.419355260301381 1.14358561299741 0.33457301305607 1.81616961746477 0.317794062243775 1.12309424276464 0.471171290008351 1.67544401995838
836.793 1.16413930268027 0.336694872146472 1.3099826478865 0.462284142849967 1.32535355282016 0.381794911576435 1.36732046003453 0.445454995427281 1.58693533763289 0.412045236630365 1.99078393611126 0.385595002956688 1.31227378174663 0.434944055695087 1.81493511539884 0.442334839468822 1.13115219632164
853.002 1.79280817648396 0.352510840026662 1.37848355877213 0.383246204117313 1.09467892884277 0.406504056090489 1.49692640383728 0.441639669379219 1.19110639696009 0.301054327515885 1.12535878410563 0.475622108019888 1.32595634367317 0.410280776023865 1.23984083533287 0.473727474594489 1.09389014053158 0.348752010380849 1.80166178429499 0.455571296066046 1.19325211457908 0.447740901913494 1.82532952236943 0.425762265082449 1.11749129602686
856.361 1.86437894054689 0.420848774211481 1.62249356484972 0.332429460482672 1.37783420761116 0.331343805091456 1.18040590616874 0.320717105735093 1.66622984386049 0.448897468438372 1.74993971316144 0.361656389897689 1.40858983574435 0.328590069338679 1.83649023645557 0.395763116283342 1.39822796918452 0.422710206825286 1.33259744825773 0.316098267491907 1.65912646171637 0.362632079143077 1.31637402693741 0.497487191576511 1.93932825908996 0.342992837820202 1.93022825429216 0.480264286650345 1.56906928424723 0.343035821523517 1.934805162251
888.227 1.85338758002035 0.439557671127841 1.47461833711714 0.447824394050986 1.09368502558209 0.410081867687404 1.43028110451996 0.33747688527219 1.58673042664304 0.403136959392577 1.91585737024434 0.472860310506076 1.90445318655111 0.470658337883651 1.34928399464116 0.423457443900406 1.34432894387282 0.370057124644518 1.56038828077726 0.455255471775308 1.81906046485528 0.482050042273477 1.13966925744899 0.473542010737583 1.08658919367008
894.555 1.62828333885409 0.344697614945471 1.90594331570901 0.434858278511092 1.7605040865019 0.396912955865264 1.15919142682105 0.365582243865356 1.36040678014979 0.454184335377067 1.82083354471251 0.457026141742244 1.07796561694704 0.355730608524755 1.43877250235528 0.464888417068869 1.39322767709382 0.487374116061255 1.32544203242287 0.334270573826507 1.70871009770781
911.897 1.74992345296778 0.338431622367352 1.03321880660951 0.432015654072165 1.03290613903664 0.447712882375345 1.6595770814456 0.438893559854478 1.48767207143828 0.438694566860795 1.29881557356566 0.470445575471967 1.8217455544509 0.481421217788011 1.35951137635857 0.33779853079468 1.93724520341493 0.302935718977824 1.47260026773438 0.436502004321665 1.04649209650233 0.391626238683239 1.81064650416374 0.387525201914832 1.55968341114931
925.316 1.7745201527141 0.420469296444207 1.25220478349365 0.416620365623385 1.0453266594559 0.46436016545631 1.49527121405117 0.463549502566457 1.82995864353143 0.393640208337456 1.44733402598649 0.319968993682414 1.17457781964913 0.459756831498817 1.8745774324052 0.333542714314535 1.10163228097372 0.402446830831468 1.4284926392138
956.608 1.26768058096059 0.328007114352658 1.61256483243778 0.328441300150007 1.40492777456529 0.3022706895601 1.52133684721775 0.39192413603887 1.90797238680534 0.427424473268911 1.67377519560978 0.499272319488227 1.81175646977499 0.317601812817156 1.56449866900221 0.452846335060895 1.02257354999892
1015.22 1.74740610131994 0.408767836261541 1.93134024785832 0.361549433739856 1.17145574255846 0.435531238745898 1.58220233651809 0.34280282529071 1.00667790416628 0.426403644820675 1.55255231121555 0.453188198944554 1.40314962086268 0.394522946700454 1.67396354000084 0.49517848463729 1.30549390707165 0.384566515311599 1.0663065337576 0.317180554987863 1.94806487252936 0.306398901063949 1.35032743122429 0.489044733392075 1.08129741833545
1027.16 1.29127607611008 0.47111892355606 1.45509494212456 0.458840367477387 1.37861138978042 0.498690807074308 1.3407059351448 0.421662830701098 1.25641258736141 0.433720201812685 1.55950419814326 0.315691138198599 1.88847053516656 0.402525369636714 1.84401264530607 0.361890400340781 1.30629993835464 0.305513191828504 1.47981927054934
1045.36 1.58656225074083 0.486358339386061 1.14918887731619 0.384110245201737 1.26049940660596 0.477858526492491 1.56501444755122 0.350695604039356 1.26501816115342 0.334925074921921 1.13712527160533 0.493730430305004 1.90317854727618 0.461949440510944 1.33960674004629 0.346978000877425 1.56100092525594 0.486135124973953 1.79318650066853
1084.14 1.56895968364552 0.304458273993805 1.19402905413881 0.32001788909547 1.03166685299948 0.398266085097566 1.78683632658795 0.486140967579558 1.54041483835317 0.337077832501382 1.29744375008158 0.494862228352576 1.43528642668389
1090.44 1.71078582759947 0.320700807496905 1.61826870474033 0.317558511020616 1.59212987706997 0.311384206870571 1.54291039216332 0.324080508761108 1.01776167866774 0.315145810414106 1.14598418190144 0.303054725052789 1.88484304607846 0.338101314101368 1.60960124642588 0.457233461784199 1.62133655231446 0.395628031715751 1.80286213639192 0.401927695190534 1.11643921886571 0.46092009334825 1.26731450692751 0.454801825247705 1.36593688256107 0.417969434149563 1.23198243998922 0.460400858148932 1.99971180944704
1096.78 1.64801285741851 0.325811595236883 1.68186638271436 0.464052453869954 1.39715660503134 0.341554715670645 1.03683351073414 0.473648118181154 1.75202523334883 0.387403650535271 1.41761387418956 0.459071910893545 1.37400783668272 0.301449567498639 1.93497246038169 0.474992539826781 1.57853716914542 0.473301937524229 1.48101559793577 0.42414160319604 1.36467340961099 0.458360451925546 1.89298790250905 0.355627861293033 1.68288834136911 0.37800029120408 1.46921160025522 0.34338275170885 1.91359166032635
1123.4 1.90529268607497 0.319437989220023 1.79788219369948 0.326720042154193 1.46003778721206 0.458668773761019 1.28349202708341 0.321929003670812 1.20324641419575 0.431001122156158 1.65951511193998
1143.74 1.33898239955306 0.413474291795865 1.43675049603917 0.361853707768023 1.43701377720572 0.386311421636492 1.23717164737172 0.496862717298791 1.75506970123388 0.405407408997417 1.36606125487015 0.315218910761178 1.58496881858446 0.350705330166966 1.54291022266261 0.349972266471013 1.43516279687174
1195.55 1.16720326826908 0.470883776107803 1.8757023436483 0.453266001492739 1.19719402398914 0.470901526231319 1.88427287526429 0.390334282489493 1.82784308679402 0.458892422122881 1.72816902003251 0.435496392194182 1.31427113432437
1203.88 1.51213042787276 0.316025285748765 1.61990504106507 0.418203080585226 1.53417004970834 0.32466217437759 1.34480011579581 0.415054395794868 1.91431089164689 0.42940235780552 1.31504501472227 0.436601038556546 1.55290639586747 0.320149624859914 1.65623600664549 0.326359072839841 1.37141090538353 0.396811832301319 1.20115214609541 0.459886340098456 1.68194716610014 0.348903764365241 1.36359384702519
1219.93 1.5881993083749 0.460416312143207 1.83214044710621 0.342886622296646 1.01763683115132 0.409462470188737 1.92888245359063 0.445947429304942 1.40624196175486 0.459409553557634 1.19560679770075 0.366843183012679 1.99287309520878 0.407817893382162 1.07813409622759
1255.74 1.51341804396361 0.333822766412049 1.68568121525459 0.31182866897434 1.63709402619861 0.493813612591475 1.89287522621453 0.482404893403873 1.45897938683629 0.30765445549041 1.72147777979262 0.335666702315211 1.74081692798063 0.386600864073262 1.27240132144652 0.44810096072033 1.1027468489483 0.310911025758833 1.14121139305644
1277.31 1.98663845215924 0.398417422594503 1.07173330313526 0.492134581506252 1.06718521658331 0.337218753807247 1.17248570267111 0.421186262974516 1.44563837512396 0.499274377524853 1.16010937187821 0.330228123720735 1.22187685058452 0.479545805277303 1.96869688737206
1283.74 1.0578893693164 0.329203618876636 1.43259114841931 0.413964405935258 1.11419486789964 0.303679006127641 1.21357930055819 0.336762472242117 1.42559166112915 0.358570943074301 1.03146789292805 0.426571594225243 1.20357099617831 0.328477298747748 1.68345362180844
1299.62 1.59844559244812 0.371929894154891 1.48615425336175 0.445867361966521 1.92736478568986 0.499350734893233 1.48020501830615 0.348360728658736 1.41375416819938 0.448477947805077 1.62847123900428 0.345791660295799 1.0015001797583 0.308800724428147 1.22176903788932 0.454425078351051 1.80844652629457 0.405066789919511 1.42811632808298
1360.65 1.55388200515881 0.310060711251572 1.56597646814771 0.342876504827291 1.90856605977751 0.322983925975859 1.02583427610807 0.429453927697614 1.86507478309795 0.451808599336073 1.55827640206553 0.440511755971238 1.589336280711 0.310059704072773 1.57975388737395 0.389423925383016 1.82493042969145 0.43663533097133 1.95134317083284 0.315752487909049 1.4200507462956 0.441795717878267 1.65706429979764
1376.26 1.12440097471699 0.335548346722499 1.90091297612526 0.386892224242911 1.42713018273935 0.406160929333419 1.15021216729656 0.460724469088018 1.35858380887657 0.474453780101612 1.78009925782681 0.427345914812759 1.84151491313241 0.301736921351403 1.03991059563123 0.427624183520675 1.60134180844761
