# Using the following values to generate the workload:# num_procs = 50
# mean_io_bursts = 10
# mean_iat = 25
# min_CPU = 2
# max_CPU = 10
# min_IO = 1.3
# max_IO = 2.5
29.1533 7.14499869383872 2.19782191384584 2.08308575302362 1.36493838913739 9.11883075721562 1.55921743130311 9.84029421582818 1.87385933985934 9.36132858507335 2.0257303994149 8.93791771866381 2.15079708537087 2.68917603604496 2.41634804448113 9.95614643022418 1.38431211309507 2.5810722373426 1.5303693599999 8.16468012332916 1.4774462569505 7.97928166761994 2.25687715634704 8.51347432471812 1.35689111668617 3.20434896461666
74.6746 8.53085470944643 1.51530765332282 2.63192539662123 1.92548399921507 8.67211044952273 2.43213555272669 3.1643471699208 1.33299677642062 2.20904137939215 1.94339618440717 4.44203141517937
171.17 2.70224000513554 2.31956033939496 5.4353096075356 1.77747831018642 9.5364234931767 2.46515533132479 4.44151829741895 1.41135849710554 5.90487435460091 1.40001644575968 5.94787091761827 1.66454115342349 4.5141402091831 2.41995191723108 3.91966268233955 2.48369191298261 2.31591721996665 1.9512869309634 6.6071734894067 2.49143475331366 3.91717461869121 1.82279584025964 7.09433661028743 1.82265803087503 4.72399415448308 1.37070170361549 3.53223749250174
203.269 8.83059832639992 2.39184401156381 8.1829537525773 2.09324539816007 2.10867255553603 1.97461639214307 3.41444341093302 1.65691032325849 7.11429185792804 1.32569746868685 7.86034750752151 1.86962061505765 6.02674315311015 1.82564987773076 4.86223104037344 2.06709834653884 9.98037157580256 2.40303229717538 5.61569327861071 1.9367460838519 9.2877104729414 1.78097706409171 2.76471077650785
213.286 4.42797392606735 2.28501522960141 7.33253227360547 1.30528813404962 3.30864744447172 1.42236995529383 8.34202391095459 1.98199035748839 3.81730989925563 2.34708189545199 6.98022803850472 2.34043885609135 4.18982808105648 2.20969496294856 9.13698719255626
227.134 4.94222366437316 1.42757036574185 8.15305624902248 1.95082962745801 9.79676051624119 1.90420398907736 2.98403750360012 2.3803644740954 5.47270687110722 2.11048759659752 6.91916464455426 1.93739332742989 6.40899363718927 1.92116537699476 2.83584574982524
235.314 6.35538891144097 2.00476892450824 3.08225454390049 1.44871270703152 3.84186916798353 1.42514317277819 3.01818725280464 1.38839324750006 5.12147286906838 1.67515982026234 7.01945175416768 1.7312088216655 8.12588451243937 2.34484412511811 2.83156345784664 2.0876237870194 4.1636752448976 2.2960380022414 6.22144695185125 2.10745962709188 4.12958424352109 2.18573807524517 7.11112602427602 2.01290834117681 7.57147989980876 2.03812987059355 5.0812210701406 2.15045334883034 4.11325722932816 2.29897818779573 4.58967486955225 2.2866499398835 6.07023108378053
235.78 5.51797671616077 1.89965020250529 5.29403488337994 2.24208945995197 9.76120060309768 2.21834218939766 6.23471490852535 1.57696346901357 7.61094956286252 1.8294275210239 8.93992809392512 1.32257268736139 6.98674835823476 1.94713100986555 5.7833834849298 1.89340947354212 4.97526002861559 1.83584882104769 4.32465972751379 2.16428738888353 2.80303737334907
249.588 8.11782054044306 1.36229935111478 7.84718182310462 2.26041835341603 6.13661515526474 1.94453523783013 3.25341335497797 1.33985903998837 5.19366334192455 1.85580207817256 2.06629436090589 2.42897169692442 9.71540469117463 2.12602998530492 8.5469874329865 1.62863448588178 2.95885246060789 2.10507017616183 7.64321298897266 2.34742479855195 9.44237373583019 2.38359732218087 9.3530291300267 1.8243688069284 6.2485841922462 1.39714381303638 6.17934248968959 2.12613980807364 3.346739590168 2.37886349176988 7.7768755890429 1.89663296826184 7.04806506074965 2.06146248085424 3.15751622244716 2.34277008743957 2.20182918198407
259.308 7.80139175802469 2.04349648635834 2.39875753223896 2.465851896815 7.02766597084701 1.72630898961797 7.53184152767062 1.38129190774634 4.77915930561721 2.28774600923061 6.39746541716158 2.13367473809049 2.71388992294669 2.38961466113105 9.99382420070469 1.53301530918106 9.24614171683788 1.60745679894462 2.94277045689523 1.72804019572213 8.83554888889194 2.23321522055194 8.03865744359791 1.76069083809853 7.1530913952738 1.8391655116342 5.27893581427634 1.50412167748436 7.17572740651667 1.87443956509233 3.92670585587621 1.43305246206 5.51832276582718
331.132 3.15402368269861 1.95613450240344 3.23632428795099 1.80008921679109 9.92906919121742 1.43151960335672 8.78756815195084 1.98601907873526 3.18129555135965 2.29061294868588 9.96580918878317 1.48483703918755 8.65016464516521 1.82809428237379 7.42652425542474 1.67770304530859 6.67534834332764
377.564 5.32289007864892 2.45956213511527 3.40918434597552 1.99820986930281 6.82777551747859 1.84014023924246 2.4752561673522 1.63398432163522 2.74265161529183 2.3739611107856 3.97974598966539 1.48161263167858 8.27423444017768 1.34881958840415 3.12342434190214 1.30314207514748 9.09499961324036 2.20755281029269 9.04315757006407 2.32336704023182 6.11054386012256 1.79714512107894 6.30031361617148 1.54787012869492 4.29467826522887 2.23788934806362 5.72645231895149
393.34 7.13876590691507 1.72064828919247 6.78793150745332 1.33227211227641 6.64917658641934 1.97304829843342 7.75551670044661 1.56624694513157 5.92855488322675 1.80225994475186 6.42340742051601 1.74581699417904 9.53319193050265
412.634 2.89976189099252 1.68873776076362 3.13826018571854 2.29210177892819 7.19889071211219 2.26752940723672 5.91186934895813 2.2535826629959 6.83300328999758 1.38992219129577 5.792326413095 1.55713757127523 9.85516793094575 1.98941857973114 2.24143780395389 2.08450569445267 6.53259345702827 1.87988258525729 4.01317788846791 2.1578553583473 4.90557880140841 2.18479116689414 4.50988572463393
424.58 2.91807671263814 2.38706852868199 6.39498932659626 1.45588018363342 8.18736927583814 1.34488494088873 2.77568229287863 1.70173732312396 7.16226453706622 1.43516185767949 5.0401934273541 1.3699278857559 6.35004926286638 2.30127162961289 9.87981654331088 2.2514987369068 3.53209566697478
426.521 8.58062816411257 2.23302553724498 2.9621426705271 1.86365350941196 6.54844287782907 1.60303847929463 9.95445269159973 2.14682994456962 9.16673436760902 2.08307742597535 6.78519266285002 2.28821296002716 3.74670923501253 2.03480905331671 2.14351572282612 1.97946774829179 3.82455828972161 1.93379220897332 8.71337979286909 2.47600933462381 4.89062971621752 1.36782051492482 7.50490364059806
436.841 9.6850660443306 2.34830617159605 5.81833495944738 1.47530156821012 8.31898102723062 2.20118328472599 4.40413342230022 1.70818704254925 2.31259990669787 2.40497343502939 7.86929070949554 2.37609740309417 8.4121720418334 1.44148991657421 3.96822036802769
442.201 2.28816730901599 1.79737388780341 5.53332235477865 1.98283289577812 8.03840442560613 2.47672092327848 7.2058625407517 2.23767431341112 9.01092981733382 1.37380971526727 8.46341702342033 1.42459307881072 7.31944886781275 2.15098301582038 7.65391135029495 2.15248433202505 6.26781274937093 1.87665137387812 3.96379277855158 2.2046650535427 9.56714734062552 2.36544787073508 5.04036062955856 1.99125612340868 6.04321213066578
461.2 2.04049429297447 2.05201841397211 8.05473328754306 2.16409119758755 6.6571836322546 1.81259986273944 3.54105552099645 1.95584161160514 4.80574225820601 1.3911860733293 6.27813539281487 2.20354550201446 7.53358582407236 1.34089264851063 9.63391278684139 1.68569429982454 7.09978908859193
475.44 3.41983699053526 2.30328273260966 6.86291795223951 2.05717640612274 5.46062681823969 2.13934778925031 4.83820610865951 2.23494103709236 3.55483908206224 1.39489442454651 7.84375740401447 1.36770977461711 4.74608284235001 1.62373910909519 8.35393331199884 1.38168926248327 4.23574483394623 1.84133428130299 4.57144618779421
478.599 7.87336536869407 2.3180798326619 5.40786049887538 2.12695388700813 7.07635722868145 1.56724864235148 2.67673892527819 2.21628843341023 8.8914661295712 1.44653040058911 9.9914457090199 1.99558548005298 5.42338349670172 1.76888456614688 6.13606589473784 1.96844527432695 8.78611303679645 1.4255636758171 5.39248855412006 2.20867038033903 9.22938024438918 2.13594397855923 2.43296230584383 2.46170527907088 7.10433973371983
497.264 6.32472881861031 2.43470454430208 2.15246164426208 2.12643124544993 6.88290536776185 2.2800325888209 2.28961240500212 1.62371232723817 5.01623620465398 1.97985068978742 3.50178295187652 1.84222311899066 8.01033926941454 1.97760866479948 2.0794866476208 1.57391555197537 3.33310568891466 1.86005312241614 5.79992579296231 2.22343402123079 5.58074860647321 1.42378562381491 5.15513943880796 2.27631859602407 3.07299004495144
578.881 7.16800242289901 1.60085303466767 3.60107999481261 1.31729495245963 6.01841040700674 1.44695581011474 3.53958698362112 2.30352342426777 9.9363882150501 2.48757003126666 5.3566213902086 1.33930778289214 4.22005570866168 1.67315100776032 9.35790824703872 2.19436956718564 2.8944905847311
624.093 8.008051071316 1.55923900268972 9.10209372267127 2.37309988923371 9.37424149923027 2.26154562020674 8.08447216264904 2.37747239256278 5.49294673465192 1.42150359423831 9.49660278484225 1.34797015599906 5.95090547949076 1.87389769293368 3.19816223159432
659.446 3.33091069385409 1.72265682369471 3.54375717043877 1.3059164292179 4.30153881199658 1.3407595064491 4.31664171814919 2.44757882682607 6.9613605029881 2.03965419260785 6.08951600641012 1.55595149789006 7.06410601362586 2.23622653158382 4.55273532867432 2.48884582091123 7.05635418370366 1.73518220670521 5.76035653054714 2.33859587535262 9.35297683998942 2.17588651208207 3.08075032196939 2.47920194761828 6.01345406845212
712.649 3.41313572786748 1.47055248441175 8.17042644880712 2.26830538511276 3.82300721295178 1.50515937609598 8.57368912734091 1.89994351267815 2.32711088471115 1.38854534607381 3.23516971245408 1.53341846112162 3.53998398967087 2.38194144675508 6.88706270232797 1.9423453418538 8.53870713897049 2.0080179175362 3.66879666037858 2.01625142106786 8.79035813175142 2.14208604134619 9.15827090665698 2.32172262789682 7.34184873662889 2.38425490064546 2.22288596630096 2.31903227334842 2.8425909448415 1.43069173032418 9.08647181838751 1.72042653476819 7.69065948575735 2.10525386137888 2.81240788288414 1.70863546459004 5.05981085821986 2.30013596611097 7.52330734394491 1.45876939715818 2.68924866989255
735.141 8.99013298377395 1.6971436121501 6.02563491463661 1.81984430924058 4.3049537986517 1.97725224923342 3.45945476181805 2.06159378951415 9.51696713455021 2.26160100083798 5.30916022509336 1.71663204468787 2.89825656078756 1.67820487990975 6.44239278323948
788.576 4.69814554974437 2.45498103192076 9.57288968004286 1.34660423686728 2.03736413083971 1.64537471421063 9.42599375359714 1.50749521888793 4.84148065559566 2.2886627022177 3.44259191863239 2.17331473380327 4.97250089980662 1.71676911897957 2.51025702431798 1.7173245226033 8.68950624205172 1.36760854106396 6.28159339167178 1.88231725711375 8.85911676287651 2.44385575782508 8.2264401987195 2.31701279934496 9.52983960323036
807.331 2.4492209777236 1.83913989290595 5.66757762804627 2.14280129484832 5.96535585261881 2.04366106279194 7.80733364447951 2.22224508011714 7.62173712998629 2.08331386242062 8.21067949570715 2.17522948682308 5.34744779765606 1.3057804454118 8.67340509593487 2.04359762072563 6.40003358013928 2.41793703539297 9.589923042804 1.71293606963009 5.4559815376997 2.17283007819206 8.99647387303412
817.398 4.53198758512735 1.84075390966609 9.55799615196884 2.29557396275923 3.44657187908888 2.44860020894557 9.88525679893792 1.32100265296176 5.28236601687968 1.32970067625865 2.77479362487793 2.08299822788686 5.2009156960994 2.04871666412801 6.53160544112325 1.92917574727908 6.0493677072227 1.94990098578855 4.42959826998413
841.277 5.16192572563887 2.32121340380982 2.96888229064643 2.3366107028909 2.47842837497592 1.70783575112 2.09479179419577 2.05816934620962 2.51634851284325 1.45964130759239 9.2513021454215 2.05342969540507 9.20120346546173
865.226 6.88377249985933 1.40854006092995 2.54203885607421 2.43416823297739 5.44044100493193 1.48674107789993 6.45122209377587 2.101783360634 7.56113752350211 1.44603082966059 2.28908898681402 2.26673759259284 4.09851530566812 1.92017464609817 4.31381169706583 1.38765195198357 4.49925524927676 2.01665371218696 4.57263409346342 1.61185112679377 7.65529679134488 2.49640691475943 3.24215458892286 1.94653002182022 9.5400650203228 1.89789259061217 5.50594283267856 1.79035489466041 3.4166860524565 1.41546432431787 6.7286965623498 1.74960493855178 7.93271208740771
865.921 3.47458581626415 1.64019678458571 4.73689814656973 1.64481889288872 9.91822360642254 1.41849459074438 8.92029725760221 2.40675993990153 5.30053802765906 1.47694324748591 5.63170151412487 2.31358493091539 8.83878705650568 1.51156654562801 9.17215316183865 1.92896592672914 5.45801508799195 2.23540600836277 3.06540217623115 1.48274500388652 5.96293093450367
881.888 5.16155770793557 1.6066648661159 9.52683181129396 1.47123360987753 3.1388257201761 2.29203659342602 9.585374860093 1.54438819335774 8.76272293180227 1.88089714283124 7.43531309254467 2.18552089035511 5.17395168542862 1.7960292391479 6.67138207890093 2.26982647338882 2.29863185994327 1.77139189653099 7.87032602354884 2.43786752726883 4.63209608383477 1.67788747958839 2.90534203872085 2.46152948793024 9.50514141283929 2.3853087073192 9.92082481645048 1.6393118204549 3.44192901439965
914.661 7.72349289804697 2.10956252114847 9.29238434694707 2.24100873759016 8.86089531704783 1.38862481601536 7.47068953886628 2.0202765783295 6.21341909654438 2.06787008289248 5.41703402064741 2.01234423490241 3.99657221324742 2.02666598632932 7.05618098936975 2.33451589597389 2.30697482079268 1.35054343240336 4.66410568729043
966.884 8.98612340353429 1.5271265164949 6.93399013206363 2.43615520838648 7.0251108314842 1.3759795290418 2.20211079716682 2.13734699878842 8.10835668258369 2.26747488519177 2.74185960926116 1.69519344810396 6.24787143990397 1.87415181156248 5.09139604866505 2.25929116820917 6.92913515865803 2.0998118034564 9.01090281642973 2.03025971502066 3.59559637121856 1.89230620190501 9.874856274575 2.47407561028376 7.6920920368284 1.6380265888758 6.57355907000601
974.015 2.88620018586516 1.3630282567814 7.83853508904576 2.45981909772381 9.11803988181055 1.54169065188617 7.49084456637502 1.35247361483052 9.12333510443568 2.0549995739013 7.1697862893343 1.57901170467958 8.82368746958673 1.88393198493868 8.7768278401345 2.47818159423769 5.03513202443719 1.97507836772129 5.49167429842055
975.34 8.39163010753691 2.03078648997471 9.80084128119051 1.65974936690181 5.37151158973575 1.83150715865195 2.47372816503048 2.19784021070227 5.77916394546628 1.50584043310955 3.33259741961956 2.40342066371813 2.48528044857085 1.65055233677849 6.65189097076654 1.99794392352924 6.40685498900712 2.08389926208183 4.37790996953845 1.39156840546057 8.45949681662023 1.75764685049653 9.44018705002964
995.937 3.4296712372452 1.56993842693046 7.79090863466263 1.94051331486553 4.77824570052326 2.07053945334628 7.44003655388951 1.7161213981919 7.09855784103274 2.11399986185133 3.08905527740717 1.44005747055635 8.82443792931736 1.85302222976461 9.39305204339325 2.04025657763705 5.34417012892663 2.32169661605731 5.22958881780505 2.05613976670429 4.52515197172761 2.09813442677259 9.05334919132292 1.48340626480058 5.7836183346808 2.08808831125498 5.00889006070793 2.38622614266351 9.96642763726413 1.71531969625503 9.54756995104253
1003.86 8.55944481864572 1.54541592113674 9.4641809463501 2.11213672822341 8.70414390228689 2.15157739948481 6.55963071063161 1.88522571353242 3.38695255480707 2.11915430957451 5.11314394325018 2.14114725980908 8.71167840436101 1.33562236735597 2.17442453838885 2.45082611469552 3.86373296752572 1.99199593812227 7.01421680115163 2.05079649230465 2.91148238442838 2.19707151809707 5.28966893814504 1.88436208190396 7.97577037103474
1006.82 4.31543632596731 1.98718981407583 7.73690936341882 1.9782201894559 6.68745838664472 1.54257004624233 4.06071380525827 1.84547236962244 8.24086824990809 2.00180630562827 5.83811582997441 2.09035759028047 3.44342241249979 1.33390749031678 9.84721837006509 2.47244402393699 8.22302415780723 1.89882039604709 8.47542636469007 1.42024852996692 6.20548630692065 1.82875679889694 3.12437675893307 1.35363825401291 6.00927801989019 1.52557155694813 7.70758194103837 1.3846571220085 8.62570643424988 1.41057397387922 7.31755648367107 2.42059305766597 4.68066670931876 1.4355503924191 9.43348909914494
1045.5 3.04054309427738 1.84661383172497 8.16427261568606 2.35825647860765 5.68041118048131 1.52988564008847 3.01375937461853 1.38377667069435 5.46034144796431 2.41408297233284 8.69715757295489 1.72501553427428 2.90594103001058 2.35574750509113 8.5633520912379 2.03019966036081 9.80305133387446 2.35879274662584 5.22702454589307 1.58505912572145 8.60819775238633 1.73107903013006 6.82673847675323
1048.14 8.5778972543776 1.47462794845924 5.95229391381145 2.24808391937986 6.32700635306537 1.41565548675135 6.4390465747565 2.1759269178845 5.86630947701633 2.42646072125062 6.01997058838606
1050.41 2.70501169376075 2.08086471585557 8.81401806883514 2.11019872184843 5.05195559188724 2.03949644602835 3.71348721534014 1.93791632885113 3.80626976303756 1.79787617195398 2.8663588501513 1.88638926306739 2.48938593640924 2.03869324848056 2.09992284141481
1108.9 7.53073833882809 1.58012118898332 5.69878522865474 1.80270680580288 6.8509263433516 1.63431670209393 6.31094600632787 2.0263442620635 7.34156550839543 2.46354806646705 7.91565481945872 1.77389069497585 6.82825143821537 1.32462635645643 3.50773231312633 2.24954088944942 2.18043650500476
1125.28 3.36694482527673 2.38755578268319 2.21504934504628 2.24466153578833 3.64456394128501 1.52196641853079 3.10198533535004 1.64692695494741 2.34982773847878 2.20658591864631 8.95921685360372
1177.8 2.17321189679205 2.27312583159655 9.14872143790126 1.33191183740273 5.22570834308863 1.77606519730762 7.60198429785669 1.50250104349107 4.26044867746532 1.53227820629254 8.36047738045454 2.35230182204396 4.12885056249797 1.75221176128834 3.27119687385857 2.39367071408778 9.39678850583732 1.75921838469803 9.35891216248274 1.49122349368408 6.22885031439364
1191.23 4.54574788361788 2.24843959510326 8.7733779065311 1.84236731342971 4.06165290996432 2.19827696317807 3.63730395585299 1.52226740373299 6.15639133937657 1.86755854338408 6.85718310251832 1.46009322321042 6.44491296820343
1245.05 9.01337345130742 1.64021661980078 8.16732088476419 2.04271674277261 9.13223239220679 1.85734887346625 9.0868542548269 2.42976785311475 6.86901164054871 2.1707169663161 6.8352612927556 1.75617355108261 8.49431774765253 1.47111206138507 3.5359415858984 1.54584196545184 7.59655649028718 1.32157087083906 3.15738564170897 1.3774875597097 5.63919322751462 1.49485911484808 5.32820209488273 1.40959291234612 5.49832697398961 2.30110520496964 2.52063238434494
1326.17 3.31289125978947 2.34642735738307 9.33043518103659 2.09857886880636 4.23775531351566 1.38441539742053 9.91527767293155 1.91730968169868 3.23293479904532 2.24616385083646 8.95747517235577 1.82448665816337 6.9255235157907
