# Using the following values to generate the workload:# num_procs = 50
# mean_io_bursts = 10
# mean_iat = 25
# min_CPU = 1
# max_CPU = 2
# min_IO = 0.3
# max_IO = 0.5
3.49607 1.84673665976152 0.369373897369951 1.35669589834288 0.443392647337168 1.97595055238344 0.309870533831418 1.10867906967178 0.447496208362281 1.7513985321857 0.469295644108206 1.70380316954106 0.386852563312277 1.22899141116068 0.371280019218102 1.32895327545702 0.347196922078729 1.03712613345124 0.324579715449363 1.01336567010731 0.416295495675877 1.3222572368104 0.486817642534152 1.21691967337392 0.308179847197607 1.87609353964217 0.356259818794206 1.06050751940347 0.422354031261057 1.11980805476196 0.376485439622775 1.13295233785175 0.407431537751108 1.72394574829377
6.30145 1.8739465828985 0.303650606423616 1.61040905048139 0.45882893060334 1.89649879327044 0.423534613987431 1.12279319320805 0.377699045976624 1.77028656657785 0.475549712125212 1.31373658846132 0.393578819790855 1.13942268653773 0.317606975184754 1.58598582749255 0.406314424425364 1.7184138186276 0.463592518446967 1.60124098439701 0.354360216343775 1.67343292967416 0.339049993036315 1.34127157367766
22.3808 1.23545804875903 0.334520329209045 1.57757372991182 0.395167691726238 1.04173391568474 0.43080730792135 1.25888857245445 0.306658400082961 1.15582546638325 0.353301164973527 1.47099361405708 0.311138093005866 1.79662143811584 0.435848392127082 1.69891009898856 0.336212362861261 1.04785263701342 0.340978174423799 1.20349076087587 0.439628879912198 1.59559495048597 0.386113374680281 1.92100284225307 0.488973061740398 1.33827180042863 0.318602384859696 1.71068633161485
26.2925 1.65452119032852 0.353516098996624 1.57823682553135 0.369389374367893 1.9020664235577 0.449333675624803 1.44850780675188 0.472522826911882 1.77649399614893 0.497475665807724 1.44561160472222 0.396221622126177 1.59168720990419 0.469805930089206 1.59286845382303 0.328796975174919 1.44440451846458 0.448701862525195 1.48957930831239 0.482774305250496 1.32472860417329 0.38389487452805 1.44350408134051
50.5564 1.06915408093482 0.426427591731772 1.28909045131877 0.376916320528835 1.60394317517057 0.384268887899816 1.90439066523686 0.422528418060392 1.38028832152486 0.418192254938185 1.04841772885993 0.458189024869353 1.89667546306737 0.384789225459099 1.33584984834306 0.381373480102047 1.14899083948694 0.398468625824899 1.36532898922451 0.375757084460929 1.24009181838483 0.342459572618827 1.04088221909478 0.383820196986198 1.13768090726808
50.6274 1.26630924968049 0.365603583632037 1.8295383490622 0.424282613908872 1.3500546652358 0.303268513083458 1.51097303535789 0.386461251461878 1.58876237203367 0.34555342993699 1.20555024058558 0.435101767163724 1.24141570553184 0.359908748744056 1.09651335468516 0.315256135072559 1.58189710183069 0.480228429008275 1.10461736563593 0.303082750877365 1.68347668810748 0.483488106913865 1.08967522950843 0.401553967967629 1.15062980237417 0.323487115046009 1.13754831091501 0.310509163141251 1.98353817220777 0.416137083480135 1.95210355124436
65.9344 1.9413239590358 0.309434294048697 1.71586019638926 0.410550123360008 1.1805360969156 0.434225413575768 1.5935063494835 0.399421259341761 1.53798575676046 0.315157085005194 1.80940687679686 0.330973584158346 1.07545197801664 0.360587119916454 1.56731453258544
130.137 1.99960165307857 0.463169958069921 1.15951369423419 0.383574193483219 1.11884766700678 0.303144774632528 1.80024084122851 0.356586246890947 1.90529843023978 0.31725919181481 1.19507574522868 0.375415897741914 1.78745960025117 0.382040463108569 1.40494713070802 0.480744324019179 1.94939989154227 0.322006988991052 1.39233343768865 0.483423952106386 1.5762804034166
147.13 1.07829677197151 0.380417196592316 1.58632057369687 0.335520343482494 1.55327320843935 0.330269573489204 1.27350283483975 0.344138072105125 1.65130552765913 0.35245913635008 1.51941332826391 0.408886427432299 1.33294809819199 0.472813091101125 1.56185872573406 0.490949268499389 1.4181697757449 0.426806769846007 1.73497833241709
152.351 1.88929544948041 0.490305861039087 1.43817483540624 0.382051621749997 1.16750508104451 0.386357941199094 1.80149937630631 0.355390148423612 1.54918311024085 0.408286819653586 1.88510330929421 0.381390095734969 1.78765607764944
155.259 1.12728986167349 0.331186703825369 1.77546737832017 0.32359802913852 1.19575527007692 0.42358407182619 1.27861930173822 0.327385401679203 1.68518887204118 0.396899014292285 1.67952722124755 0.334851986728609 1.43657208327204 0.419331908551976 1.51880157645792 0.46613052058965 1.27608297206461 0.396537353424355 1.57871060515754 0.300476439064369 1.87846624129452 0.338581689167768 1.03972706780769 0.464108196645975 1.19062644965015 0.364876976842061 1.97442098497413 0.372286823065951 1.26568497112021 0.405438336357474 1.95370300486684 0.425969756348059 1.37773000192828 0.488794225640595 1.84251647558995 0.394103955756873 1.3469569045119
164.072 1.7000377944205 0.414019317459315 1.80027051246725 0.460874446993694 1.8990524308756 0.479688548529521 1.83842887659557 0.470754398033023 1.82329543167725 0.436051734723151 1.04401590442285 0.346144976187497 1.25269216205925 0.327173991454765 1.38901838636957
190.116 1.74507108912803 0.388658495619893 1.76511033251882 0.319036871893331 1.0259447756689 0.337023560982197 1.70895411935635 0.36600008266978 1.60477213701233 0.308310579974204 1.72587448335253 0.308703665994108 1.46418856061064 0.394534932123497 1.7209024624899 0.307675890205428 1.22661168011837 0.483746425341815 1.86904928926378 0.473644324066117 1.05727897374891
213.854 1.83917536679655 0.376434256322682 1.90991682652384 0.364301117090508 1.0773326435592
242.257 1.69388930825517 0.461791318980977 1.04714604420587 0.352112620836124 1.56088914745487 0.443873737473041 1.5777574009262 0.37778401277028 1.86115884268656 0.375892698159441 1.28948754444718 0.34449401088059 1.27508999686688 0.457814146811143 1.34339495189488 0.358979312470183 1.14238628046587 0.481174555048346 1.24084299779497
280.153 1.10920540406369 0.452405581763014 1.24830834334716 0.377679145243019 1.94568738294765 0.443807476200163 1.66712898225524 0.358307001227513 1.60741152986884 0.328406138299033 1.12987867812626 0.431998507771641 1.62303049024194
287.99 1.31307242787443 0.395569051289931 1.8345446086023 0.423433261178434 1.00422554393299 0.329963671369478 1.68200483429246 0.466392543399706 1.08523448859341 0.404232729272917 1.59274648409337 0.367742184503004 1.11774992616847
341.202 1.73367272713222 0.425804397789761 1.94925858615898 0.461406274931505 1.68149075680412 0.374192322418094 1.93912102794275 0.313686527637765 1.74273570044897 0.323240033257753 1.85638490971178 0.417248148331419 1.64133683219552 0.307760589104146 1.59946433803998 0.483283703448251 1.54217477561906 0.470042933430523 1.6196756248828 0.414789340505376 1.91863541677594 0.424701932212338 1.30066542932764
363.974 1.55889159953222 0.311182528501377 1.48145185434259 0.301515469979495 1.83968058391474 0.452852199552581 1.58808817644604 0.497030813526362 1.52206344157457 0.494913025060669 1.35017460002564 0.484483787138015 1.10926960851066 0.435112846223637 1.0254224317614 0.473217163421214 1.48612280981615 0.417264317674562 1.96579834492877 0.412849199865013 1.77583481813781 0.327956904610619 1.40720598213375 0.365413220506161 1.6633087801747
370.667 1.15040839253925 0.410639911191538 1.50056352559477 0.337721418961883 1.11058882600628 0.363894849829376 1.4259387163911 0.485898440750316 1.40040254057385 0.480330829974264 1.07424507942051 0.435722223576158 1.62380620860495 0.354432262387127 1.52282596915029 0.386855468293652 1.68374595534988 0.397376028075814 1.33542943932116 0.36499037402682 1.34328481764533
390.988 1.36972744413652 0.403135655634105 1.87001912971027 0.465478292806074 1.20197599427775 0.305263080680743 1.35397431696765 0.463275432866067 1.06254001404159
449.058 1.33041133871302 0.469285348895937 1.30620491830632 0.313293300941586 1.05959918093868 0.336770452652127 1.04455473856069 0.315558877121657 1.3371273165103 0.348226006748155 1.29271455807611 0.434624227229506 1.71124803484417 0.302051277365535 1.84590432420373 0.494953367998824 1.05730764730833
467.448 1.06897503207438 0.402536519709975 1.83742056041956 0.462901228992268 1.19367183907889 0.329456705413759 1.58726713061333 0.381171899149194 1.21932892687619 0.473156533064321 1.46175309433602 0.473567613679916 1.48140778276138 0.457610760163516 1.72064634645358
468.298 1.67356013390236 0.310202906886116 1.09354644082487 0.385367733659223 1.80322851869278 0.407347899861634 1.30572142708115 0.443278934201226 1.68654745421372 0.338482527574524 1.49850903265178 0.315485677449033 1.07851446792483 0.491713483957574 1.03382486873306
469.146 1.07259285007603 0.462848140392452 1.02216987428255 0.401138404663652 1.53101934166625 0.459616734692827 1.18132367334329 0.40028032255359 1.09642059262842 0.3840586761944 1.8028811190743 0.390010419674218 1.75667016883381 0.394594344589859 1.79231430636719 0.369562826305628 1.59703427366912 0.3745639690198 1.24467009678483 0.326126853562891 1.53709388966672
478.039 1.77594600152224 0.485450107930228 1.32101651350968 0.367831378802657 1.95356292184442 0.370632822718471 1.65274885389954 0.392389039276168 1.11214089789428 0.376314130285755 1.4850541728083 0.420396242849529 1.58376537379809 0.31381267379038 1.44678861391731 0.44301378512755 1.14773244410753 0.333504651486874 1.89197857608087 0.348292432259768 1.12386130122468 0.403229706920683 1.73322735936381 0.449218653235585 1.45066532143392 0.328258189745247 1.77021028497256
493.239 1.80077274143696 0.423701329808682 1.03603274654597 0.393013926735148 1.85789450048469 0.393963585374877 1.05189756583422 0.42128422530368 1.45438302424736 0.317000690894201 1.86534291040152 0.431988637894392 1.65090479305945 0.455485273618251 1.17253244225867 0.415928439237177 1.60143241658807 0.403849154664204 1.40938491164707 0.488088190183044 1.95001279911958 0.375037308502942 1.81768648163415 0.434542753826827 1.92129191267304 0.366409165784717 1.99227108550258 0.469622374000028 1.49517939053476 0.303388065751642 1.64944600686431
505.435 1.36410310398787 0.315171845117584 1.48553889151663 0.301102915639058 1.98239858052693 0.34715623576194 1.61876673996449 0.48554943879135 1.73621477582492 0.388985219178721 1.20057911472395 0.438867039605975 1.62710695969872 0.310161398584023 1.60958078783005
506.869 1.51814382779412 0.490274243010208 1.77782881027088 0.421794862067327 1.93587981909513 0.436385964462534 1.96701825526543 0.331148581532761 1.86257518129423 0.321091460902244 1.70438468200155 0.307830998906866 1.96737943124026 0.343836766807362 1.77388532506302 0.350153389479965 1.05700428108685 0.477082045469433 1.70581348263659
510.665 1.90129715320654 0.349007192999125 1.99566328036599 0.353193441079929 1.73108884249814 0.486030760174617 1.59758411231451 0.38107856460847 1.90076362295076 0.347272972203791 1.88402416417375 0.324031089106575 1.48549750703387 0.36928908652626 1.5881395379547 0.370858601760119 1.99814795819111 0.473313918197528 1.99872185382992 0.364100926136598 1.5564564790111
525.286 1.97631755680777 0.449831542558968 1.14330356754363 0.392705775657669 1.86403434211388 0.411315664788708 1.97701614792459 0.459202392399311 1.57753553963266 0.402221452211961 1.334452126408 0.306105691706762 1.15069560543634 0.377191642345861 1.61149562569335 0.408454425865784 1.98361194366589 0.494020269112662 1.31849041208625 0.488602034281939 1.58362806378864 0.435096226586029 1.87723789527081 0.465223376220092 1.33694161730818 0.32089849463664 1.51225027069449
565.247 1.77781879226677 0.36637242087163 1.36785269482061 0.474420564994216 1.75591159332544 0.359541373606771 1.60246742819436 0.389961752481759 1.84140701685101 0.461706383060664 1.14513182779774 0.354101025266573 1.49862138554454 0.432369123212993 1.19446159503423
603.658 1.07973451167345 0.337190557969734 1.04285263898782 0.479403838887811 1.59210981521755 0.466506021702662 1.74021217599511 0.351162391575053 1.65268989023753 0.320323967421427 1.75408842018805 0.401374522550032 1.28902395488694 0.379189909668639 1.13342956476845 0.414396840473637 1.28038569353521 0.347939774300903 1.17757751746103
606.66 1.27262375177816 0.334249092591926 1.12009526020847 0.390515696816146 1.06918260036036 0.427901706565171 1.07679301244207 0.495698039606214 1.25943056866527 0.440581834455952 1.08680716506205 0.430199669813737 1.10453642811626 0.374780376069248 1.79315090528689 0.320656769908965 1.21841438440606 0.42106430423446 1.17534330603667 0.480804818449542 1.76783881429583 0.495066523645073 1.37267475575209 0.399428754858673 1.39275398990139 0.494009819347411 1.32876301417127
612.198 1.3551935236901 0.395991874020547 1.12367489445023 0.386122920317575 1.86058630165644 0.340735298441723 1.18972306884825 0.498899696674198 1.74688319815323 0.365919885970652 1.11193213099614 0.388068411452696 1.02724464610219 0.353643492190167 1.95773336524144 0.413870125263929 1.27842454030178 0.398776544071734 1.95579134928994
633.367 1.16069144825451 0.328385098651052 1.37162484414876 0.391617947304621 1.77126584085636 0.464257087092847 1.87257380946539 0.352520676562563 1.9569198677782 0.499916347442195 1.35700069903396
647.578 1.13198405294679 0.403210457973182 1.2940647539217 0.34498902792111 1.41944388765842 0.332232381729409 1.207621143898 0.376251848088577 1.2599043182563 0.411819989979267 1.56161213596351 0.421723475540057 1.95619859336875 0.425477422447875 1.87807893310674 0.406179500557482 1.83241248084232 0.341541153332219 1.6256665494293 0.403601685957983 1.2678633062169 0.32518931995146 1.07764310995117 0.450591525575146 1.40772166452371 0.492726889066398 1.05666928878054
669.824 1.92158342455514 0.333229918079451 1.55761137860827 0.378836045321077 1.10604252503254 0.392616982851177 1.97469625785016 0.481059719622135 1.49608988850378 0.346344248671085 1.73216194240376 0.394077483285218 1.68806683272123 0.316300545725971 1.97683143359609 0.311357109993696 1.80766066396609 0.488877966022119 1.25742740207352 0.428892190242186 1.33109179954045 0.323536115046591 1.11266490863636
723.541 1.30148893059231 0.312426931317896 1.00261343480088 0.415705857984722 1.44696938013658 0.405101922387257 1.6306569671724 0.468633284140378 1.48396683344617 0.422277248464525 1.95917142974213 0.300410969369113 1.39944810280576 0.490474695758894 1.84755903040059 0.485554468166083 1.07281483826227 0.44461868153885 1.55669943895191 0.369407028891146 1.62579114059918
731.391 1.53096768213436 0.318823310732841 1.08023877907544 0.49502377929166 1.66221267473884 0.444001373322681 1.50764846871607 0.445892725558951 1.59062837110832 0.476418603165075 1.01572047569789 0.327485602162778 1.91330975224264 0.405363612715155 1.43329858430661 0.498142100032419 1.19680059025995 0.405023816600442 1.35921051166952
763.313 1.868846016936 0.31836917209439 1.85661145928316 0.459536978648975 1.04613763000816 0.443483903445303 1.07444367883727 0.413931723171845 1.74661087989807 0.46401730356738 1.34044877649285 0.332962515996769 1.64788163453341 0.475794557435438 1.48625591443852
771.058 1.60695048701018 0.382526086224243 1.19123051408678 0.41940420162864 1.83580659306608 0.398082904703915 1.96012122021057 0.429804676771164 1.23669256037101 0.479122668132186 1.16808647545986 0.359995485190302 1.81350891222246 0.335379056865349 1.46619270928204 0.474391760397702 1.06455562100746 0.422578245587647 1.37164430133998 0.457233458338305 1.1764298803173
806.918 1.51521289907396 0.440464089531451 1.7659085795749 0.399435271276161 1.61152163683437 0.327122672880068 1.29710521409288 0.307782916817814 1.47925061942078 0.328043605852872 1.53631712985225 0.443089379463345 1.1837412067689 0.469248621445149 1.56113182939589 0.45840193326585 1.46728415274993 0.392209090897813 1.9359896206297
824.866 1.62299344688654 0.390465198317543 1.3115268740803 0.369428194360808 1.50428756279871 0.353980411682278 1.99062198842876
868.45 1.9969563621562 0.309542129235342 1.67520785122178 0.446416965965182 1.73490439448506 0.487335649412125 1.71828639227897 0.379621171439067 1.76752195344307 0.322474380861968 1.08517633168958 0.433144611539319 1.91624730802141
903.059 1.6581941023469 0.417637456068769 1.37775161722675 0.479944963054731 1.66897504474036 0.39001329545863 1.57911468762904 0.356917640706524 1.82639955799095 0.347321158414707 1.90547999204136 0.441248216386884 1.3670892752707 0.327906797081232 1.29769889102317 0.372809579968452 1.12485461588949 0.438935627462342 1.68761378456838 0.492887699697167 1.73467940790579 0.401613937923685 1.97759200772271 0.32238539410755 1.69400401203893
963.642 1.9771413099952 0.468353844992816 1.78423987561837 0.487138889543712 1.280443608528 0.447376557718962 1.01858931872994 0.45755642070435 1.44043338764459 0.301450806483626 1.35841441177763 0.379375818837434 1.02558317338116 0.362210649577901 1.23862101207487
1002.99 1.29965917230584 0.425059406878427 1.2047736980021 0.404745355574414 1.63915750314482 0.314251712104306 1.93764181109145 0.464293418312445 1.0991109109018 0.420053889974952 1.30669859424233
1009.17 1.80249187070876 0.349946958385408 1.60056303162128 0.446609338652343 1.83752313815057 0.436334124905989 1.49282027524896 0.319624403538182 1.27308922656812 0.358049973659217 1.61519260355271 0.345533133251593 1.18480030121282 0.49757364098914 1.07994676474482
1013.65 1.5687108868733 0.395911497017369 1.25952078797854 0.316682830313221 1.31666876072995 0.343494471674785 1.51262749382295 0.379736001370475 1.11957712913863 0.35612827851437 1.43442935892381 0.395901513518766 1.97954714973457 0.484398730378598 1.62081048823893 0.314346006792039 1.46905735484324 0.35934516582638 1.91025421349332 0.319968281127512 1.54106039437465 0.470686170365661 1.55943938484415
