# Using the following values to generate the workload:# num_procs = 50
# mean_io_bursts = 10
# mean_iat = 25
# min_CPU = 1
# max_CPU = 2
# min_IO = 0.3
# max_IO = 0.5
45.2643 1.0917560798116 0.41568301813677 1.50845807907172 0.310376300429925 1.79082968109287 0.461804020125419 1.72445739340037 0.340806080074981 1.77012849668972 0.389789747679606 1.95367477694526 0.429234058735892 1.97846653033048 0.339635923225433 1.45980519009754 0.337144796689972 1.70326227461919 0.467357536405325 1.24697345448658 0.372352016950026 1.78118808590807 0.46464084489271 1.48595171328634 0.492650158843026 1.8424233389087
52.8685 1.51527501759119 0.344159389846027 1.55448996461928 0.444909812882543 1.15647718845867 0.456021038489416 1.03498250269331 0.380649821087718 1.92839611810632 0.477689059637487 1.60201153019443 0.494753830740228 1.16238793870434 0.426339643774554 1.77573442761786 0.315586204081774 1.48674417915754
66.749 1.10089643509127 0.453369318181649 1.44651692872867 0.391929730260745 1.39808195154183 0.408347794832662 1.77909786906093 0.387623100401834 1.76685750787146 0.30990408686921 1.79208743572235 0.324301171535626 1.6557543145027
86.3271 1.38336542365141 0.433770652348176 1.93859107769094 0.43841298148036 1.71680979244411 0.383627903554589 1.78699791012332 0.420805956842378 1.37130788108334 0.332813365571201 1.2111438580323 0.389045611768961 1.72494556359015 0.41216008849442 1.58296815352514 0.384266609884799 1.24339205212891 0.378670743806288 1.70979743544012 0.487935673585162 1.18875418254174 0.342620281362906 1.90973948617466
87.0248 1.7712795229163 0.331811230815947 1.94768410595134 0.457021597307175 1.55146590503864 0.377333936654031 1.53047946025617 0.48223801436834 1.56923961034045 0.355207027494907 1.05306965811178 0.400357001041994 1.31624945276417 0.377345828758553 1.77514937100932 0.400302837742493 1.15839221514761 0.402082490827888 1.12577947671525 0.41246090028435 1.07598874159157 0.411640789126977 1.31721655256115 0.413981834705919 1.93022317788564 0.314553132141009 1.24431046913378 0.463717752601951 1.5412675330881 0.492294087307528 1.307873231126
143.459 1.93633974157274 0.493180953804404 1.36808906123042 0.410449381684884 1.30678412970155 0.486318033747375 1.58123944466934 0.468076152261347 1.71910234633833 0.300204785959795 1.00361258769408 0.466679513314739 1.81067829648964 0.319551772484556 1.18369778548367 0.474486393015832 1.3500790502876 0.343930510757491 1.94308257708326 0.472272827895358 1.07614227710292 0.425274699460715 1.78199792746454 0.329066498903558 1.24149337993003
210.724 1.98989972635172 0.322918557794765 1.93666178057902 0.381815346609801 1.24568542069755 0.338986157765612 1.95895704906434 0.497038560686633 1.85135341994464 0.374249596288428 1.08738023880869 0.47354549812153 1.81069131358527 0.475183927966282 1.44318793248385 0.39210654720664 1.08222999866121 0.432532589323819 1.08860242832452 0.473468722309917 1.8092321974691 0.482411509566009 1.55418038507923 0.450770945008844 1.46554768946953 0.348952573677525 1.97438781522214 0.434412784082815 1.8069895140361 0.405011628707871 1.69534053094685
223.228 1.10108720720746 0.407749991538003 1.54326687403955 0.483235178748146 1.69300879584625 0.451302086655051 1.97566966130398 0.459947872301564 1.61941070971079 0.352337224176154 1.64105488057248 0.483005764568225 1.71549557964318 0.482268558070064 1.45042132679373 0.306749173114076 1.3509521833621 0.337199046602473 1.34847337473184 0.450684062438086 1.59600327955559 0.368074717838317 1.48197849816643 0.372318715462461 1.98277914896607
231.52 1.85020653251559 0.436732107773423 1.78525004442781 0.467925846576691 1.36942948494107 0.469359588250518 1.72903659194708 0.414541916875169 1.84430770319887 0.324693217966706 1.92830534209497 0.404658696986735 1.35967954481021 0.48133515608497 1.28015377605334 0.408258950291201 1.04191127116792 0.498149913316593 1.39078981243074 0.303481180639938 1.60873301746324
260.965 1.39445906528272 0.411100217001513 1.51674218871631 0.480586656928062 1.07785827876069 0.318227987503633 1.31923493277282 0.45614241217263 1.60329347848892 0.351630585035309 1.50236942409538 0.335822507506236 1.38711527269334
267.424 1.90258340910077 0.397671039681882 1.18913557240739 0.313286361005157 1.59856795193627 0.384044597763568 1.53963628457859 0.415107897855341 1.63797587924637 0.363424783200026 1.83964661858045 0.319468834623694 1.25550416461192 0.415848383121192 1.29333172505721 0.423656318802387 1.79533779341727 0.375427059130743 1.189798300853 0.463069003727287 1.60295239672996 0.411600623652339 1.24141014879569 0.346156873181462 1.9689177358523
283.304 1.55725825298578 0.384794831741601 1.29490708746016 0.490951055567712 1.95198624650948 0.49516132180579 1.17516437731683 0.340509275393561 1.5603332775645 0.37829159735702 1.48081858921796 0.382584265200421 1.49429506785236 0.415545031568035 1.81215104483999 0.343371981848031 1.72636419371702 0.435645189415663 1.85195488412865 0.465365465776995 1.18015025183558
340.411 1.56977549381554 0.302663704566658 1.81172948330641 0.495599991036579 1.62211522692814 0.455219545029104 1.50938554154709 0.484923189831898 1.69491042313166 0.407856701174751 1.78125927038491 0.373586397385225 1.63401696342044 0.464266025507823 1.18544340902008 0.311321564158425 1.68346769898199 0.479900352284312 1.79658824694343
425.242 1.72335955686867 0.47999020894058 1.9845346105285 0.33203057050705 1.6903304150328 0.378599388292059 1.89228151272982 0.42058680918999 1.76719443663023 0.351093677803874 1.77585903578438 0.347893099626526 1.94315875158645 0.43834831090644 1.35180978267454 0.344357310142368 1.91538886609487 0.460575696500018 1.59423243463971 0.333293699752539 1.75671226507984 0.304407717473805 1.5287362197414 0.340874092513695 1.80110418051481 0.496230180654675 1.26700825360604
433.768 1.56051952159032 0.365678241848946 1.40285632899031 0.360341145657003 1.84058243129402 0.366370597248897 1.72381400875747 0.354228547308594 1.94419786473736 0.493918557465076 1.2628016716335 0.494031839864329 1.85286743962206 0.353872601874173 1.61690261261538 0.499670584639534 1.81134306383319 0.46454535536468 1.62409358099103 0.417626209836453 1.12407930823974 0.346427025506273 1.51589693920687 0.378464839467779 1.3247206711676 0.489598595863208 1.70494257472456 0.363006173726171 1.96199745405465
476.893 1.65801939973608 0.38408007081598 1.87860635458492 0.385626255860552 1.80924193817191 0.461694969236851 1.68555528763682 0.485906303534284 1.27684670127928 0.479989649727941 1.2107992740348 0.301147833978757 1.07470828201622 0.329829355003312 1.37728719646111 0.391802114807069 1.93385547120124 0.37586820172146 1.67744532809593 0.362426004139706 1.7305212719366 0.483564393315464 1.93302267976105 0.468123530037701 1.29878263082355 0.488148276461288 1.25913786864839 0.455151676759124 1.34895381424576
492.032 1.42223949730396 0.456063824519515 1.07794278650545 0.487673664931208 1.40847205230966 0.347725459653884 1.07251211162657 0.367734482185915 1.18266538041644 0.372075330512598 1.41147472243756 0.305757359741256 1.29695208068006 0.410975083289668 1.34715351904742 0.426118469238281 1.21067673154175 0.455598085653037 1.88401091308333 0.307388232648373 1.13344490155578 0.429956916347146 1.85915222368203 0.449069323576987 1.03513718349859 0.405852899281308 1.69083440862596 0.35141011653468 1.38106398633681
546.07 1.60490136616863 0.420811592880636 1.37047656695358 0.309520500246435 1.65015763812698 0.322185398451984 1.4051470682025 0.34431751803495 1.78560685552657 0.324129301169887 1.52181115117855 0.333093701349571 1.5654595985543 0.431905880942941 1.46069249557331 0.462555580632761 1.01358246174641 0.3067608860787 1.25389195303433
547.902 1.82646675524302 0.38262763149105 1.07169762416743 0.343443782255054 1.81363014806993 0.463900922052562 1.01884683873504 0.427755070105195 1.25339295738377 0.302784276427701 1.62696996005252 0.300001056725159 1.7768907463178 0.333054336719215 1.69654305884615 0.444622709881514 1.48971395846456 0.425188970007002 1.80602085334249 0.317529605422169 1.08113319030963 0.305264306487516 1.49866103380919 0.343518205592409 1.74016325129196
598.745 1.81679873098619 0.365048095118254 1.24551250808872 0.302339471923187 1.30876800185069 0.363967036735266 1.98904373240657 0.486791040748358 1.85466776438989 0.415843542292714 1.43776016798802 0.320833493955433 1.94065240398049 0.4348120322451 1.56242315308191
600.158 1.45482644764706 0.385429886542261 1.92224872228689 0.476810204982758 1.42375197005458 0.472516307421029 1.81834995304234 0.432701040524989 1.89849766646512 0.405074461409822 1.31141381850466 0.484384431829676 1.35171926929615 0.338223212677985 1.89332202705555 0.333966405829415 1.86307218344882 0.330025563202798 1.57265697070397 0.449816071428359 1.58743247739039 0.323224757937714 1.45935456221923 0.358766651945189 1.22978800232522 0.347152811242267 1.88839534088038 0.428232877422124 1.53803214384243 0.385488973278552 1.60347525076941 0.3979338449426 1.4213465040084 0.433336071716621 1.53324071085081 0.316379396384582 1.88089387794025 0.406341042555869 1.5007169812452
631.942 1.3321905399207 0.495606587128714 1.61416641739197 0.485736052319407 1.55148106371053 0.364653436699882 1.44501370470971 0.41173335602507 1.94273261469789 0.410673560900614 1.33936507231556 0.33245208482258 1.31185484235175 0.382714476482943 1.15201834170148 0.319683082355186 1.18128270073794 0.37907459307462 1.3553538301494 0.381611430086195 1.52905062749051 0.413430640753359 1.78021409525536
646.189 1.84919614810497 0.404616077477112 1.15404424723238 0.414626555610448 1.06080632843077 0.368283255118877 1.52595338574611 0.342382183717564 1.27543632755987 0.435370384529233 1.61677608592436 0.4308140354231 1.94681333983317 0.357350021973252 1.2821564800106 0.382387089403346 1.18554602237418 0.419447303982452 1.79219072195701 0.397131231008098 1.39222500612959 0.469534114608541 1.70422343234532 0.337369715096429 1.24225361854769
670.184 1.37473894841969 0.47860691966489 1.51343657355756 0.333288653613999 1.32885679346509 0.424029364762828 1.43505313945934 0.480774733843282 1.53979385155253 0.305698716267943 1.87358684279025 0.475963579816744 1.84412973560393 0.454396518459544 1.784320224775 0.38208775781095 1.33327580103651 0.455574649712071 1.05922929337248 0.3179340664763 1.19866649596952 0.442123533040285 1.982021441916 0.418952165124938 1.15154854208231 0.491019542561844 1.37292952882126
675.349 1.25335842487402 0.486834956891835 1.99639841727912 0.457406871579587 1.30494870455004 0.411280791275203 1.97508266754448 0.351245862571523 1.65561752277426 0.421583692263812 1.66333574755117 0.479865574743599 1.81286415131763 0.474015997163951 1.50595742883161 0.467631507851183 1.88124086684547 0.355608793161809 1.18941561155953
687.62 1.0527091245167 0.441480012517422 1.57013872428797 0.323274544952437 1.95953703206033 0.376685652462766 1.49189913319424 0.454535411065444 1.77220886829309 0.41482470035553 1.54915276169777 0.393639229983091 1.59910202166066 0.315803256584331 1.42044142237864 0.387105707777664 1.01485698390752 0.489145675813779 1.97724324534647 0.375937638897449 1.97857696609572 0.36631049560383 1.20010388921946 0.429960468038917 1.70926564349793 0.393724265880883 1.41166416113265 0.377200824441388 1.6244641309604
744.884 1.07159372558817 0.332146479096264 1.01293576345779 0.491852537542582 1.93553855852224 0.421669548423961 1.70539627014659 0.459934453759342 1.36557118152268 0.396838927920908 1.57128305500373 0.362388958223164 1.27093935222365 0.433483708649874 1.58945962158032 0.494959741923958 1.92330768587999 0.452101526875049 1.41016463073902 0.498929088376462 1.79524921812117 0.475202091876417 1.32226075301878 0.33658094923012 1.59251089161262 0.477414309419692 1.81949220551178 0.344788267975673 1.59098306088708
773.988 1.59558533108793 0.39224190977402 1.1235719199758 0.301540489355102 1.61028180969879 0.374395211413503 1.99454490235075 0.456016372982413 1.42385637504049 0.492689952533692 1.27228450542316 0.335615511937067 1.21118765417486 0.371532973879948 1.28849325864576 0.370577734289691 1.82723797322251 0.309631612012163 1.95328224962577 0.327980577247217 1.84260157449171 0.488921302650124 1.94790617795661 0.470467335125431 1.54863938200288 0.407308516325429 1.98874126933515 0.312788719823584 1.3708857644815 0.384885060414672 1.57614579796791
803.462 1.03094064467587 0.403072971710935 1.05347348353826 0.389973570220172 1.33091492042877 0.465065056085587 1.92285866150633 0.444785079034045 1.36336321290582 0.357562129804865 1.42597509268671
807.884 1.30536265508272 0.472798562049866 1.33367556589656 0.499120409972966 1.04815960908309 0.308919171756133 1.87162260292098 0.433073764014989 1.92444874835201 0.37236318346113 1.77566510788165 0.391273956699297 1.55307214683853 0.321264329925179 1.00276788207702 0.334028604719788 1.17633597180247 0.345961354207247 1.95219335192814 0.379399527003989 1.066709889099
919.504 1.54094690829515 0.436719904560596 1.02177887386642 0.495459064282477 1.10000402433798 0.442029393650591 1.89709681877866 0.325536192813888 1.15732291084714 0.417948172381148 1.50775252724998 0.349714403273538 1.29074589954689 0.412188450712711 1.01924608135596 0.313831874122843 1.07226857892238 0.492536876071244 1.34136746660806 0.467294929875061 1.47935254848562 0.348318302771077 1.49430321715772 0.329749875422567 1.40060113626532 0.398253256222233 1.70103721134365 0.336973068490624 1.18147751432844 0.432818156434223 1.03663737769239
920.483 1.89950006897561 0.490738470619544 1.00951598980464 0.356593218445778 1.9295317241922 0.497637322451919 1.06979780644178 0.38866051142104 1.40034354198724 0.344202219136059 1.82496228115633 0.308627085201442 1.82450244668871 0.495064249634743 1.08745696814731 0.420293708331883 1.63729155668989
1000.17 1.01276461547241 0.361684691626579 1.98123190179467 0.356172236660495 1.63667582790367 0.386670324625447 1.6161817710381 0.483943052450195 1.54695399105549 0.307734252512455 1.66841517575085 0.454371045902371 1.14822273980826
1040.92 1.38054839568213 0.32640611003153 1.67929658433422 0.421233824687079 1.60717171663418 0.449459453905001 1.20650123502128 0.428245299682021 1.96268073329702 0.457091267453507 1.65495099360123 0.40742538976483 1.64464321383275 0.464401257829741 1.8559823106043 0.320642768079415 1.51708651683293 0.398027391918004 1.64048664132133
1066.05 1.40424713212997 0.302681373478845 1.15902982582338 0.461042525758967 1.44018751848489 0.421120776701719 1.07273230329156 0.428118901047856 1.76412395923398 0.369476803950965 1.51678169425577 0.374872651183978 1.00468571158126 0.364883844973519 1.94774418161251 0.322939152829349 1.72639906941913 0.316691551124677 1.93098219064996
1066.07 1.76836270745844 0.331662746379152 1.0175034168642 0.433048230130225 1.40890167909674 0.321204641833901 1.30453194095753 0.452786192437634 1.65352589427494 0.350240506557748 1.7986758609768 0.413995167566463 1.82027502125129
1101.34 1.8640179221984 0.438976744422689 1.13615809497423 0.477498659538105 1.78569120727479 0.459370045317337 1.92449333029799 0.381233528070152 1.09843295952305 0.429557265108451 1.36744902376086 0.444531198777258 1.48078360431828 0.496859994530678 1.9495592082385 0.333902173163369 1.98424988961779 0.405911363614723 1.39692530175671 0.487423497019336 1.88219330413267
1112.38 1.05452192062512 0.344395862333477 1.90896539855748 0.368196834623814 1.72762524173595 0.46119103836827 1.07388605014421 0.417625790741295 1.04217602289282 0.444151368038729 1.9373988036532 0.306925297668204 1.02563437120989 0.3003667130135 1.41248516878113 0.328350684186444 1.56898146565072 0.343845527246594 1.46522682718933 0.469110500533134 1.51821278524585
1118.45 1.34673762042075 0.324961240170524 1.12622925266623 0.367489782208577 1.53870728681795 0.491126954322681 1.66367505560629 0.496525298105553 1.65324456966482 0.481342589296401 1.80190443992615 0.350540688401088 1.55882824771106 0.414680549036711 1.24532901495695 0.412911749258637 1.0624871738255 0.46183038125746 1.76545258937404 0.364578584767878 1.30143576324917 0.302212564926594 1.76530240941793
1134.22 1.15099308104254 0.358606080384925 1.50941210845485 0.401852006558329 1.9208525614813 0.362080447142944 1.41152629605494 0.311323517560959 1.78181767184287 0.423818993102759 1.01226719701663 0.441815847344696 1.78405004506931 0.381100428337231 1.24576614121906 0.386470823176205 1.96969050168991 0.451851068483666 1.58593975403346
1197.16 1.12248122622259 0.36644153338857 1.63705418095924 0.475432010833174 1.93079818435945 0.303425258211792 1.86294536036439 0.429674550937489 1.77513574669138 0.421250029979274 1.0127079274971 0.409078030008823 1.80937048606575 0.383579144952819 1.79900240153074 0.460109300771728 1.19565926259384 0.451634135656059 1.21266644750722
1201.18 1.38622314389795 0.405310197034851 1.7710495707579 0.378044691449031 1.0573430263903 0.455596749670804 1.56810622778721 0.366938435705379 1.50610269675963 0.401034258678555 1.90663154935464 0.489079865068197 1.3614961321 0.309923745365813 1.75184572860599 0.461955787194893 1.18248213944025 0.489541077846661 1.15982755389996 0.472590763261542 1.10715555306524
1207.95 1.93906677211635 0.397291532345116 1.06896066502668 0.444520551525056 1.12724798824638 0.478355112904683 1.32794437860139 0.477562119392678 1.15155024011619 0.481946903700009 1.72241070098244 0.458808702789247 1.76507425564341 0.4668451577425 1.40967844985425 0.342221649410203 1.1482489334885 0.350406181486323 1.67687213909812 0.416737048374489 1.27428539190441
1215.1 1.81019578152336 0.321047442546114 1.91333985608071 0.451344403997064 1.53872226504609 0.473840951221064 1.28083752491511 0.451752872113138 1.64087748201564 0.438603268563747 1.32553396560252 0.391510020382702 1.56294287717901 0.471375794662163 1.65947908442467 0.403623737487942 1.09659832366742 0.383182977745309 1.38918123091571 0.438694246904925 1.01460446440615 0.377052922034636 1.95138201024383
1266.64 1.19729157001711 0.43827257421799 1.27089271787554 0.428603854542598 1.5713637068402 0.38671989813447 1.9391595965717 0.441727728955448 1.15667013963684 0.376945953769609 1.75707259378396 0.426175067154691 1.9599837299902 0.474468768993393 1.62211689678952 0.435653887549415 1.83252728986554
1328.29 1.53466102434322 0.332624085340649 1.17008299403824 0.369600791903213 1.68855144362897 0.470869581354782 1.31240411871113 0.383524762233719 1.50806112331338 0.346349882148206 1.69935230840929 0.484621530631557 1.71239641401917 0.341974947461858 1.80762995337136 0.378868468059227 1.64747855439782 0.382859248528257 1.10621269629337 0.437704574596137 1.78683192888275 0.366716682445258 1.45964498794638
1330.9 1.82357858400792 0.359959912998602 1.34875128651038 0.458215575432405 1.93295006244443 0.483435621811077 1.93970099044964 0.414959292346612 1.55547002982348 0.344152522273362 1.82111022854224 0.400192715600133 1.9705425396096 0.498662266973406 1.60340620018542
1350.43 1.47568373428658 0.35037386813201 1.04876953875646 0.450253895530477 1.01444070716389 0.386237581726164 1.25704573444091 0.421003620419651 1.95910678594373 0.459085915982723 1.57152541843243 0.342425204860047 1.60417236457579 0.302558701252565 1.61526536662132 0.338405187800527 1.39481301256455 0.432423019129783 1.88501242408529 0.48230472500436 1.17309376667254
1465.98 1.33535287203267 0.30848932499066 1.09494484355673 0.41205173805356 1.32050366536714 0.423761172685772 1.56162108830176 0.480597896454856 1.51082671387121 0.346944563183934 1.77999713644385 0.4504756428767 1.8105814945884
1476.13 1.81118773622438 0.360056481976062 1.74392786133103 0.310608844924718 1.29937117826194 0.499214754300192 1.03932834765874 0.32410118561238 1.8020971363876 0.446267676306888 1.0093323441688 0.468166380980983 1.07506649522111 0.42886283476837 1.41915444401093 0.488654346670955 1.05020553269424 0.312422505998984 1.71850056387484
