# Using the following values to generate the workload:# num_procs = 50
# mean_io_bursts = 10
# mean_iat = 25
# min_CPU = 1
# max_CPU = 2
# min_IO = 0.3
# max_IO = 0.5
8.34797 1.66818927950226 0.444807128654793 1.34472036664374 0.486563397059217 1.63588320999406 0.436888916511089 1.3073067786172 0.323491321410984 1.07971995812841 0.419298939965665 1.69984457083046 0.343065352924168 1.22430210700259 0.462122402945533 1.44964385847561 0.316777518112212 1.38145768549293 0.453826920501888 1.83611772302538 0.442017932236195 1.27472461340949 0.364786572288722 1.66399484919384 0.440566753316671 1.91980969090946 0.476080492092296 1.58329236018471 0.425382713135332 1.89203395950608 0.46763530280441 1.9459603743162
12.9281 1.99673949112184 0.35301437722519 1.57058429694735 0.468965318286791 1.59372982638888 0.464566826587543 1.17081450531259 0.399604204623029 1.73260873253457 0.375387433590367 1.29473090940155 0.307761298213154 1.30591538967565 0.413209731131792 1.97278563329019 0.309398466721177 1.8343152788002 0.353333532018587 1.0268086718861 0.482566320896149 1.88700851635076 0.471602349961177 1.42760540312156 0.464745835214853 1.63412144384347
49.9587 1.24031675141305 0.392255438445136 1.77771906950511 0.422720643365756 1.27353672706522 0.389113061875105 1.39463843498379 0.382138195727021 1.12631447589956 0.320593931060284 1.62399771530181 0.354441448720172 1.98673962289467 0.334353407332674 1.35869662184268 0.365374129964039 1.60295463935472 0.498892554501072 1.60218258225359 0.348565475223586 1.1854416585993 0.422142340941355 1.34944732068107 0.490473546693102 1.31505243852735
60.1474 1.45341736124828 0.396786013664678 1.61467222892679 0.372987659368664 1.86922259652056 0.375314342416823 1.37678290111944 0.320535729313269 1.67250439547934 0.342928273929283 1.53009685385041 0.360938238492236 1.5507109570317 0.363342697452754 1.60673291352578 0.397279259981588 1.18475147755817 0.370876636169851 1.83130563446321 0.309789262199774 1.31057653995231
70.3115 1.97241911012679 0.42095883898437 1.13287962484173 0.494990817736834 1.22326521296054
81.7719 1.01275168149732 0.364539252128452 1.01994327246211 0.363546464266255 1.40683058742434 0.359699554601684 1.20593393896706 0.352423860458657 1.86225657653995 0.311814716085792 1.69884458836168 0.326675820164382 1.85077046672814 0.317589443689212 1.39056124561466 0.327601434290409 1.49040593393147 0.332948969677091 1.11076178704388 0.410766931017861 1.40344730904326
154.821 1.28796161152422 0.487305851560086 1.9030562157277 0.433574257465079 1.57245695358142 0.4497420840431 1.85227709054016 0.32002234715037 1.32723751594312 0.428442600928247 1.89826733060181 0.396150928689167 1.96435461076908 0.367403652193025 1.29685831069946 0.39518898492679 1.49451923184097 0.36027043107897 1.0724164431449 0.498342861095443 1.34330254653469 0.305558436177671 1.32425020053051 0.411642509000376 1.32251738687046 0.392598589602858 1.0453764195554 0.358449872676283 1.05454873922281 0.494589821016416 1.30110901687294
177.552 1.95082687260583 0.478935247054324 1.26724935346283 0.323279410041869 1.04952802089974 0.478976286761463 1.36417486332357 0.36522164340131 1.31424453551881 0.467202043486759 1.25042545772158 0.31092898985371 1.27173769823276 0.365229119313881 1.74510133801959 0.438619045214727 1.99992362246849
181.957 1.07919161510654 0.452401223639026 1.69928038050421 0.441731485305354 1.17712056497112 0.395395466499031 1.33155286218971 0.355678554577753 1.8372486543376 0.487142846127972 1.72494341107085 0.412716026697308 1.96945313853212 0.473969656927511 1.8682366234716 0.489163919724524 1.92428289586678 0.382508175075054 1.97862156969495 0.465703814756125 1.11150522134267
202.461 1.15633524302393 0.474125467706472 1.42640317906626 0.470310728950426 1.12355779181235 0.423793731117621 1.89257778972387 0.432905241381377 1.20291544706561 0.472967468388379 1.51997438888066 0.453443537466228 1.67929196171463 0.410597757576033 1.89601372578181 0.498102294607088 1.06239645625465 0.494699978362769 1.21026122337207
209.396 1.49806700483896 0.457921802345663 1.86600012122653 0.331652018474415 1.60318446229212 0.377112365141511 1.32896190625615 0.378895146073774 1.9178336111363 0.470746809570119 1.92632546601817
229.943 1.08482445590198 0.449924198212102 1.09349794033915 0.351778989937156 1.30596919334494 0.303192739794031 1.63848988781683 0.372279426921159 1.33606973732822 0.329057972040027 1.07254451420158 0.452940575452521 1.88634144677781 0.490848567336798 1.8791613643989 0.309182259114459 1.2116331604775 0.49044330152683 1.7867278594058 0.37124392259866 1.94947825581767 0.491286028781906 1.4109359504655 0.470727108325809 1.37703693727963 0.322031095111743 1.52893270086497 0.345981588913128 1.53391785989515 0.424006999097765 1.07690214458853
314.251 1.52922759088688 0.368343943962827 1.54889880749397 0.340194240352139 1.41700941696763 0.376791897276416 1.35222992650233 0.319688947498798 1.49777863407508 0.326080884644762 1.16660107602365 0.397203135211021 1.70769654260948 0.484741364093497 1.90144588029943
329.265 1.8341835970059 0.314080370124429 1.84750882652588 0.409401006763801 1.59983227448538 0.405146196438 1.01613470795564 0.442821391392499 1.20535830105655 0.493276666663587 1.04990589036606 0.443723937449977 1.86246442445554
348.478 1.82843712111935 0.361475654412061 1.68109563901089 0.464609207445756 1.4284545131959 0.379999757604674 1.16531001171097 0.425585313653573 1.78593119443394 0.498543007159606 1.02349294116721 0.386119287088513 1.3507015616633 0.36534944945015 1.21633405005559 0.315382303250954 1.41760011157021 0.46560228979215 1.72272014082409 0.308141213469207 1.56346825207584
406.604 1.49038720410317 0.392935650702566 1.08253772719763 0.348298369534314 1.4119028635323 0.369539784966037 1.65767982974648 0.456496525043622 1.68026947579347 0.398434688849375 1.68420758331195 0.394994941726327 1.52454598946497 0.350792253017426 1.13492914335802 0.419121716730297 1.83200837182812 0.447742106765509 1.43000873201527
412.687 1.01099975733086 0.480290330946445 1.9467143942602 0.459995831968263 1.47124948515557 0.424614089448005 1.41306554991752 0.321911815041676 1.43537633423693 0.404437010502443 1.82775739021599 0.30814069439657 1.08804371370934 0.418030739668757 1.39873309270479 0.464199913945049 1.1670232268516 0.469386029941961 1.66575603163801 0.403142921952531 1.65452913520858 0.366859024995938 1.21833475050516 0.367866330640391 1.54852521559224 0.359134640498087 1.87767610233277 0.323413831274956 1.00485779135488 0.414308411860839 1.57849080534652 0.37839861405082 1.69498860719614
413.715 1.96079000411555 0.368575455900282 1.35266018332914 0.481620002025738 1.48270999989472 0.393722969572991 1.65017245383933 0.452402453823015 1.1178676453419 0.429645299725234 1.17470070277341 0.365983848646283 1.89223315473646 0.468935613706708 1.37138410867192 0.315857787057757 1.56193667463958 0.42219747826457 1.6549095925875
471.869 1.38313611340709 0.401036006119102 1.71657968545333 0.454296118719503 1.41534935543314 0.438333722902462 1.9259820675943 0.439751272555441 1.89514265395701 0.403543264046311 1.02100154221989 0.426854676380753 1.2185019380413 0.42067296798341 1.86239878414199 0.464555292157456 1.83273892384022 0.478969377838075 1.4754967270419 0.486467740451917 1.02739740442485
533.255 1.73780070617795 0.492463922454044 1.53472361178137 0.493764398014173 1.09586555324495 0.343707071105018 1.13907036068849 0.457096423534676 1.01123209437355 0.435566333821043 1.12246017134748 0.484195033088326 1.46919308369979 0.363483815547079 1.93201583763584 0.388573985313997 1.45375174982473
542.727 1.68829148518853 0.422545200539753 1.84232403361239 0.310372083121911 1.3978632229846 0.495243848580867 1.20759412180632 0.309225669875741 1.60038400883786 0.356296210875735 1.47080632252619 0.365167664829642 1.38936246512458 0.445246549416333 1.57920636562631 0.427715720841661 1.80006379960105
552.543 1.04297376004979 0.43755083293654 1.19926516339183 0.306436353502795 1.96998767275363 0.429058831511065 1.70398276275955 0.309810764016584 1.34235467272811 0.469327738555148 1.45048999181017
563.896 1.7941531741526 0.411901629017666 1.19331632577814 0.426532073691487 1.75848512724042 0.394238577969372 1.828119099373 0.315928920079023 1.08284344011918 0.496579932468012 1.84077821508981 0.34348116889596 1.96427951799706 0.40171129074879 1.07988277776167 0.414699915423989 1.5196531265974 0.399699059687555 1.85578571516089 0.3034866604954 1.7323004566133
566.188 1.23566400632262 0.309942826023325 1.7381017759908 0.329128299327567 1.0233982601203 0.391864366736263 1.78357399161905 0.360083206836134 1.80448737484403 0.440833815000951 1.41073293378577 0.489740853570402 1.23395003238693 0.357154532428831 1.4389203148894 0.408177131414413 1.19089418579824 0.354311408335343 1.85260618850589 0.440135327121243 1.98382096341811 0.47365109664388 1.04157368699089
628.475 1.93734442256391 0.317366826394573 1.11461673025042 0.357113773422316 1.14515278302133 0.318795853154734 1.73163153813221 0.453374005109072 1.02547539956868 0.478320581419393 1.08804303011857 0.339741688966751 1.98954954789951 0.414249230688438 1.28616927471012 0.429744149232283 1.94895879854448 0.441410433221608 1.0644446965307 0.429031489416957 1.65835983864963
631.452 1.33087769290432 0.466156500997022 1.56079496792518 0.370655318489298 1.94156632549129 0.340795669611543 1.11621462157927 0.395942913927138 1.23063776502386 0.403809569915757 1.97043725918047 0.390019620442763 1.96405691420659 0.443056693207473 1.71403700858355 0.470802997006103 1.7268008578103 0.414000185206532 1.14167881547473 0.363053963333368 1.72395604359917 0.387678807834163 1.3443131367676 0.30305560445413 1.33389104297385 0.367919121496379 1.31441275938414 0.330000918218866 1.9492126700934 0.423420428810641 1.09320439887233 0.303408797550946 1.74578596767969
636.774 1.95671719429083 0.361038663657382 1.35682582342997 0.320898350421339 1.95677783037536 0.479052538517863 1.8735199412331 0.433554101968184 1.07925504352897 0.363027871819213 1.12044573226012 0.467793899821118 1.57107059424743 0.386073445901275 1.54540603840724 0.387245874619111 1.84233816713095 0.477890523523092 1.94297786476091 0.422681330190971 1.14199249213561 0.407166971638799 1.40590787352994 0.342649700166658 1.04657505708747 0.478590760100633 1.29827349749394 0.378037513326854 1.05392268043943
656.647 1.75973000028171 0.483404888119549 1.44775604549795 0.364585133362561 1.98046912252903 0.396122295083478 1.121305659879 0.45886490107514 1.76785007421859 0.333151032961905 1.70352215343155 0.399084067577496 1.22117483662441 0.459195204917341 1.74136242386885 0.388261852087453 1.37449773214757 0.442372017679736 1.65377513482235 0.325892562232912 1.80127514968626 0.348716558143497 1.46398611762561
658.218 1.80528363049962 0.441621729871258 1.30959448916838 0.317123346868902 1.63390741171315 0.434229081496596 1.44806810864247 0.421437869407237 1.9475574165117 0.439438481116667 1.2553522773087 0.458734347997233 1.42177974944934 0.421575162326917 1.26071161450818 0.368999748444185 1.17165163904428 0.491975267231464 1.81964530306868 0.317621906474233 1.36310715111904 0.30442868466489 1.57696339837275
672.382 1.15951575757936 0.344350570999086 1.56020248308778 0.362852796446532 1.54796845605597 0.306284599145874 1.08871398726478 0.36091006253846 1.21102789533325 0.330299379536882 1.2443568892777 0.301962804980576 1.53965476178564 0.309727725200355 1.4432158684358 0.439742819266394 1.28064623195678 0.43769180001691 1.14602851844393 0.372837464464828 1.81642905226909 0.425641369214281 1.61235942738131 0.406907539675012 1.43217148887925 0.496890423540026 1.70295418449678 0.361509540351108 1.17069287737831 0.486209019785747 1.46283220965415
673.044 1.22666585980915 0.351157219102606 1.92521114018746 0.401523121679202 1.90864227339625 0.406671117339283 1.42457495746203 0.318094589561224 1.50746246310882 0.352907238248736 1.11959132342599 0.344607329415157 1.83489232999273 0.391767377080396 1.71352716814727 0.497137167444453 1.59911019285209 0.413823405141011 1.49271197477356 0.31291546379216 1.38721233978868 0.46691321968101 1.83775832131505
683.273 1.48263268452138 0.324350449768826 1.99274486931972 0.461008480424061 1.25403254013509 0.419956584414467 1.43536637141369 0.327068405458704 1.29471508506685 0.360805466910824 1.8364402379375 0.447196372784674 1.54149535973556 0.490932640852407 1.13988934503868 0.442557462118566 1.17501993570477 0.490953144803643 1.56994475331157 0.427005372056737 1.95256045274436
706.39 1.76442418992519 0.476222433242947 1.39161167852581 0.450212164130062 1.52310885977931 0.411005397187546 1.37417052988894 0.452877480862662 1.55058104847558 0.44724930524826 1.27777595841326 0.410968518350273 1.18146352260374 0.422652193345129 1.73261528089643
723.258 1.49100280669518 0.391283601569012 1.4499640436843 0.300577334314585 1.45873154769652 0.387629336956888 1.48427860857919 0.49761032438837 1.18848363799043 0.478649667976424 1.50258161081001 0.494458443112671 1.97349328431301 0.309652277082205 1.4217713510152 0.463347657583654 1.63908328744583 0.318621572153643 1.6129111321643 0.36283117858693 1.36206345446408 0.366456933692098 1.51638578739949 0.460154409706593 1.37897729710676
770.288 1.4474951105658 0.414229242922738 1.86372206150554 0.480403039650992 1.46913759806193 0.405484125763178 1.99151025433093 0.463460397999734 1.08358777919784 0.455639051832259 1.41678783483803 0.459646157268435 1.38292701751925 0.302078983932734 1.45314274774864 0.364785039098933 1.40515876095742
771.459 1.38698485051282 0.482388220075518 1.96566108730622 0.442974643036723 1.42048574448563 0.40770827322267 1.58841935778037 0.316352029843256 1.22606189525686 0.427579700248316 1.90567201166414 0.455740888044238 1.30401914939284 0.409968853089958 1.78543016151525 0.404613025952131 1.74299146234989 0.316858150344342 1.76211438374594 0.449884857982397 1.59054020536132 0.359317276300862 1.33980470849201 0.429664305178449 1.77332482789643 0.30286954860203 1.83166222064756
781.555 1.49717519758269 0.340716890944168 1.11080849403515 0.412513126339763 1.32283331593499 0.340738830249757 1.19501755060628 0.353276845766231 1.01542524038814 0.412403068458661 1.57712695561349 0.363642326043919 1.08589738793671 0.39371349751018 1.01655175257474 0.408718758868054 1.44672768283635 0.45745713468641 1.58117468073033 0.311375102261081 1.7611083749216 0.423795098578557 1.43509815935977 0.335133385146037 1.35972257005051 0.321138822101057 1.92235916364007 0.495492675900459 1.98902453761548
783.433 1.85220030741766 0.311056424723938 1.90131294145249 0.464854253130034 1.57425126573071 0.435096327308565 1.85504587553442 0.439603329775855 1.7352461013943 0.469618710596114 1.18296829774044 0.333113327808678 1.68196821655147 0.354553639050573 1.43653176119551 0.322543617198244 1.47506330977194 0.495768116088584 1.78139644791372
792.18 1.74601062946022 0.338688094075769 1.26621807646006 0.347481541335583 1.61340232333168 0.496369681879878 1.87261032033712 0.422857483522966 1.7434113023337 0.44871566100046 1.72559409891255 0.444039518618956 1.32804291904904 0.425150499399751 1.07271468848921 0.363340231170878 1.63921816251241 0.429768652562052 1.82336109760217 0.398970256699249 1.30589717742987
831.337 1.73261347878724 0.466562703764066 1.42404279951006 0.457881819969043 1.72959594149143 0.34848086158745 1.2151891910471 0.406520330440253 1.29040595679544 0.375572083797306 1.93118628719822 0.347061244631186 1.41208201297559 0.437008877657354 1.97710797912441 0.407368294009939 1.17808564309962
849.636 1.87917897943407 0.437647567875683 1.37583097303286 0.388778294064105 1.07873047189787 0.309164810273796 1.49511321168393 0.30787040614523 1.58673271280713 0.473849789425731 1.7489520884119 0.317285823542625 1.08883197931573 0.449665453610942 1.41872009076178 0.444179848721251 1.77226629364304 0.469615005236119 1.48487893049605 0.346944293892011 1.17754832608625 0.49756225310266 1.12688371096738 0.466335734166205 1.44241445115767 0.381105051795021 1.07119563338347 0.45457442747429 1.06162835448049
851.622 1.15594056807458 0.455415510665625 1.40261971694417 0.363766685919836 1.5832826779224 0.412019939906895 1.96651904378086 0.498829118255526 1.22441209084354 0.367911576339975 1.57064814982004 0.481233904743567 1.15419335849583 0.312772418279201 1.73973432579078 0.459945419384167 1.57384911808185 0.408890096098185 1.49103051237762 0.472641859343275 1.43265242152847 0.363228414906189 1.27137117413804
862.996 1.98117366409861 0.31460711825639 1.26893220702186 0.400545358145609 1.15858459169976 0.319412048626691 1.72178929205984 0.388772611226886 1.19818922015838 0.339525987301022 1.46722750645131 0.410921819927171 1.84084552410059 0.382200042111799 1.62139466009103 0.305605785315856 1.90538199315779 0.364185840450227 1.05364256817847
918.75 1.54924590466544 0.354817169392481 1.12105632107705 0.359144339896739 1.40642384509556 0.417465370567515 1.98965830542147 0.308978552510962 1.8560586583335 0.420928394701332 1.3556770470459 0.352616750122979 1.82820523856208
919.91 1.07313513732515 0.39005783777684 1.94236366893165 0.317882135044783 1.43903023679741 0.361114652035758 1.50009643379599 0.367091463599354 1.85155509668402 0.492946978285909 1.24043027684093 0.442475693300366 1.21476805512793 0.454201079159975 1.85093393060379 0.34135800297372 1.55029028258286 0.494934130040929 1.85016416152939 0.405982455750927 1.15161460428499 0.404410423384979 1.36287907813676 0.332391572231427 1.12864553905092
925.861 1.46256568608806 0.305856011528522 1.41321619600058 0.402727593947202 1.8531953888014 0.394603333482519 1.32069387473166 0.450226329313591 1.74235214153305 0.358277705917135 1.26540208724327 0.394061433523893 1.67083387938328 0.473923925636336 1.77163397008553 0.383421303750947 1.01158464187756 0.382641121000051 1.91722856345586 0.367419629450887 1.39263316197321
941.86 1.37453970010392 0.391635338030756 1.94346071593463 0.458438888704404 1.08580448734574 0.301622641086578 1.54170824424364 0.372054856549948 1.11931787803769 0.470761201530695 1.33935645618476 0.382605438493192 1.58783974638209 0.488171205390245 1.36357935098931 0.366175182815641 1.86602681386285 0.368689992884174 1.88581212610006 0.389903541142121 1.84283650084399 0.34272139435634 1.11609293497168 0.317314090719447 1.39299759594724
1041.45 1.85501199751161 0.302072002831846 1.79407895030454 0.473860583361238 1.56128174741752 0.483775952318683 1.59630183922127 0.42459079711698 1.47776914015412 0.365175691386685 1.91060824901797 0.399429749650881 1.80890155024827 0.451901092100888 1.82954764459282 0.477337116235867 1.67689040838741 0.343154597794637 1.35966572817415 0.375074528483674 1.02951134741306 0.342994655994698 1.07555826636963
1067.34 1.81374099408276 0.383790585678071 1.1929582208395 0.342002685368061 1.29149957676418 0.309592447150499 1.44776587910019
1097.77 1.04084752779454 0.460737161152065 1.00629111030139 0.452316732052714 1.01890955585986 0.378533302200958 1.1925658355467 0.343769540218636 1.13059585005976 0.360375312436372 1.13142779190093 0.487223424715921 1.70967696257867 0.36573170395568 1.26818481180817 0.338148001953959 1.08085063053295
