# Using the following values to generate the workload:# num_procs = 50
# mean_io_bursts = 10
# mean_iat = 25
# min_CPU = 1
# max_CPU = 2
# min_IO = 0.3
# max_IO = 0.5
10.7198 1.11372366221622 0.411674390407279 1.13818817399442 0.333695486839861 1.49200530559756 0.334754970064387 1.31224876153283 0.408882922213525 1.88248916598968 0.321698928065598 1.67974959802814 0.479126571537927 1.41273343935609 0.470097910705954 1.93331853137352 0.39733097134158 1.5580054144375 0.316957936715335 1.21098267659545 0.341046292008832 1.28406340093352 0.345149969868362 1.62542903679423 0.462466395739466 1.38865369046107 0.343865287397057 1.94517726730555
22.1927 1.15352504746988 0.334665835555643 1.08586259488948 0.44662773241289 1.73737998725846 0.345577591238543 1.07618464971893 0.358393915230408 1.32833564421162 0.357559671485797 1.10675431392156 0.460753536690026 1.09210402797908 0.389100517192855 1.73448341572657 0.422318679140881 1.56211130227894 0.388211211748421 1.02904013474472 0.318958030082285 1.24099046224728 0.367899419413879 1.16801309981383 0.334804136678576 1.46590321138501 0.443688479857519 1.95941287162714 0.453334648488089 1.34047270240262 0.440619138255715 1.01086778216995 0.400179097708315 1.52262603025883 0.302412923704833 1.03164943563752 0.479126192908734 1.41561216278933
30.0392 1.87540734582581 0.488143194466829 1.19012824818492 0.305768694868311 1.61042757495306 0.460009231884032 1.50940194283612 0.402262953156605 1.40026685409248 0.30411268514581 1.33837522845715 0.354043696122244 1.82248180964962 0.387554692709818 1.74131862190552 0.476529173692688 1.0515570405405 0.46485580811277 1.38881874922663 0.364326606271788 1.40498577617109 0.367951584979892 1.86915020830929 0.439065121952444 1.52439614525065 0.310199586907402 1.46589370653965 0.417175145074725 1.27435787627473
131.819 1.38779598870315 0.360095631191507 1.59535192581825 0.449137118738145 1.72363513032906 0.452203483041376 1.13198651862331 0.419641687581316 1.77975386939943 0.369435870926827 1.01045634271577 0.49309553662315 1.62898547621444 0.416756769781932 1.56702054943889 0.359006717987359 1.44646877166815 0.41193484053947 1.37800089851953
205.978 1.9170413564425 0.392893874831498 1.43250165320933 0.408285818854347 1.37012367043644 0.399367989040911 1.61773288622499 0.47017308739014 1.66129775322042 0.470055436203256 1.74138382379897 0.325915336189792 1.44966976926662 0.368791886838153 1.08382875821553 0.435221738321707 1.46304287598468 0.311363390833139 1.48391416436061 0.434505977667868 1.0441260074731
253.856 1.00758174294606 0.305599068384618 1.4688202959951 0.499785112636164 1.27682296722196 0.466177839692682 1.72822488239035 0.390950245643035 1.50625561201014 0.439541987702251 1.59364913473837 0.490153724187985 1.49073455156758 0.30291443024762 1.2693302736152 0.363635845342651 1.2848502760753 0.443063322082162 1.58468827744946 0.400858491659164 1.97856821212918 0.349471991322935 1.22759653604589 0.451236581336707 1.18449669424444
281.009 1.0226158623118 0.475275727268308 1.79229007265531 0.478402011469007 1.52628877921961 0.426902467152104 1.00139477523044 0.413747535645962 1.7743638146203 0.423420401476324 1.00774322357029 0.305047491053119 1.59325402253307 0.367150760209188 1.67969097918831 0.306118310708553 1.13184903236106 0.44697509277612 1.14905859064311 0.359605408878997 1.89950615703128 0.495815566089004 1.15088683413342 0.409250461123884 1.93155850330368 0.316856519551948 1.87810674356297 0.304980299528688 1.67756189429201 0.387038682587445 1.74371641338803 0.351792484987527 1.1393916090019 0.454830225976184 1.86150887119584
282.88 1.01932640676387 0.418733581993729 1.3014438978862 0.360265508433804 1.01852350775152 0.450083096511662 1.11053839372471 0.317403892613947 1.78513178718276 0.312605109531432 1.79229551739991 0.317639251379296 1.95772184757516 0.320112350024283 1.53676626877859 0.343826557463035 1.61003135261126 0.314061394054443 1.23781319707632 0.382231422746554 1.11059081088752 0.360936291329563 1.94140206673183 0.312045065546408 1.46680815774016
292.271 1.93881556321867 0.447726984787732 1.6333651242312 0.342524228757247 1.78271667170338 0.434014706872404 1.45417988928966 0.38316730633378 1.50331457378343 0.426013273745775 1.33008031663485 0.487951025227085 1.53692965721712 0.469220958137885 1.67169866827317 0.443734653061256 1.99154399335384 0.300867890473455 1.35866711940616 0.321731504891068 1.58993789064698 0.341538506280631 1.04914567922242 0.409042917052284 1.83691976359114
322.959 1.6331615454983 0.389029482100159 1.75449864729308 0.437594631174579 1.16779450979084 0.41037815073505 1.69314316217788 0.405946370447055 1.03043641126715 0.34391951141879 1.50584374298342 0.448733093263581 1.83866530749947 0.380102071817964 1.66152317356318 0.306571103539318 1.46080478094518 0.477417419245467 1.97571184369735 0.32915923926048 1.54232439305633 0.374664140120149 1.45759703591466
369.252 1.87494835513644 0.331354401353747 1.06206986540928 0.401701883412898 1.45141810807399 0.492520750081167 1.34120981534943 0.324403441511095 1.58900602092035 0.306680223019794 1.53115300810896 0.323309112619609 1.17799415113404 0.356846680305898 1.07550441031344 0.387467861315235 1.18649947014637
399.253 1.49223184469156 0.46868180828169 1.92281480529346 0.322087279055268 1.45004952838644 0.317795414756984 1.11879832297564 0.38334336602129 1.25566726201214 0.42792662861757 1.06848379061557 0.418351726187393 1.37035949947312 0.433277412457392 1.14521974138916 0.413977639656514 1.52346766693518 0.342065730877221 1.42073488258757 0.462008130736649 1.07265433506109 0.421102712815627 1.87622334086336 0.417309874109924 1.14887133822776
403.889 1.01503013120964 0.307796154543757 1.33954381314106 0.478945491509512 1.15105938841589 0.432464523008093 1.22898562904447 0.321832925686613 1.98507823026739 0.389951239340007 1.59262267989106 0.391453285189345 1.42625636048615
422.591 1.12867218628526 0.335000583250076 1.20570112927817 0.492374051455408 1.25367773673497 0.493377459002659 1.63797825109214 0.387658372009173 1.45021974062547 0.326768017420545 1.40602738130838 0.430597770726308 1.68421267578378
467.67 1.90396732720546 0.488105855463073 1.99962098454125 0.442235220270231 1.27427519275807 0.4237021160312 1.57044448330998 0.348602015245706 1.66177273262292 0.403759699407965 1.12144847097807 0.382678066892549 1.98850119486451
475.667 1.88268317678012 0.328378622513264 1.53348623192869 0.494689721241593 1.66321245790459 0.367312725773081 1.53535582474433 0.359880342474207 1.28521893150173 0.485992605285719 1.60739245871082 0.455280055571347 1.66608132258989 0.320339505095035 1.0453656304162 0.339566241856664 1.71219994872808
551.866 1.70271883672103 0.339640408707783 1.57158587547019 0.395548650668934 1.92337421304546 0.350968717457727 1.5139010285493 0.471944562671706 1.92963795433752 0.315438226331025 1.98267592466436 0.301509722089395 1.99136452679522 0.459381991717964 1.75931734754704 0.428044719900936 1.9567260032054
595.115 1.12040025088936 0.300809454265982 1.34365886682644 0.373633666103706 1.26832489832304 0.333248965069652 1.22719903360121 0.365629271930084 1.89265086804517 0.472562810592353 1.75454206694849 0.328792904037982 1.92935029347427 0.322485416848212 1.24579219636507 0.319176428951323 1.64253846206702
634.43 1.40210123872384 0.3758143666666 1.97604136611335 0.382413177238777 1.92292270297185 0.358307070238516 1.67196359718218 0.362445055041462 1.96411490952596 0.404688367014751 1.11820531496778 0.337380732828751 1.49067637696862 0.366965456493199 1.8974571370054 0.463446534797549 1.57092465180904 0.384591959463432 1.60346812033094 0.498279446642846 1.52716124313883 0.409403417538852 1.5286212421488
638.788 1.96845380077139 0.373622014652938 1.3570886941161 0.322480722516775 1.66187170590274 0.359826404927298 1.90491766808555 0.363976905029267 1.61084958468564 0.360116201965138 1.51771987648681 0.430641039833426 1.37171233864501 0.444810623954982 1.15093426522799 0.405526944668964 1.15432435646653 0.40019377223216 1.13676552264951 0.407151824887842 1.7889192069415 0.487172125838697 1.42106488277204 0.45628218841739 1.86721077561378 0.483239845046774 1.91140027414076
657.52 1.53682249598205 0.372466979455203 1.21291021024808 0.471265017380938 1.61625990853645 0.348556250333786 1.24418293056078 0.372554763266817 1.50971836526878 0.491353466315195 1.97596255200915 0.302425674302503 1.70514428359456 0.373978529730812 1.912214753218 0.318365234090015 1.1400768533349 0.382696517696604 1.09961441182531 0.319781885202974 1.15552880684845 0.468896729918197 1.62207265011966 0.43982435609214 1.7307704188861
682.73 1.4700624179095 0.497694092337042 1.4260784285143 0.415250978944823 1.83580062072724 0.466761460434645 1.95192966912873 0.420702798198909 1.1214626643341 0.435103253275156 1.73327730875462 0.318670188821852 1.21835428941995 0.394868786726147 1.57545558502898 0.325914477882907 1.96246021543629 0.373955465946347 1.98496041051112 0.364474635152146 1.99336351477541 0.417703066300601 1.70497473934665 0.498984895274043 1.85216623451561
794.411 1.04444561083801 0.420910833915696 1.67623999947682 0.358601323189214 1.0159532437101 0.492817114619538 1.88089204300195 0.458207859424874 1.79369557322934 0.40298755527474 1.91256557474844 0.453750623110682 1.46682719886303 0.421992434561253 1.27845073002391 0.368415864743292 1.5351724033244 0.421507166186348 1.3218338880688 0.352951266709715 1.14595289318822 0.314319278858602 1.3096096648369 0.355657415511087 1.73799565108493 0.355186912277713 1.29670771677047 0.453277111193165 1.98462761938572
808.528 1.45664490573108 0.310884271468967 1.75391443190165 0.424420246155933 1.77624477748759 0.355108191631734 1.8768740540836 0.366683278651908 1.51162971463054 0.433615502109751 1.99790555331856 0.43346402887255 1.41168123693205 0.445298640569672 1.68883894919418 0.388045494072139 1.45948140136898 0.317627358343452 1.09094776003622 0.434731564763933 1.6114467298612 0.389272313378751 1.08681383705698 0.46432804488577 1.24760902510025 0.445502419397235 1.85605754028074 0.45824121562764 1.20926628820598 0.329250705707818 1.13724847417325
882.955 1.93919661780819 0.389295499026775 1.3640821937006 0.339182191807777 1.01421506190673 0.49247145075351 1.15840749046765 0.302857832005247 1.65238381712697 0.450467610685155 1.01722385012545 0.473530803900212 1.91784159070812
925.397 1.73805566714145 0.463276532012969 1.5102972749155 0.498575896723196 1.18544969405048 0.415934453625232 1.98206242709421 0.319692351529375 1.52145926654339 0.460956803103909 1.81754710967652 0.474916623067111 1.75412452011369 0.416569387633353 1.98510831408203 0.331664953567088 1.53117874404415 0.45984919029288 1.49373687757179 0.34423871464096 1.77324682311155 0.470200417051092 1.38581279036589 0.37467270293273 1.70181661681272
975.613 1.72410083259456 0.386790582956746 1.63465273543261 0.360148913739249 1.12247174512595 0.49600315252319 1.92087887693197 0.449774125637487 1.26279755146243 0.361699257744476 1.48029481014237 0.323648578906432 1.54979663342237 0.302695062244311 1.16157992254011 0.318285633577034 1.3775380817242 0.471859545167536 1.05240458762273 0.40894721429795 1.36838328675367 0.425010251067579 1.19349577394314 0.310711696743965 1.78957728133537
987.066 1.02552673267201 0.348149786796421 1.81253976770677 0.458163871383294 1.9155450486578 0.499653769936413 1.95197242172435 0.432614837493747 1.45924090524204 0.337423360720277 1.67401528707705 0.315125523041934 1.94570528273471 0.374276727903634 1.25621273671277 0.433974973484874 1.90987470303662 0.328139303112403 1.03634832985699 0.352176491869614 1.63220703345723 0.367484563216567 1.34215317806229 0.497843693010509 1.69779318850487 0.361931681958959 1.52520740125328 0.339119580201805 1.96445180964656
989.59 1.08536710613407 0.307741835340857 1.49037435627542 0.446645027538761 1.5367888729088 0.320868527935818 1.30891593080014 0.311500288406387 1.50398549321108 0.495522769447416 1.45077003748156 0.461396930925548 1.22039465932176
999.715 1.87193647073582 0.469544883677736 1.32496735895984 0.324196351785213 1.99953468493186 0.334993507154286 1.09305784478784 0.342589579848573 1.01425477326848 0.421478406339884 1.15704348729923 0.324861348606646 1.83472456713207 0.491905786516145 1.38703114818782 0.33356313011609 1.66327832755633 0.48966129408218 1.28973275562748 0.329710155725479 1.54140207963064 0.377068385807797 1.43963193544187
1035.6 1.37065696204081 0.357245200453326 1.55831363936886 0.327205240307376 1.35528414486907 0.470556732499972 1.59920440963469 0.440206197276711 1.20504687284119 0.417176635097712 1.99790110928006 0.352491086255759 1.20888087130152 0.303262393549085 1.88201687275432 0.486677769199014 1.39037527889013 0.493651666399091 1.85079427226447
1081.88 1.22997676837258 0.356812300346792 1.38653387059458 0.363900849502534 1.65127057232894 0.384631200646982 1.15807120874524 0.459697829047218 1.59209948335774 0.340825705928728 1.16877104295418 0.341463461751118 1.26453180122189 0.381315000494942 1.81133692199364 0.432862123567611 1.82202592957765 0.498551796376705 1.60851188190281 0.458388331718743 1.27051662094891 0.398079989524558 1.50898471334949 0.361881087394431 1.11622147145681 0.471981196198612 1.28973049623892 0.337095827516168 1.18718420341611
1105.45 1.47844703309238 0.485458816867322 1.2965167441871 0.433439701609313 1.87609133007936 0.396029598126188 1.70535533665679 0.317191161820665 1.18937297794037 0.325076500605792 1.03547245054506 0.411448330245912 1.9409020752646 0.417458321712911 1.19106538500637 0.493912544334307 1.68754046713002 0.464023532904685 1.58827526029199
1107.56 1.10097411926836 0.360552380373701 1.54866280523129 0.31314783282578 1.76917872577906 0.462327912077308 1.08609793172218 0.436812643194571 1.94564454932697 0.398649251228198 1.53000717819668 0.425367842894047 1.46618628920987 0.448827011417598 1.04672692692839 0.372220613621175 1.23703114478849 0.354354396089911 1.02036847919226 0.341314031090587 1.34212188608944 0.340970478998497 1.64152634888887 0.437417233642191 1.76671229815111
1114.39 1.44335927953944 0.314201896358281 1.40761861321516 0.340057849464938 1.13247785298154 0.335580495139584 1.25944551290013 0.359902481734753 1.40105747804046 0.425187173113227 1.46672457060777 0.426310550514609 1.39377417205833 0.494852764857933 1.22015554830432 0.475093549769372 1.16079205204733 0.310265072016045 1.68193593178876 0.423156530875713 1.0269805251155 0.387310687499121 1.55326390219852 0.405447541270405 1.67260485957377
1120.7 1.27862477954477 0.485287447692826 1.74702082085423 0.461356871668249 1.71161747071892 0.434848421765491 1.8644137152005 0.336106522893533 1.82526455819607 0.358764334395528 1.32089306623675 0.372684075683355 1.58123657410033 0.421063328022137 1.65170150483027 0.346521757403389 1.36915194871835 0.460317234462127 1.98301056050695 0.479975844314322 1.13156325905584 0.418677485967055 1.73656089953147 0.470669286837801 1.31612031906843 0.396818037796766 1.26235959609039
1169.38 1.09824458323419 0.475982015952468 1.583401045762 0.341822087345645 1.2141462774016 0.31845698361285 1.42399831512012 0.423353097261861 1.98246403923258 0.48444318282418 1.57508326740935 0.498614392476156 1.69159072660841 0.37390768318437 1.7019504099153
1226.39 1.43780862330459 0.489723685896024 1.49380765948445 0.411704874457791 1.29074276681058 0.492563299927861 1.97809869539924 0.389216150529683 1.96483478415757 0.444831332983449 1.74871318694204 0.355686782859266 1.43660725536756
1282.72 1.32452645315789 0.461019762186334 1.38395188678987 0.375703428173438 1.59405083046295 0.4738512434531 1.6999493020121 0.442687755310908 1.85278528463095 0.401782099157572 1.74693178385496 0.305627703946084 1.37082218262367 0.495287897065282 1.47987407981418 0.306513903196901 1.23631825600751 0.421236050548032 1.72331638378091 0.325184945715591 1.66607288457453 0.302352495118976 1.33868538099341
1304.26 1.01427206257358 0.416299782134593 1.10055893147364 0.345637702662498 1.40552138932981 0.479041070770472 1.24544678837992 0.350467167142779 1.15056036738679 0.435996936634183 1.29744425020181 0.457165247993544 1.80225544678979 0.381951562454924 1.54715952370316 0.361761722248048 1.7004373408854 0.425286321574822 1.06727526895702 0.489075900614262 1.38283661962487 0.460082300240174 1.59763719351031
1329.53 1.02969343750738 0.499246058939025 1.45733812381513 0.375604082923383 1.71327595878392 0.49458524058573 1.83674177783541 0.432526077050716 1.95833271183074 0.473143031587824 1.14302177261561 0.409964928030968 1.54984431760386
1331.49 1.11036341078579 0.480795566737652 1.3286923575215 0.433010971266776 1.2275121693965 0.416511854995042 1.30860647675581 0.45190711626783 1.44282651669346 0.305741646606475 1.17908219737001 0.372168398462236 1.25986904138699 0.459069871203974 1.15566284861416 0.311640812410042 1.94968146877363 0.313419281784445 1.79616863606498 0.400495313527063 1.64751716167666 0.342468548053876 1.79621629021131 0.30056354268454 1.48159950878471 0.309394742036238 1.20534558105282 0.436221074545756 1.49465922312811
1350.3 1.6086396612227 0.427112718485296 1.72721802373417 0.468420452950522 1.38509162398987 0.32469236459583 1.80681392014958 0.339617096073925 1.82741697016172 0.496616916637868 1.25244850525633 0.416256609838456 1.38960198522545 0.484529750561342 1.40495123039 0.375549191376194 1.42443679529242 0.370499955816194 1.76632721093483 0.349810139648616 1.87518742703833 0.332409124262631 1.84200742654502 0.317023794027045 1.22441972093657 0.339396508503705 1.6773389687296 0.460926684597507 1.25287180370651
1361.72 1.86170817469247 0.325969291292131 1.41929018241353 0.483219302166253 1.08439736487344 0.345377307198942 1.28713003592566 0.449810473062098 1.63881536433473 0.355449575651437 1.95846593892202 0.444563950831071 1.77929463866167 0.430784417595714 1.3783880546689 0.37152214073576 1.71498115966097 0.467358062323183 1.4339156805072 0.385429679602385 1.87763302144594 0.34251496209763 1.87644041772 0.494964045239612 1.02270949445665 0.436914657847956 1.67103577870876 0.395962413726375 1.30060863937251 0.438582686055452 1.08916996023618 0.430927011929452 1.58334135543555 0.46607483974658 1.62254112679511 0.30230552777648 1.84966580849141 0.317841248307377 1.34817888075486 0.384721609111875 1.44422688055784 0.462885288381949 1.78118266467936
1375.33 1.10855098930188 0.418439392978325 1.59652384510264 0.448537600738928 1.48715677438304 0.383320163143799 1.69001570879482 0.496014394797385 1.50724071706645 0.360893518850207 1.17707508988678 0.449014295684174 1.9046021765098 0.317713859304786 1.47288379515521 0.328529359167442 1.42899381322786 0.323106746654958 1.85799049795605 0.380978421214968 1.31823000963777
1381.06 1.74317673337646 0.472497874498367 1.89713167306036 0.457385803433135 1.22090241266415 0.411251059966162 1.8756784745492 0.331591632775962 1.00015903986059 0.343777400115505 1.86109979590401 0.378222291497514 1.65459358925 0.406931496737525 1.10861082468182 0.449041704833508 1.48202281165868 0.433126214612275 1.34842862631194
1383.8 1.08001098223031 0.479176764469594 1.14848997769877 0.40746662360616 1.12309829960577 0.474837385723367 1.16684588510543 0.447817977983505 1.68753437139094
1413.13 1.0108218761161 0.44807733586058 1.10366589552723 0.376411678595468 1.7612483499106 0.303926399722695 1.38893342134543 0.32811948210001 1.64006777736358 0.457822656957433 1.85562110203318 0.440069573186338 1.28009651927277 0.489557665027678 1.54120555357076 0.351662903185934 1.5471603742335
1438.67 1.87883008853532 0.340602965978906 1.45555274817161 0.324679607106373 1.37277430132963 0.39363880334422 1.8954666457139 0.316735907178372 1.97656176215969 0.375858684349805 1.3820908816997 0.363876072363928 1.93518329015933 0.317417238373309 1.38241743273102 0.401524413190782 1.9011701582931 0.448146680509672 1.48111703735776 0.46688952180557 1.30905787320808 0.368134803324938 1.07405675319023 0.444750020606443 1.93451289809309 0.31889496454969 1.79944920772687 0.382094734022394 1.46554817771539
1467.49 1.09850609838031 0.484687755350024 1.87180727510713 0.397361970925704 1.01852493593469 0.44471472138539 1.65543498983607 0.487312888307497 1.01742936274968 0.442358916671947 1.81910739233717 0.348536493629217 1.41637870226987 0.461714317370206 1.37148687965237
