# Using the following values to generate the workload:# num_procs = 50
# mean_io_bursts = 10
# mean_iat = 25
# min_CPU = 2
# max_CPU = 10
# min_IO = 1.3
# max_IO = 2.5
12.3311 4.44781395047903 1.7099182757549 6.78819718956947 1.70712370062247 7.67321042343974 2.37049052845687 3.50130982883275 2.47473043194041 8.98298683203757 2.2486685548909 3.56342032365501 1.43394721932709 3.23685261793435 1.38513675071299 8.0087874867022 2.22420337600634 5.48932995833457 2.14726934488863 9.79159758985043 1.96766961859539 8.28150883316994 1.90468770256266 8.03458779864013 1.82830137405545 7.46525200270116 1.68321855887771 2.48044487461448 2.176001562085 5.43195011653006 1.76789943240583 7.55143438652158
16.726 2.90580884553492 2.1860894725658 7.27437603659928 1.89575682580471 5.63174620829523 1.4987778079696 3.04129157029092 1.47871559727937 6.72504561394453 2.02410902390257 5.01303451508284 2.46503110006452 2.82754432223737 1.38236418757588 2.35838448628783 1.63854845371097 5.31969736330211 1.96891319630668 8.67439759895205 2.3125705323182 3.50826858915389
68.6305 3.48528725281358 2.32049011150375 8.37142125889659 2.15596803035587 7.06064322777092 2.39899182282388 4.23823628388345 1.3095318893902 2.79619646258652 1.94399801008403 9.93550292402506
107.644 5.98438755981624 1.34909345367923 9.48216504603624 2.21050166888163 5.27749786898494 1.77673972314224 8.74647165462375 1.67575972061604 3.2727362383157 2.39806057047099 8.20056982710958 2.06183253657073 3.44091411493719 1.93960853870958 2.3994996547699 2.4026802890934 3.97887229733169 1.52241528620943 6.76885497383773 1.32350552584976 7.29027631692588 1.69262305814773 2.14433616772294 2.38062826711684 7.52699746377766
112.105 5.30869156308472 1.86710757156834 7.63962066173553 1.99067799141631 7.75599456764758 1.92622321769595 6.54851870052516 2.43677852163091 5.12242299690843 1.663558654394 9.80109994113445 2.04410692472011 4.99304256774485 2.38918583597988 3.76516713015735 1.4652217194438 9.64990583620965 1.95634519439191 2.74849838577211 1.56976986406371 2.79538603127003
117.519 4.87565560080111 2.00823799837381 8.55834418348968 2.34972065743059 9.41579877585173 1.82960131587461 8.27546404115856 1.52630135053769 6.00335446000099 2.49061194267124 6.74806425720453 1.7682668752037 3.1098569277674 1.45871728518978 7.54478040523827 1.47954826951027 2.45798172987998 2.40381620628759 4.69845252297819 1.87511965455487 9.08820109814405 1.530027161818 2.38821745663881
139.53 3.93058563955128 1.84562038648874 3.42728264257312 2.02017662664875 3.01079639978707 1.53602352757007 4.74278778396547 1.65425909766927 4.11347166821361 2.36117708319798 2.00311245582998 2.12671181457117 9.59597540460527 2.29938689330593 8.08901465684175
167.29 3.37330203689635 1.58203608114272 9.2073933146894 1.63907026657835 2.87764378637075 2.10010446095839 5.94724220782518 1.36620790632442 8.86777581647038 1.63635389683768 5.87930330634117 1.77165221106261 7.11591207236052 1.31215409291908 4.25797883607447 2.48225822281092 4.99417882040143 1.56484009074047 5.97351373545825
168.819 7.513975629583 2.0403350786306 9.19350376725197 2.22804631851614 5.19441590644419 1.80496872747317 8.21985334716737 1.89413357637823 9.2734355032444 2.18338540326804 7.80418056808412 2.41658807927743 3.67921851761639 1.51602464886382 8.20622488111258
170.385 2.42581956833601 1.80812555421144 7.79081108979881 1.64193338081241 6.82680925913155 1.48251578509808 5.09752207994461 1.584851808846 2.22039287537336 1.36279995497316 6.28490355238318 1.84565181694925 2.60148129053414 1.98483208278194 5.5924243349582 1.49879376403987 4.60875691846013 1.63734188042581 7.01946106180549 2.1982890099287 7.04959962330759 2.18703069407493 4.66602631472051
178.006 9.92816183902323 2.29600711800158 3.55764869973063 2.1159890031442 7.3915795031935 1.42984474459663 4.02003566920757 2.12804004671052 2.28056017309427 1.37840018887073 5.15579214505851 1.6483900594525 2.73075645230711 1.70831288229674 4.72244863584638
182.937 5.63849393837154 1.3944842309691 3.41657319106162 2.23260694025084 9.57055160589516 1.81727515337989 4.14889132604003 1.30861750505865 8.13730656541884 1.90528992302716 9.73362858220935 2.19358257269487 8.28096119314432 2.37564864326268 7.07852484472096 2.27850335305557 3.85274808295071
187.453 4.56280878558755 1.5694088219665 3.53161555342376 1.53021644838154 4.34600565209985 1.50380243510008 4.32772917300463 2.40547269247472 4.43664080090821 1.32186588365585 3.33800740540028 2.27002167310566 9.85643803142011 2.49624007018283 7.90441610664129 1.94654030250385 7.76496682874858 1.84861569004133 3.90667955949903 1.87228979161009 4.47556666098535 2.07668794672936 2.39720871113241
212.628 7.24148907326162 1.62335408721119 8.90889629349113 2.09483764572069 2.99920102208853 2.15930332737044 8.37757382541895 2.26046538567171 8.7071883585304 2.12945899926126 5.18759810365736 1.38774006869644 4.70151383243501 1.61248436979949 8.3753844872117 1.86803410965949 5.15570833720267 1.32780379261822 4.36109416745603
222.49 5.45394805818796 1.56336317481473 2.52704355493188 1.84803543072194 5.94383132643998 1.46693027485162 7.56859321333468 2.41127291191369 9.02346329391003 2.02145366212353 8.51367052271962 2.27809791006148 7.90609818138182 2.00523159718141 7.13946815207601 1.35949131716043 8.31567992828786 1.9637665825896 9.27065198682249
271.449 4.44721583276987 2.18364472119138 7.32914761267602 2.21134920977056 8.34975223243237 1.4127132691443 2.63157452642918 2.32641939297318 9.3940212726593 2.16727539096028 9.46178201772273 2.05957963019609 4.3165925424546 1.46691759191453 2.79178460501134 2.39699393194169 9.83200978115201 2.14689368894324 5.84897582046688 2.38473673351109 7.42249206826091 1.68432169780135 3.32867253012955
314.161 8.92047700658441 2.21295256363228 4.01709209382534 2.02300487607718 8.05450970679522 1.62836782876402 7.90951337665319 1.41432438716292 6.91340503096581 2.44039939148352 3.82318676635623 1.89704500697553 3.53255987912416 1.43578056925908 5.57546609826386 1.87257748004049 4.00597537122667 2.44316829368472 4.26557451859117
388.13 3.39100112207234 2.12974455785006 5.80168234556913 1.94879010310397 7.88706433959305 1.41292475154623 3.45509131625295 2.45636988254264 7.03198844380677 1.60949722519144 2.27953148819506 2.29960357081145 2.73173067346215 1.82963864412159 8.00494475848973
411.643 8.13408460654318 1.43064048560336 4.49500213190913 2.06903206445277 9.8640525508672 1.7555239200592 4.87412256002426 2.40914239333943 9.15177217870951 1.55010224096477 8.67142970860004 1.59895363310352 8.29307501763105 2.24558517066762 6.0801997743547 1.99186073997989 6.69560028240085 1.78606427218765 4.20377692393959 1.35507502928376 6.65098043531179 1.45900597916916 9.97965777292848
430.736 5.4248133469373 1.91117925969884 9.28589184768498 2.15944415507838 3.37339274585247 2.07214900394902 2.10595135577023 1.55309991659597 5.71179925836623 1.91626179264858 5.14664431288838 1.36612071497366 2.96959734149277 1.57170049743727 2.3375917840749 2.21345904823393 9.75501128658652
431.934 7.96487791463733 1.48934566825628 4.95659987442195 1.61977573512122 5.77061794139445 1.63167483210564 4.70915721729398 1.65929930424318 2.82317573204637 2.26844044774771 3.68436261825264 1.35736687742174 5.33453993685544 2.19193731574342 8.66141034662724 2.36349250180647 6.02818189188838 1.48394357943907 5.37742994166911 1.58100928487256 4.90511652454734
454.229 4.96824696660042 2.09060614863411 8.36870483867824 2.31030016951263 7.7012554705143 1.37846457166597 5.33395599573851 1.30188685245812 5.42047379165888 2.27985413866118 5.47016952745616 2.125081751775 6.48340897075832 1.69781654207036 6.0739628765732
503.903 6.86490489728749 1.98820159165189 5.80354382283986 2.46358359539881 7.17395668849349 1.50652844514698 6.35522861778736 2.46924692131579 7.96945616975427 1.8211343260482 8.07071272470057 2.37986527113244 2.4705085363239 1.32477991906926 9.59002452157438 2.49035408487543 4.95598590373993 2.0217724468559 5.57067255862057 1.40533589906991 6.3249086048454 1.51916703358293 7.5364624094218 2.36918985377997 5.48057433031499
561.638 4.15562714263797 1.70240843556821 3.06846706196666 1.57313970597461 6.88026516325772 1.72012560013682 9.77253285609186 2.1520198399201 7.59704950079322 2.02578111439943 9.11363702826202 2.36422967119142 5.66264978796244 1.32868856452405 9.76508378982544 2.40478512356058 8.25955372862518 2.01106663923711 5.50332989543676 1.4365942472592 5.93749653361738 1.87751722447574 7.06339421495795
592.092 8.85607056878507 1.54620081149042 8.89216984249651 2.06975238760933 3.71596431359649 1.63192121060565 6.47235042229295 2.11881372770295 8.32627428509295 2.06192641584203 6.73556686192751 1.38105036867782 3.6607859171927 1.45828356891871 7.90228718332946 1.67932467507198 8.71890098229051 2.46706698080525 7.5511528160423 1.94601964522153 8.84851005114615 1.40893131643534 9.49664935655892 1.4497806972824 4.7819410674274
668.438 4.8101653624326 1.41599422572181 8.74321204051375 1.99186106659472 7.49106608144939 1.38049123678356 7.9956285469234 2.47994455182925 9.4779555965215 1.45256083570421 3.18615262024105 2.26343880826607 3.84385056421161 1.47512403028086 6.59890119172633 1.36817366769537 6.51363705471158 2.38223926583305 6.07262287661433 2.20259078340605 8.03519615344703 2.01376892514527 9.69163842312992 1.82216889429837 7.29960576444864 2.05373345641419 8.06765541993082 2.48819892294705 9.63446654751897 1.70469814380631 9.16990298219025 1.69325839495286 8.58789039775729
684.922 3.78796993009746 1.47057079188526 5.05027246661484 1.57171080773696 7.06895244680345 2.19950099205598 3.49744696542621 1.57878555590287 4.09254300035536 1.31790643380955 2.73007976636291 1.64677085233852 6.39568005502224
730.512 5.00518158636987 1.78894647313282 7.98412877134979 2.4935562546365 5.90965076163411 2.19158478183672 3.14290287531912 1.71895814547315 7.02509580552578 2.19440431715921 7.79801814258099 1.76590616134927 2.81832884997129 1.73708889549598 6.16218429245055 2.28412715634331 8.8672718629241 2.14188412576914 7.68459108285606 1.80590002397075 6.71486424095929
735.244 4.74342883192003 1.55118204047903 9.40584806166589 1.68459369363263 7.57398934662342 1.75289991525933 9.27630030922592 2.44768027020618 7.36345007456839 2.40150159513578 7.3034151121974 2.44531043209136 6.34596465528011 2.28802836816758 8.97826928272843 2.48813914880157 7.81803917326033 2.37339955428615 8.38864114880562 1.47896460797638 4.58784473128617 1.33795053092763 4.46583894081414
782.116 8.87533466145396 2.16392804998904 6.77561059221625 2.13892113780603 8.89665399305522 2.45750817237422 6.28980185091496 1.46084206942469 9.51096337847412 1.57377180792391 4.54617247357965 1.97540690759197 2.92403877712786 2.39513048091903 8.29318191669881 2.27272018380463 7.82552940957248 2.0695338842459 7.18999904207885 1.74653062466532 2.01311627030373 1.46754132788628 8.93492211028934 1.92379207434133 4.57181272096932
850.514 6.64560938253999 2.11132735237479 3.45874099805951 1.57266322327778 2.0236201044172 1.96894713714719 7.27859347872436 1.48001651754603 3.36819924414158 1.91966499341652 7.00232645496726 1.72601353004575 8.52413779683411
881.894 4.15602598711848 1.54666299270466 5.2327110953629 2.43862395379692 5.97060791403055 1.66424033557996 4.49806761741638 1.6288192733191 6.80329387076199 1.39340017400682 9.50095528736711 1.73580508995801 7.04414426721632 2.00084624886513 2.24724376760423 2.24870308665559 9.836455848068 1.76290882602334 2.46456942148507 1.87949050720781 9.9155281893909 1.80213908301666 8.76078593917191 1.8754196241498 6.42455617710948
901.766 7.22298452444375 1.46255555031821 6.65520592778921 1.46221441300586 6.95447149500251 2.37039192207158 5.8856228813529 1.37867444613948 2.30575460009277 1.90618220455945 7.91674832813442 1.79687876179814 2.18658317439258 1.97995633222163 6.1794901303947 1.96410316964611 9.9835934843868 2.33846650598571 3.22450068965554
907.812 7.57479402050376 1.77056359965354 3.63612160459161 2.40399482157081 5.31644908897579 1.88459135238081 5.79987479373813 1.32481431197375 7.78233107738197 2.38339191777632 8.62469953298569 2.065477915667 3.02019354328513 2.06794440802187 7.9404423609376 1.70112702865154 5.58121733367443
954.347 5.88589460402727 2.07638781256974 9.38173871301115 1.8654320939444 8.17500469274819 1.9146379721351 6.55326399020851 2.18012279719114 9.72117929905653 2.26299983710051 4.63159102387726 1.85988104809076 7.40022351033986 1.70244420897216 9.34750327095389 2.41080940468237 6.19987538643181 2.45069843009114 9.38838147185743 1.52591323237866 6.58000455237925 1.60221128212288 4.22899679653347
967.077 6.26339909993112 2.27134594703093 2.86156330257654 1.48103620484471 3.7928520180285 1.78526613283902 4.45503746345639 1.3012232854031 6.26107039675117 1.5044770819135 3.52391866408288 2.2713919759728 6.23834585398436 1.92455987120047 6.693424616009 1.77283119447529 2.61089767701924 1.84789461782202 9.38296864554286 1.89022972313687 6.60641524195671 1.70805592052639 3.74896419979632 1.85825062151998 3.4082162566483
974.84 2.27938731200993 2.03063269099221 2.71948702633381 1.84065442346036 7.54484998807311 1.62122932560742 6.13588613271713 2.38118571955711 8.97221484594047 2.18319208696485 9.59286724589765 1.85814224015921 8.4441220164299 1.49191803913564 2.63663505017757 1.8592122730799 3.05937198735774 1.94431746704504 8.24273276142776 1.40894148536026 7.94893407076597 1.71700170338154 8.02555008791387
975.813 2.15368771366775 1.61113060666248 2.18179030157626 1.68110728934407 5.80197877436876 1.61400732193142 3.0571195166558 1.91139395041391 3.93836329132318 2.11362383933738 2.69900704547763 2.11083495467901 5.99506293982267 1.90654833056033 8.7558713555336 1.78718863073736 2.16862188652158 2.35012777624652 4.71339935995638 1.69615372335538 9.4281961210072
989.58 4.03349436819553 1.32209580149502 2.15846708230674 1.90016957791522 6.15854076109827 1.53408305747434 2.05375715903938 1.83601358495653 3.87792402505875 1.66477331733331 4.10950903594494 2.24248442417011 6.10905230417848 2.27171668671072 6.17628271877766 1.80116278715432 8.49929009005427 2.16620931066573 4.11674270406365
999.433 2.605325024575 1.9145691787824 3.48542966134846 2.0979200584814 4.03481536917388 2.3654020935297 2.63550545275211 2.1104183986783 5.67722364328802
1021.19 3.5894375462085 1.66922241728753 7.56384298950434 2.41699840221554 6.26483067125082 2.01557664098218 4.28745241463184 2.22444976428524 3.04862840846181 1.6190484653227 5.59418251737952 1.52036982998252 5.55347190983593 1.39174214107916 5.63873689435422
1050.13 6.84546678513288 1.42794274576008 5.36288066580892 2.3345836058259 9.93172758817673 1.510065431986 4.59730658866465 2.36466917712241 5.72726361453533 2.32294552018866 9.09451728127897 1.96512209055945 5.00181771628559 1.75105546014383 5.09181711263955 1.61468165749684 5.44513484090567 1.8956075550057 7.58141708187759
1053.21 7.61196852847934 1.66753218192607 4.72800859250128 2.49753983933479 8.59043248184025 1.49979102388024 9.12547561153769 1.77965068854392 5.68724396824837 2.36695737242699 4.61763095855713 1.67937067355961 3.70098805427551 2.14196965107694 5.62102375738323 1.54490229655057 3.74687971919775 2.42794182002544 3.58619995042682 2.4818323190324 8.94897766411304
1055.4 6.24891908094287 1.64960056412965 2.53462010249496 2.04165547480807 7.16292724944651 1.81777669265866 3.34813958592713 1.77548050368205 2.59353900514543 1.47661825092509 2.7812791634351 2.110467004776 4.52665376849473 1.70990393627435 8.19735953398049 1.62197948275134 9.11439335718751 2.25384340025485 7.36865218915045 2.19359257845208 4.96370749920607 2.00585741242394 9.84692186117172 2.01233036704361 7.27770041488111 1.95347627792507 5.87534796632826
1109.99 8.55766287259758 1.78977119289339 7.22515349835157 1.5630989828147 7.94080137275159 2.0310054205358 3.27626371756196 1.96105735814199 9.70337257906795 1.82439893037081 4.92424999922514 2.45460950657725 6.49461829289794 2.34776930203661 8.7270523160696 1.8451822001487 2.8328549657017
1130.14 8.38774144463241 1.66338906195015 9.60226424410939 1.65499378321692 5.88967146910727 1.34754858342931 4.58005336485803 2.12911295602098 7.53459372743964 1.79567732689902 5.57550279796124 1.90258684223518 8.4159994199872 1.33997984332964 2.50461821071804 1.96716261347756 6.28010704554617 1.67186523750424 8.77757021225989 1.36784169012681 2.11958109401166 1.39337927540764 3.11675586923957
1142.28 7.57862607575953 1.86090888762847 5.87111866101623 2.23060010531917 9.11470691673458 2.33787036240101 6.43987730331719 1.89426918299869 7.16983427852392 1.95385426627472 9.06734866462648
1166.36 8.48958186432719 1.9980733149685 5.92482886090875 1.79988425606862 6.12967389076948 1.50733213527128 3.17078858613968 1.59195888489485 3.44881292060018 2.40965980375186 9.09191567078233 1.94966429173946 6.11420136876404 2.33523325193673 5.18421271070838 1.98879198804498 7.76165451854467
1200.37 7.52085345238447 2.38499922733754 2.69061215221882 2.09703978849575 6.60223181173205 1.88531224830076 2.09428012557328 2.1588555669412 8.46035584807396 1.67869110377505 5.81954148039222 1.87800242435187 3.47207950614393 1.39411803651601 9.22503499686718 1.49715785626322 8.55408176034689 1.82002209667116 6.43636738322675 1.36367576830089 7.79679125919938 2.14704761169851 2.56847055256367 1.72895509554073 6.48204462043941 1.52266507754102 6.23157713748515 1.65464016245678 3.14184309914708 2.4152107719332 6.20503063313663
1229.18 2.24157076328993 2.05821193633601 3.54833935759962 2.07430227659643 6.63652719557285 1.83050418626517 9.65707523748279 1.78044688580558 3.74216853827238
