# Using the following values to generate the workload:# num_procs = 50
# mean_io_bursts = 10
# mean_iat = 25
# min_CPU = 2
# max_CPU = 10
# min_IO = 1.3
# max_IO = 2.5
25.4295 5.54308027401567 1.41659359745681 4.56870316714048 1.33630369286984 9.1342202052474 1.58038419829682 3.24734781496227 2.19522060640156 7.58699101023376 1.49591172849759 9.51508701778948 1.31614146512002 5.69441238977015 2.03020746810362 9.03809652477503 1.4529503854923 8.90090429782867 2.37038329960778 2.60220657289028 1.31245349841192 5.33938354440033 1.33151778010651 2.24159522168338 1.91423890525475 5.46935479529202 1.81179396733642 7.21528122760355
97.2136 6.83792396076024 1.45369754945859 6.90890591591597 2.32544721849263 8.24431456625462 2.11039004102349 4.91472178883851 2.48221023865044 5.36223302595317 1.83525719782338 7.0087433103472 1.42434692326933 2.20973625406623
142.156 5.51111096143723 1.58346726903692 9.51982268504798 2.36938098296523 8.98528260551393 2.39109344789758 9.92422528937459 1.50784048149362 4.87790474481881 2.12046440634876 7.6821753513068 1.4727704427205 3.9339751303196
193.581 7.24057481065392 1.7547994540073 4.74974316544831 1.63598891412839 4.4997976385057 1.63354445109144 6.8860189113766 1.63133641416207 3.32913304492831 1.91935095842928 8.4093822054565 2.02024110555649 2.98503402248025 2.25352924624458 3.59898638352752 2.36134194293991 5.15445894561708 2.40844845501706 6.77561223134398 1.95125879654661 8.7368858512491 1.78258213177323 5.27700830250978 2.22031271168962 5.10135345719755
284.993 6.0542234107852 1.50035385051742 5.05277940258384 2.14407367836684 9.23325998708606 1.33364302366972 6.43428025394678 1.35007886597887 4.83697026781738 1.83926040846854 5.79102359525859 1.33152767382562 5.49229658395052 1.45984959146008 5.55016009882092 1.72934705149382 5.99266490712762 1.32214296897873 2.4832534249872 1.60117312083021 7.05033806711435
319.407 6.02992840670049 1.77557547120377 6.35856452025473 1.56607228247449 2.02120262570679 2.43075864324346 9.48803140036762 2.0803404272534 8.71186463162303 1.75211713854223 9.99717841297388 2.36177224610001 5.74165498837829 1.62654048195109 4.87065659090877 2.43510521883145 4.33221555128694 2.29163795206696 7.46747166290879 2.07653201119974 3.60328683257103
334.955 7.27107637934387 1.64814969189465 3.6970248632133 1.44441321091726 6.44149765186012 1.87750063026324 9.83012507110834 2.47023618146777 2.98979434370995 1.41374223325402 8.95077192038298 1.59102609753609 7.51760371029377 1.33042366849259 9.69742361828685
477.723 3.1134633757174 1.35382604133338 8.49315328150988 2.30894283456728 2.50510080717504 1.88675908632576 2.70985383354127 2.27609934499487 6.35039499029517 1.64921957338229 6.72141424193978 2.37834291635081 6.14053211919963 1.52306153820828 9.31332276389003 1.34818358523771 4.54146492853761 1.84397708782926 9.18517716042697 2.189995208662 4.12422981671989
482.07 6.86548369564116 1.72547611314803 3.74429518170655 1.55995624857023 3.45563312061131 2.39919878374785 2.80220661126077 1.77151272585616 9.08410689420998 1.41174950590357 5.59132253937423 1.98303892798722 2.19789833389223 1.95966604184359 6.84382224082947 1.64866044651717 2.01702061668038 1.56518435981125 8.73739079385996 1.58440127568319 5.46620348468423 2.29618763569742 7.54947928525507
512.088 3.45949234813452 2.2954398679547 7.6078082844615 1.3793786467053 8.48770241998136 1.86362549541518 9.32652299292386 1.93410510458052 2.85776061937213 2.41740841949359 6.33387069217861 1.66860816041008 2.35585022717714 2.01041440954432 3.94263897277415 2.21521599320695 5.79736166633666 1.57813437813893 2.11689914762974 2.43534742901102 2.4214650914073
545.091 8.73443082906306 1.64955059932545 3.79086871258914 1.43777432618663 7.42163513787091 2.01961925942451 5.0637255590409 1.64433029778302 9.03525707311928 1.35997339924797 7.1439531520009 2.2916633548215 5.2882918138057 2.23551806658506 2.07300913147628 1.76080450760201 5.79340744204819 2.17233902523294 6.95631483569741 2.13131998823956 3.36076277308166 2.1359027759172 2.49365670233965 2.27770319785923 5.66706552729011
572.519 5.53092079423368 2.28339882874861 6.03500197082758 2.24044671142474 7.95888583548367 1.69363186126575 9.09965490736067 2.45198662914336 4.00774694606662 2.10201542312279 3.96718763373792 2.28646130906418 5.57585312239826 2.30234438469633 3.66419601626694 1.83736324431375 8.42829470522702 1.3402707115747 7.95058308169246 2.48724854337051 5.34925725497305 1.97751652449369 2.4875328745693 1.83830362623557 4.85306911915541
671.448 5.83311666920781 1.44572803452611 5.74831110611558 2.46922043897212 3.45815789327025 1.86630606437102 4.02724503353238 2.16923081157729 6.00480563379824 1.33606149274856 9.39409924671054 1.88650796366856 9.2590050380677 1.48372197030112 8.35730749368668
766.211 2.88757997751236 1.45189938284457 4.78864844143391 2.03473393106833 7.10565451905131 2.05742820380256 4.92454790137708 1.87232141792774 8.26434104144573 1.38007807936519 9.57762405276299 1.55281033637002 2.40716387890279 2.21798403626308 9.61395172774792 1.54682515123859 4.86193907447159 2.25197568563744 9.48396906815469 1.76446312535554 8.59760294854641 1.32078836346045 2.94564350694418 1.41672809990123 2.86448058858514 1.5475607059896 5.2978051174432 1.85759446658194 4.09028518944979
777.503 9.47009247541428 2.27139562824741 3.2059408519417 2.38305930849165 4.82797917351127 1.59564987299964 6.37006314471364 2.03369393246248 9.74013502150774 2.4930594433099 2.01884069852531 2.49181953519583 8.31816806271672 2.00288137355819 3.88061026111245 1.388479748182 4.47616900876164 1.78880836227909 9.712965965271
795.165 3.61096615344286 2.06455763773993 6.66564197652042 1.81684615109116 4.19388606958091 1.71942711910233 6.45672245137393 1.4222573983483 3.12682221457362 2.18171006143093 4.94108051434159 2.07585837580264 7.47103309445083 2.02648944109678 3.28428990207613 2.29519642787054 5.71848340705037 2.12261014673859 7.22974578849971 1.36698876135051 5.562604714185 1.66694772439077 7.88285670429468 2.20574180567637 3.72071707993746
799.65 3.41052587330341 2.48304693894461 3.87619653716683 2.41988555295393 6.45178887434304 2.07026609238237 7.40980857610703 1.41150992428884 5.80861255340278 1.97184783583507 7.38078625686467 2.24172546882182 8.5946838259697 1.70532433651388 3.28812025301158 2.09743682332337 9.23245116509497 1.66300057191402 2.35908692330122 2.03568504741415 9.25300133042037 1.89584432113916 6.43429695442319
800.354 7.36806955374777 1.83938132384792 5.06716285832226 2.45276597598568 8.55857452563941 1.63362105581909 3.1426180973649 1.50309598874301 5.64657536894083 1.32153921462595 7.69464631192386 2.13537635272369 7.08002158254385 2.00334290517494 5.30010057426989 1.35249922322109 4.14344693534076 1.44286361914128 3.06899260357022 2.28412190116942 9.01915841922164 1.92673007221892 8.20370769873261 2.31494786497205 5.60365849360824 2.42048652227968 3.45757350325584 1.63574492586777 5.84255419671535 1.99574542213231 9.71001721918583 1.3386631667614 8.99693309888244 1.99326845631003 5.87161109037697
834.471 5.65230111032724 2.0775697668083 6.93725100532174 1.95391875049099 9.90977582521737 2.45147116584703 2.97941868379712 2.40162887936458 6.87578969448805 1.97024930659682 6.02632301859558 1.50142854377627 6.90597496926785 1.69952444983646 8.87297707982361 1.47145844940096 4.22821376100183 2.41591564444825 4.69112788140774 2.34586040573195 3.47768954187632
854.094 7.70561223104596 1.56973615847528 5.59285107813776 2.35097923791036 6.62845852412283 1.57704147268087 2.91914001107216 1.40380303869024 9.84642740897834 1.77914000879973 4.44339282438159 2.19130111979321 6.15429753251374 2.31089537348598 3.92945233359933 1.40970766562968 4.97316206619143
854.921 5.93792250007391 1.67583579113707 7.1906664930284 1.753233373072 6.21518103405833 1.36542097134516 9.3885957878083 2.18014369998127 2.39879095554352 1.82192721189931 7.11553008295596 2.26194125972688 3.12164262682199 1.98179602362216 8.78543282486498
862.875 4.41754523664713 2.32170286085457 8.20899648964405 2.43615420730785 2.1963719483465 1.95162666039541 9.8146461751312 1.80634676767513 2.87430954538286 2.37850871123374 9.14654649794102 2.31329903621227 4.20719524472952
868.713 5.80152583308518 2.44999211337417 9.45486867986619 1.76831525526941 5.20960817299783 1.82794592911378 7.4475761000067 2.39823271352798 3.71667992323637
883.533 6.43177163973451 1.89806334869936 2.56852651759982 1.72549267997965 9.51281230710447 1.82938239201903 7.22124695777893 1.57199379671365 5.04676322452724 2.17444840911776 4.9138463716954 2.00015296265483 9.81374175660312 2.1948660437949 6.64177955500782 2.00594809008762 9.91023258678615 2.45126744704321 7.31790984980762 1.88113660011441 9.67238954827189
944.898 6.60494786687195 2.01863324642181 3.29188102297485 2.25772193400189 5.63260110840201 2.31103763952851 6.12894704379141 1.47903071884066 3.57225159369409 2.09594256719574 6.15087900683284 2.29656165493652 5.2231117580086 1.72573119010776 8.9785720538348 1.55074326796457 8.85627304948866 2.3930420297198 7.99693187884986 1.6489330355078 7.33932675607502 2.03658768422902 6.99354267679155
984.97 3.61454027332366 1.33557550664991 4.82801637612283 1.90231624059379 5.34547247923911 2.13525015506893 4.25381143949926 2.48971911855042 8.01548035629094 1.95029247961938 8.0267763081938 2.20258819507435 9.50546460598707 1.52063781395555 5.12691494822502 2.38115746416152 4.08320860564709
985.66 6.69934909231961 1.66590967681259 6.32801770418882 2.1837985092774 4.17841825820506 1.37522432543337 5.87645028345287 1.98910390995443 5.54626989550889 1.6017234031111 7.20681287162006 2.23183196652681 4.32723049633205 2.41315487073734 5.99000135809183
1013.2 3.66904999502003 1.46642760792747 2.45187224075198 1.84347958918661 7.10649345628917 2.27602842347696 8.50017348863184 2.30022202897817 5.94876469857991 2.26617626631632 3.49717528745532 2.11653359942138 4.66470604203641 1.34373090788722 2.37894497439265 1.32546536987647 5.01399913430214 1.80220633242279 7.74906117655337 1.49167996738106 5.62589953839779
1074.56 2.57057370431721 2.04859781963751 2.37141008302569 1.92100516473874 4.14895905740559 2.36929280450568 5.33986708708107 2.18721332233399 7.45708432793617 1.52412396483123 9.53286175988615 1.43181222090498 2.85981685295701 2.33290960090235 3.00801266171038 2.19618735443801 2.72398274578154 1.84540546052158 4.54083260893822 1.83045590091497 7.92581757158041 2.11196492854506 6.58223162218928 2.39212989872321 2.40601800382137
1088.51 8.67107424139977 1.76952239992097 8.67181255482137 1.37060308493674 4.12733750976622 2.11181985540316 2.08436765708029 1.85626963917166 6.18174053169787 2.38880439735949 4.9363902490586 1.74481984665617 4.05129930749536
1165.18 2.2076559048146 2.3636759551242 5.94070393405855 1.76347481654957 8.35406190343201 2.25334990955889 4.12890140712261 2.41520716659725 8.45175863243639 2.45552478078753 5.03028718195856 1.31074049556628 4.01391945034266 2.17046611020342 8.75289976969361 2.13971261102706 8.07354237139225 1.7889778974466 7.86927551962435
1215.61 2.25923118367791 1.96195010738447 9.64826068095863 1.97651159549132 5.41911122389138 2.04322770973668 4.75440421327949 1.30063403733075 5.35063060559332 1.44296461911872 6.73860181495547 1.42331111030653 7.63116757385433 1.93219973482192 8.5545657351613 2.08907302087173 7.68723194859922 1.48176119141281 8.60007857903838 1.49904206395149 8.59431989490986 1.81850079437718 7.13665336556733 1.63876871895045 4.94428610801697
1246.7 7.4567027464509 1.63474089261144 7.91025065071881 2.49743145266548 6.83935077302158 2.31358536649495 5.00071826390922 1.74409998729825 7.12921455688775 2.23281264891848 5.76940603740513 1.46855071466416 3.73979364335537 1.75885220421478 4.66343712434173 1.86045890431851 3.96731431223452
1257.94 8.48053332976997 1.72390187019482 2.17459947057068 1.43189995568246 6.48098120652139 1.93116811867803 9.98867180012167 2.20945483623073 3.69626043178141 1.70389386303723 6.0312097594142 1.45895969988778 8.42944799549878 1.90585500411689 6.05224023200572 1.65589835904539 2.30723085999489 2.1699966900982 8.17099777236581 1.65418411819264 7.59519662149251 1.89589247964323 9.25775730237365 1.58080442892388 4.59338355250657 1.81147291250527 4.36294616758823 1.85344266267493 9.84792534261942 2.06979206055403 7.37884591892362 2.48070044666529 5.37166406959295
1264.93 3.65883119963109 2.0237416934222 9.89630116336048 1.50569118242711 6.18738518282771 1.363520445209 9.44938305951655 2.31811233069748 9.87449812330306 1.57968237372115 6.90286238864064 1.97372092213482 4.46613470464945 2.25927599444985 3.71817250549793 1.56987214451656 3.52980891615152 2.48713949592784 8.70994284376502 1.51214932538569 4.89086573384702 2.32227451810613 7.16763525642455
1300.08 3.26628096401691 1.78847886072472 9.27765047177672 1.50047950753942 5.77821505814791 2.49006639309227 6.59288504347205 1.37281964765862 4.27850984223187 1.33843659916893 2.6148823890835 2.48018623143435 7.59468608722091 2.07122694961727 3.99950532987714 1.97818271089345 2.17126536741853 2.20433257473633 2.65885722823441
1322.48 8.35615332424641 1.96429473944008 8.156787795946 2.29661023784429 7.57936772331595 1.72347611533478 6.45171326771379 1.49068168215454 9.50302450358868 2.13141158428043 2.35855804383755 2.25457674833015 4.97871461510658 2.48603339148685 6.32775576785207 2.2474868118763 3.49624141119421
1356.98 5.03390720114112 1.99179300358519 5.6017677243799 1.7482827427797 8.53381537273526 1.49400569796562 8.16730940714478 2.44161520525813 9.61484777741134 1.47462413217872 7.59810899943113 1.69791707573459 2.20979362539947 2.24286788031459 2.33994414657354 1.67455975450575 6.15584337711334 2.10463462537155 2.22704891115427 1.85127077270299 4.37726231105626 1.69043749254197 5.08636688999832
1381.8 8.25209314376116 2.29780130879954 8.08495859801769 2.26792101589963 3.44533213041723 1.37298974664882 6.65293000824749 1.99238237095997 6.75989206507802 2.00388029804453 6.62056822888553 2.02219847803935 2.64860240928829 1.6733746659942 7.24628694355488
1388.48 8.97046682424843 1.42070154808462 8.17198361456394 2.26817455533892 5.50050324574113 2.33713273592293 8.41631727293134 1.92743345443159 2.238814689219 1.98478155694902 9.00629945285618 1.4237023328431 6.44181483797729 2.43249469967559 8.60135129466653 1.79859871519729 4.71899921819568 1.81233089836314 6.33946941047907 1.83626312091947 9.03673866763711
1445.71 6.54873825982213 1.49021254368126 7.86877333000302 1.98731241393834 8.84929144755006 2.37310285223648 4.80036777257919 2.01002622516826 6.63290407136083 1.97153604356572 3.04078198969364 1.70863793110475 5.46715001575649 1.70703766262159 3.2090521696955 1.8511323986575 7.21875371970236
1479.96 3.52882433496416 2.49649395635352 6.14070875570178 2.49342215312645 3.77912942878902 1.65989575907588 9.5739029366523 1.36163664041087 9.68170549720526 1.51997280800715 7.1725034955889 1.50787335643545 9.34501535817981 2.45346462326124 3.33369159698486 2.38476575613022 5.47834655083716 1.46506628571078 2.11915687099099 1.36060078106821 9.65324004925787 1.96987435026094 2.78244166634977 1.35035648467019 5.56734531372786 2.49081474840641 8.40885974094272 2.29607226355001 7.8049834035337 1.82807693099603 3.64185483194888 1.77287306683138 5.5621106363833 2.36502801757306 3.09132700972259 2.4154118177481 9.25537379086018
1481.82 8.67609899491072 2.16203302294016 6.76769983954728 2.33611104758456 5.63990791887045 2.12952658087015 2.61777322180569 1.48214854709804 8.50344634614885 2.29966179654002 8.42214419692755 1.70908506819978 5.98202310875058 1.35130329467356 7.96583417989314 2.09704561084509 9.8048843331635 2.43175327479839 2.54822581261396 2.09233489269391 2.08769909664989 1.94064778406173 6.82221104204655 1.66117686703801 2.58697923645377 1.77013526679948 3.08876182325184 1.70300398236141 3.44115413725376
1486.3 2.60595521703362 1.84104158608243 2.62527900002897 1.98719626143575 9.03106205351651 1.45256994962692 5.04424714669585 1.95370365073904 5.60837578587234 1.55346605628729 8.26899691484869 1.96059632524848 6.26303293928504 1.60053996220231 9.18041863664985 1.91977568650618 2.77698182873428 2.06428454415873 3.79606742039323 1.55559373982251 9.57089792750776
1494.36 2.62827407568693 1.87328553097323 8.51660756953061 2.06299086753279 8.92362957634032 1.67041447674856 8.37697485275567 2.13773881308734 9.26913676597178 2.26337611330673 2.44308322481811 1.83963134624064 6.27239154279232 1.82970734750852 8.9507562238723 1.39764891825616 6.07038014754653 2.07397248838097 4.98811008408666 1.93892754763365 7.04238327592611
1506.32 4.93816585466266 1.33718055281788 7.07671016827226 2.37595180859789 3.75068251974881 2.17711884630844 3.747891722247 2.48607412837446 2.9776369612664 1.94351910529658 2.82591166719794 2.49929588269442 3.7372583784163 2.34870612388477 9.35295457392931 1.99508866341785 6.36273389495909 1.90463870055974 4.26461661420763 2.28661959152669 4.59872490167618 2.10943829435855 5.9756957795471 2.26007926994935 6.0793467964977 1.62999980850145 4.72464349865913
1524.41 3.86754233948886 1.56828229054809 2.39654349535704 2.49444040404633 4.22768033482134 1.60350510571152 9.01284611597657 2.06424603573978 4.07781149446964 2.35447077807039 7.74091154709458 1.34298553401604 5.9185584820807 2.18825310245156 8.7013053484261 1.51649762988091 5.28578296117485 1.75364088276401 4.12137456983328
1529.81 8.16899487935007 1.91799079375342 4.63018702156842 2.41062013991177 6.1599861420691 2.46127419080585 9.89557158946991 1.34716630857438 4.00597907975316 1.49715999169275 9.237912543118 2.28057593004778 2.29221177659929 1.44405881734565 9.8883944042027 1.63357532750815 4.06938172131777 1.98059296682477 5.19594872556627 1.79660556986928 2.05046694912016
1583.19 9.84957630187273 2.48454360347241 7.60049771890044 2.34647691091523 9.63462678156793 2.45219830796123 3.77422727458179 1.49819269664586 5.66472107172012 1.43804518487304 2.35071455128491 2.14454250391573 5.63861002773046 2.3456486729905 7.14507858268917
1638.73 9.03354759141803 1.72556268284097 5.69212712161243 2.05135327838361 8.80528184585273 1.88125217119232 5.29614798165858 2.29189560534433 4.91429585032165 2.32945264810696 6.4275779183954 1.49410972716287 4.68030356988311 1.4999875462614 6.32264176569879 1.95059031881392 8.97680043429136 2.3628928582184 8.13586064986885 1.40067729623988 7.01842544414103 2.40111367339268 3.60866276919842 2.13422511536628 8.51112267002463 2.11991236191243 3.28587472438812 1.42775640459731 2.79914627410471
