# Using the following values to generate the workload:# num_procs = 50
# mean_io_bursts = 10
# mean_iat = 25
# min_CPU = 2
# max_CPU = 10
# min_IO = 1.3
# max_IO = 2.5
2.79713 8.54844363220036 2.02458783984184 3.22964251041412 1.59690055521205 8.91505314409733 1.88285722266883 3.75822491571307 2.48104445617646 9.27589495107532 1.96224217507988 4.38391660898924
67.2025 8.48905022256076 1.63097783662379 5.40576104074717 1.6273085850291 5.460792331025 2.18901122659445 5.29744055680931 1.60201277351007 3.81965527497232 1.46868389416486 5.56599794700742 2.06525951400399 2.46097021363676 1.56245338376611 7.0830973405391
67.894 2.50254119560122 1.49658591262996 8.87191834300756 1.98478774614632 2.32964733242989 1.99398445468396 2.34984624013305 1.83982201861218 5.18238933756948 1.461623321753 5.96610163897276
80.6863 7.35285032354295 1.81211523087695 9.53606309369206 1.80710050361231 7.85988663882017 2.07777269938961 8.09225780703127 2.27397884810343 2.14498696476221 2.14545423928648 4.35665114596486 2.16551360208541 8.36090454645455 1.86411110544577 4.9813777897507 1.32688686773181 2.95914199762046
87.2546 2.14732965640724 1.36178818242624 7.87313464656472 2.1625845996663 7.13386828824878 1.45631140097976 9.58341996371746 2.466024489142 4.95422889664769 2.19647192452103 3.98636707849801 2.43123364765197 4.64639743231237 1.6593148923479 7.9243900757283 1.59377045165747 5.30068080313504
90.5514 8.52985325083137 2.03721978897229 5.32792445085943 2.12871161680669 7.26971553079784 2.32476881211624 6.41014202870429 2.38669960983098 6.14723964594305 2.16867456724867 5.52352017723024 2.10119964014739 7.84031274169683 1.32106712460518 8.85589176788926 2.46394697213545 9.12479885108769
127.677 2.98099308647215 1.30481047620997 2.43060079030693 1.44972928520292 2.69649058766663 2.1748971125111 8.54606103152037 1.98983576577157 2.19963604770601 1.76796136824414 2.23664094693959 2.48081533014774 7.33608954586089 2.45668090814725 2.33344163186848 2.35061214827001 5.91016160696745 2.31166201503947 4.41498198546469 1.47374199302867 6.25758340395987 2.24063368625939 6.76138939149678 1.63466251175851 3.03177485242486
133.953 8.24381546862423 1.48402105309069 5.36965499259531 2.20003673313186 5.95600343123078 2.27921310551465 6.9572739712894 1.37852684697136 8.27356743812561 2.3829328157939 4.66251053847373 1.52951216930524 5.65713115595281 2.46186050102115 8.98843799345195 1.86247280379757 8.81597996503115
168.372 8.23591461405158 1.87161499783397 5.63182002305984 2.29994310298935 8.21140635758638 1.8447785330005 7.34630393981934 1.33906613597646 2.72572536952794 1.90777760567144 6.2138127181679 1.49110480649397 9.90830480866134 2.01370404642075 3.55060565471649 1.41921045277268 8.24798421375453 1.93204121850431 7.43492470681667 1.5323224789463 3.69882755354047
174.429 8.50346947461367 1.5074341240339 2.96317017637193 1.58816000828519 2.14026610367 2.15461077168584 4.02783444151282 1.34925653142855 7.70225246250629 1.45137270512059 9.20512734353542 1.67446008808911 7.1085140388459 1.7845610412769 4.77657184377313 2.27272152602673 3.73218979872763 1.96860789135098 5.43636043742299 2.4360086273402 6.49446704611182 1.91026735417545 6.00728031434119 1.76509816292673 6.80143700912595 2.30184361292049 3.38178586773574 1.85000604214147 2.8680207002908 2.28745314301923 4.89251949451864 2.22727748565376 9.34854590706527
187.215 8.17765065096319 2.06897112829611 4.58053801394999 1.32500131977722 7.00757240317762 1.53009776873514 5.24696712754667 2.14000744754449 2.21672155894339 1.93500463366509 2.79325894266367 1.78902791673318 8.96602601744235 2.30356812914833 9.31863572634757 2.23988900948316 6.24031039327383 1.89462842214853 4.66389903798699 1.3694217688404 7.09122311882675
204.019 4.25404594279826 1.51518312785774 7.3405852355063 2.3911827204749 5.86698513478041 1.96716365087777 3.91158794611692 1.90585280554369 8.02596603892744 1.324909130577 8.40454028919339 1.6808388421312 2.59991486743093 1.39429629892111 3.36971706151962 1.57939579421654 4.70024677738547 1.63194487690926 7.12910547479987 2.38202769933268 7.95632197521627 1.36600564345717 9.7701630294323 1.60846010353416 4.66786102391779 1.73025211906061 9.56574888713658 1.94866614732891 9.50471985898912 1.4932759610936 5.91933811269701 1.633452384267 6.69860226288438 1.40216030776501 3.87908790446818
214.424 8.69464617781341 1.46910163452849 5.06365486048162 2.15181861361489 7.4501994792372 2.49143720641732 9.00274746306241 1.51762400763109 8.92448601871729 2.20537783689797 8.31062223017216 2.24503841465339 2.87483469210565 2.0850607091561 6.34281365573406 1.82106402283534 4.5130231808871 1.58066587019712 5.15573921985924
293.42 7.24840622022748 2.24179656719789 6.55054179765284 1.30595140634105 6.80394582077861 2.10542375836521 9.74871199764311 1.79915659120306 4.29778906516731 2.38038067519665 3.49884061701596 2.12522637341171 9.0763155836612 1.94724903739989 4.51343013159931 2.49038565168157 5.6574223395437 2.34479867983609 5.29772796481848 1.78731532627717 9.91541753895581 2.08690590914339 6.31057426519692
305.473 5.68003806099296 1.41599138956517 6.61502209492028 2.10191606655717 4.8399695623666 1.89828763641417 9.39779143407941 2.11836575800553 9.30849226377904 1.47474345583469 2.96932240948081 1.84176883995533 2.34651573188603 1.75682889213786 3.04751999862492 2.04883964564651 3.24662372656167 2.39635197259486 9.10027766413987
320.275 2.38126277737319 1.84023940777406 8.71983047202229 2.44072203803807 9.77160834148526 2.16320209447294 2.52509528212249 2.27991775004193 5.73368209414184 1.60636982060969 6.63156610541046 1.49812922943383 4.33937938325107 1.49751997627318 4.83306421898305 1.92040373496711 9.95524581335485 1.45995331751183 9.7901005987078 1.69083237266168 4.99065057374537 2.16429837113246 7.41729868762195 2.06189289940521 7.42661905288696 2.23723329259083 7.1351979393512 2.31080121761188 6.57275387644768 1.86058779619634 3.77414844185114 2.31568520395085 6.46308786608279 1.68521747263148 5.44862726889551 2.49432026203722 4.71072475798428
393.619 7.43885610066354 2.25233188886195 8.45689703710377 1.43249132828787 6.07391595095396 1.9416198191233 4.26303654536605 1.53417563559487 5.49874581955373 2.31595257464796 3.94405761361122 1.71787154376507 9.57768958806992 1.83648114120588 5.35563140362501 1.99767858851701 9.21517048962414 1.97537819482386 8.18472384661436 1.30803123060614 9.66852807253599 1.66431045858189 2.8445955440402 2.1708863469772 8.06343636102974 1.74947944525629 4.55621603690088
421.993 3.97207741625607 2.08269736114889 5.92175142094493 1.99085770696402 4.46995138563216 1.30860885074362 9.64063750579953 2.37293620882556 3.52021825686097 1.89739820500836 5.21248926408589 2.43422771152109 2.79484391584992 1.76933052502573 7.0891388785094 1.60516881011426 6.07946672663093
456 6.59922470897436 1.70432822415605 5.24181724712253 2.44864759100601 7.28597419336438 1.49766991231591 8.4773222412914 2.10858484478667 2.98342297784984 2.20293873855844 5.25883312337101 1.82757256478071 2.19408821128309 1.51511366618797 2.50984222255647 1.47002089321613 2.70874026976526 1.35418483708054 3.16155035234988 2.20923991529271 2.6796698551625 2.00857307026163 4.89079282619059 1.60592428529635 9.56219148822129 1.4578898312524 6.86570243164897 1.33234226377681 7.95856546424329
469.38 7.91391608119011 2.35318592507392 4.22504484839737 2.23583249524236 6.6567733194679 2.08610892007127 3.86127278953791 1.61063570249826 4.69513530470431 1.86411336548626 2.6980679705739 2.21227056672797 7.11722117476165 1.96525838058442 6.47103682532907 1.36810003016144 4.94691836088896 1.44994902070612 4.32215596362948 1.86091187745333 3.23650670796633
481.941 7.77897484786808 1.94465751359239 9.62924863770604 1.63234925288707 6.01784701272845 1.56881850659847 8.5233696885407 2.18835579333827 7.50714381597936 2.22747375965118 4.76121965236962 1.36056279484183 6.96075296588242 1.7930944968015 8.51429856754839 2.02416036082432 9.42829258181155
499.466 6.63894060254097 2.24543685596436 3.22266247868538 1.82294925143942 5.59882893227041 2.44312170315534 5.59820096939802 1.63938057748601 8.57404750958085 1.8313132754527 2.67798759415746 1.37101192763075 7.24569929763675 2.2207644244656 8.2133052200079
522.189 4.35166196338832 2.44078701930121 8.32429420389235 1.98199637876824 6.08794678747654 2.15100672235712 9.44278977438807 1.5668489811942 5.31563615985215 1.44121445761994 6.01844846084714 2.25460245925933 3.51320243626833 1.71371662486345 7.32428486645222 1.72816366869956 3.21102091856301 1.71706884410232 3.83897713199258
537.961 6.88442363776267 2.30337237343192 7.31943994015455 1.85261968243867 8.65328896045685 2.3634261643514 5.38876116462052 1.7485406444408 4.02878557518125 1.96358711179346 7.30366469360888 1.60784892477095 5.8395867832005 2.4707031856291 9.85905066505075 1.98123001968488 2.93804020807147 1.43691521044821 8.1277256924659 2.09349610591307 8.20948323979974 2.23649269500747 8.72116136178374 1.60412734886631 2.95388143695891
557.267 5.83850731886923 2.10098800742999 3.36343211494386 2.15747640300542 2.19259238056839 2.10461585661396 8.35275249369442 1.31144590396434 5.37150872498751 1.95350313745439 8.21521623060107 2.09103135811165 8.07312474027276 1.90902159800753 3.4861028380692
563.254 8.93748593516648 1.4686722821556 7.27319067157805 1.73015101822093 9.51662670448422 2.24384543513879 6.84430518187582 1.68618310894817 8.23143662139773 1.91431023217738 3.52413544990122 1.84175231503323 6.70599917136133 1.96660021990538 6.15858626365662 1.64770541079342 5.17809775844216
590.667 8.98244264349341 2.22638090280816 8.4095165617764 2.0857958484441 5.60997263528407 1.50900175925344 6.46006376110017 2.32181447232142 7.76813434809446 2.14214041335508 5.99081895872951 2.33777696928009 3.85977905988693 2.40096891988069 8.73839012719691 1.31764740953222 3.02052246965468 1.33909237105399 2.39787800237536 1.35451433723792 4.76018683053553 2.04708521356806 2.86631645448506
600.998 5.0234341789037 1.72654459653422 4.87431754544377 1.62169658290222 3.06743507087231 1.60926414849237 8.16166433133185 2.05362471686676 8.09430096484721 2.4699168770574 4.23369264043868 1.39391364241019 5.72341506183147 1.78143504178151 4.09454170241952 1.76932555036619 8.54145622625947 2.17947911089286 5.92861940711737 1.67261625435203 2.75723768770695 2.02621499858797 3.72799411043525 1.5916710539721 2.98102523572743 1.81803511120379 7.73974912986159 2.43506733151153 2.00433031842113
635.993 2.10544647276402 1.59452699301764 9.54296256974339 1.96734979869798 2.08125265873969 2.40050388434902 3.28170107677579 1.30189420701936 6.24010469019413 1.64949326934293 6.77798637934029 1.92158729629591 7.28269730135798 1.4484064870514 5.33491102606058 2.46249462384731 4.97611610218883 1.99813606468961 2.95134810730815
674.686 5.32271595112979 1.56615904411301 8.27842704765499 1.41943383831531 4.78698908537626 1.57291480805725 2.99366223439574 1.81426709452644 6.96828008256853 1.78827588148415 9.51747630164027 1.34324179785326 7.73434253595769 1.87066716551781 7.30585455149412 1.67027718229219 8.40354169718921 1.92478625746444 6.61965923197567 1.36476008929312 7.20068504661322 2.49548057895154 8.44264765456319 1.40800859211013 3.66024302877486 2.13049396090209 2.48634193092585 1.59627258051187 3.04085969179869 1.73635388249531 4.79616297781467 1.7828883042559 7.76413700915873
677.019 5.73529366031289 1.63335916409269 4.43560880422592 2.25717300595716 2.94271621108055 2.11779725765809 3.21189257502556 1.51414313036948 4.16706831753254 1.31027933163568 9.29201657138765 1.86827883832157 3.47915242426097 1.73099231095985 5.96046486496925 1.65819983659312 8.55079300329089 1.71688314583153 8.06098136305809 1.31210382021964 6.48899665661156
687.035 8.44200688414276 1.68524392955005 8.71474350616336 1.78246740447357 7.95829474180937 1.50985224330798 9.67434125766158 1.75505250366405 7.00655288435519 2.38835834460333 5.46646653674543 1.89573871586472 6.03908181190491 2.1418984465301 3.03398044779897 1.52433472750708 9.68450202234089 1.61005237065256 6.87848554551601 1.3406106332317 7.73657615669072 1.65704572899267 2.68227498605847 1.30680506071076 2.30384109728038 2.09483956601471 7.23545674234629
693.48 6.9260761719197 2.06210677595809 3.34984596073627 1.87312252502888 6.127814412117 1.3644703598693 9.01608961261809 1.38996612699702 4.58410089462996 1.38909506285563 6.44087990373373 1.58543474646285 3.52448791451752 1.79485839568079 3.46441680006683 2.0399496242404 8.25273691676557 2.0179241636768 7.09520289115608 1.52601247020066 3.66848259046674 2.15532465586439 5.90128085389733 1.92149280849844 9.69225720316172
706.387 5.59530960023403 2.08897401187569 7.70751654729247 2.31511790556833 7.51701267808676 1.87070245696232 6.67877697758377 2.37467809235677 7.49983239918947 1.94867220409215 9.62401255592704 1.52439731601626 4.49848666414618 1.55416595609859 6.77371353842318
719.231 7.25832168385386 1.64923196490854 6.72638322971761 2.34451505886391 9.01388846710324 1.98678473569453 8.65743926726282 1.51415354181081 5.88084552623332 2.20347086340189 3.24239785410464 2.33795075770468 4.71792061254382 1.70408224910498 3.02938096038997 1.44328551022336 7.33492060564458 1.7030059915036 9.8530930057168 2.34951043874025 6.4687128122896 1.61467398721725 5.54582049138844 1.66571308961138 8.08348206803203
726.427 9.71666260808706 2.3596943446435 9.57703678868711 1.66675619538873 4.28485973365605 1.32753050429747 3.58665909804404 2.48078459901735 6.10039076209068 1.85247369455174 2.4811853505671 1.79036627225578 4.93883635662496 2.32169880736619 6.98230797424912 1.62123714257032 3.14055610634387
782.273 7.49767614714801 2.44693867797032 4.69512564502656 1.46119356257841 8.67282667197287 1.40316527783871 4.35889471508563 1.87815772788599 9.89965191110969 1.47144735399634 3.71283403784037 2.13792904345319 5.09481718763709 1.84168394636363 7.80687794275582 2.38268866324797 6.054508253932
858.008 4.99683267809451 2.33289184970781 4.11469239369035 1.76995397433639 7.31439442001283 1.6038915134035 6.62226593866944 2.07622727006674 9.05571555905044 2.43828853238374 6.57109415903687 2.32525068130344 4.4771275985986 2.20154572185129 8.69459365308285 2.01583630926907 7.07349100522697
877.225 8.03418798744678 1.76313046561554 9.31433423049748 2.2713197211735 7.72573881968856 1.93025047993287 6.81813371181488 2.12282718578354 9.78214068524539 1.91248415773734 8.83258476108313 2.21166319642216 2.18440184742212 2.47913684537634 6.19232077524066 1.51234708325937 8.53435913287103 1.601178055536 5.54578182660043 1.96224518865347 9.85521932691336 1.41598851624876 4.87015588395298 1.47028988413513 8.14009409584105
918.204 4.17252108082175 1.86234220871702 8.12142856791615 2.43317895354703 4.60932465642691 2.44423018023372 2.93318767100573 2.22867340976372 4.8638074696064 1.3232884102501 2.73508156090975 1.8091698278673 7.26835388690233 2.3503928902559 8.4153993204236 2.31356877144426 6.71878038719296 1.3103405142203 9.3768775947392 1.43898280831054 4.20563887804747 1.33435044120997 9.4023339021951 2.03355513149872 4.65384890697896
946.157 6.97266830690205 1.34156580725685 3.54291727021337 1.99558673258871 3.62686522305012 1.70602808725089 3.96718867495656 1.40698144072667 5.96871963143349 1.66978561831638 4.18489223532379
1005.89 7.76473855599761 2.43725151522085 9.50305409356952 2.41573696825653 3.7257739212364 1.84903292777017 4.10525488108397 2.03651613071561 3.24087884835899 2.49082858636975 3.82442479580641 2.09051169743761 3.91243698261678 1.82631672210991 4.51024043373764 2.40188865382224 7.64874516427517 1.99572280999273 8.17893920093775
1014.61 5.98289819061756 1.87199720423669 9.38376449979842 1.42899981355295 6.95016805827618 1.56786178639159 9.89932354912162 1.62217070190236 4.49885038845241 2.19606956774369 8.83344618231058 1.45602296264842 2.00464149564505
1158.5 4.02137158438563 2.28254961734638 7.16095875762403 1.3547689601779 2.70101297460496 1.49815428601578 6.10307775624096 1.91216478403658 5.25138023868203 1.94036115398631 8.16069739125669 1.43006818350404 7.61009340919554 2.15287983044982 3.2384216953069 1.65109936017543 8.68442285992205 1.68995481841266 2.87180251255631 2.37453075107187 7.28309589251876 2.31667489046231 2.68549244105816
1205.26 5.85594344511628 2.26564242457971 7.93470142036676 2.33401657314971 5.24847113899887 2.08798350309953 4.07539770379663 2.10576471881941 8.05217590555549 2.16659942623228 5.86221332475543 2.26114351153374 6.64224465936422 2.04829498566687 4.97790288738906 1.5900616995059 3.93888251110911
1208.5 9.00269573740661 2.40764467772096 8.15552255511284 1.37367146275938 7.34557193145156 2.40861650044098 5.86430868506432 1.74788199476898 5.71295061707497 1.63997738603503 5.91862792894244 1.86259322715923 3.21403994038701 1.3005520128645 7.60035217553377 2.21329799667001 7.27353398501873 2.34519771346822 9.78746963851154 1.64437770526856 5.66745542548597
1224.13 6.1474043931812 1.71255962243304 5.42004982940853 1.7870245276019 8.4023873321712 1.98198851430789 8.09290716797113 1.61742520723492 8.37292682752013 2.1433932589367 8.99372996762395 1.60412087747827 6.41413479298353 1.33623541723937 8.04995659552515 1.5483126395382 6.37243458069861 1.50988847631961 4.56577832996845
1233.01 5.18277562782168 1.64099075980484 8.10987357422709 2.33689613379538 5.68930057249963 1.48821352990344 2.51224526390433 1.59324845857918 3.16965082846582 2.16786782443523 3.50376093387604 2.18915408886969 5.62173579260707 1.60745831076056 2.33928045071661 1.41386110261083 5.55824551172554 1.39301209188998 9.96425873041153 1.87690317379311 4.32561656460166 2.21637736093253 2.56158117949963
1233.85 3.27156699821353 1.78953768340871 7.23767772316933 1.6692365301773 4.6313317399472 1.45841763550416 8.60616796463728 1.35119559895247 3.22206236235797 2.03573331041262 5.86589897982776 1.31984693240374 6.32899714075029 1.33875720892102 4.22543786279857 1.69777108421549 9.28033747524023 1.6889409551397 5.7543514650315 1.50477908020839 3.62498608604074 2.40006187837571 6.95551776327193
1237.94 9.35832764580846 1.95117958895862 6.60944519750774 1.30733009111136 7.21098032221198 2.14185094153509 9.28890161402524 1.88650714978576 5.99145571142435 2.45943873617798 2.85638752952218 1.52766885021701 7.7619018945843 2.09310414353386 7.40576455183327 1.49544244557619 5.71984763815999 1.61003908813 6.10216674022377 1.36479488424957 3.67530165053904
