# Using the following values to generate the workload:# num_procs = 50
# mean_io_bursts = 10
# mean_iat = 25
# min_CPU = 2
# max_CPU = 10
# min_IO = 1.3
# max_IO = 2.5
1.74391 7.57114119641483 2.13076317254454 3.94731056503952 1.46789653953165 8.24755129031837 1.54855338819325 7.71110195852816 2.14702673405409 9.23370863124728 2.25199954416603 9.24921616911888 1.52171521233395 2.52866361476481 2.38620270574465 9.02153897099197 1.49774991059676 2.25388497486711
30.6098 8.0333089325577 2.30850247144699 8.73396640457213 2.41674186987802 7.5778600871563 2.217863909062 2.73220844939351 1.80614996366203 7.55399077385664 1.95336833102629 3.8188230227679 1.99404614688829 5.40097274631262 2.37056151032448 3.95483241789043 1.80894082365558 6.14746774919331 1.60160478996113 8.06492208875716
98.0343 4.69341068901122 2.46777279069647 8.4345120806247 2.47900159498677 2.77770642749965 1.78871027696878 6.64101288281381 1.44553456762806 7.66354700177908 2.09696219889447 6.12858984991908 1.82942934772 8.75553269684315 2.01381569169462 4.63127212040126 1.54005847293884 2.46901377290487 1.88631711835042 4.95446973852813 2.06216967795044 3.32789695076644 1.49253027848899 9.9558401927352 1.76105042090639 7.534622579813 1.44782675774768 5.26182293705642 2.1067530432716 2.48976419307292
103.767 7.31771523691714 2.48313085101545 7.11542425118387 2.41442774040625 6.56325442157686 2.08714049402624 2.21569283306599 1.55086083952337 3.14657649956644 2.43941284455359 2.08529454655945 2.24487973572686 4.68914427049458 1.86841651778668 8.63692749664187 1.36450282074511 6.2068596240133 2.1847548821941 5.32125666178763
108.77 4.33218561112881 2.20489156106487 5.69438716582954 2.49462776249275 8.88869342952967 1.81862081792206 4.34973627328873 1.90648286202922 9.83277642168105 1.53439808739349 7.71874988079071 2.02124598091468 7.40171914547682 1.36572542218491 4.59532640874386 2.11838219771162 8.23618500120938 1.39040478859097 9.96483501419425 1.74670879486948 6.62554877437651 2.25162408407778 3.48439448699355 2.28594386484474 5.7812474090606 1.53954874230549 9.18379919230938 1.56812637513503 6.12758932076395
138.425 5.5051909442991 2.33260781243443 4.47241270542145 1.34652769053355 8.79595638997853 1.39308721106499 6.07665802910924 1.48851178092882 5.01467680744827 2.03570393798873 7.32195753604174 1.58863584110513 9.74983972683549 1.89305471424013 6.65769353881478 1.82216646410525 7.41910497099161
154.395 6.00743281468749 2.22477803649381 8.30637455359101 1.7234306756407 5.65680614672601 1.94911836273968 5.64786815829575 1.81071207318455 6.13246274739504 1.83324015932158 7.09241888858378 1.79456956647336 3.16220249794424 2.03877941640094 6.0606522783637 2.34838069453835 8.23391040414572 2.06874562716112 7.30543169565499
193.468 8.82250922173262 2.32485214164481 6.11936740577221 2.39468444241211 3.73674672096968 1.95083714881912 9.31658137403429 1.78101629698649 5.35039043053985 1.63293354948983 2.46240709908307 1.73625736320391 4.76846336759627 1.66903646336868 2.34908908419311 2.14586529089138 9.74724540486932 2.43547980831936 5.64158317260444 2.01372078927234 2.3928101118654 1.56608415683731 2.74561864323914
211.204 9.5566471517086 1.52942863944918 5.18657912500203 1.32806663569063 9.50095730088651 2.07387437848374 8.24465384148061 1.70220143944025 8.76095579005778 1.68181768245995 9.1444842685014 1.69753694832325 2.79229795746505 1.39508216325194 2.70318332314491 1.68496886035427 8.22912587784231 2.06208877554163 2.12720103375614 1.70217679999769 4.44304080121219 2.47857690267265 9.10790971294045 1.54872863311321 4.11576390825212 2.41137490682304 7.85826978087425 1.86785825593397 5.60312905907631 2.34180909134448 9.2468214854598 2.20359237752855 3.57887911982834
271.857 6.38241567648947 1.98703540377319 9.72380901686847 1.55215182080865 9.20128420554101 1.39711141474545 3.78403044492006 1.76440989468247 7.69088107161224 1.76981568159536 4.11929300054908
297.759 3.08093953691423 1.43747407635674 6.27404319494963 2.27862326512113 7.89021053723991 2.06536634918302 9.92782492004335 1.96396028641611 5.35841018520296 1.43927434291691 9.07746552862227 1.68410711018369 2.19712958112359
298.081 6.36580145731568 2.05491333696991 2.35918398573995 1.66575870839879 7.71938345395029 1.50790756661445 8.54168104752898 1.99993505328894 6.5842215847224 1.69765167366713 4.36920674145222 1.42573429839686 8.98557796515524 1.75500268526375 6.23300241865218 2.29709487417713 4.3100225571543 2.37225609086454 3.54789181612432 1.87153443545103 3.2769773285836
308.764 6.12419589981437 2.40128701450303 5.50834855437279 2.08242426812649 7.88531162030995 1.97167261354625 6.65084759891033 2.01217633755878 2.90935789234936 1.53411010196432 8.44089611619711 1.53707005791366 3.1471825838089 1.53800518997014 2.40616496279836 2.48132678549737 9.55530053749681 1.9249213530682 4.9254966173321 1.59643660346046 8.88099351152778
358.541 6.1189320795238 1.57675076844171 7.3539583850652 1.75760652711615 8.87027915753424 2.04738473640755 3.25280839391053 1.53077449761331 3.07195238769054 1.57525247475132 7.77880699373782 1.65597781669348 7.68087663501501 1.76224771570414 3.76068071648479 2.28383482852951 6.74495110847056 2.19241789299995 8.39083639532328 1.80281904703006 9.69714460894465 2.49966476829723 9.30530252493918 1.98455040389672 4.72112879902124 2.40305794244632 4.32726977393031 1.42421308187768 8.13164124637842
362.649 7.16874825768173 1.84450585572049 7.09561832249165 2.09631727319211 5.04762304015458 1.47429394777864 8.25054661743343 1.55548191210255 8.96946593746543 2.46531010819599 2.07075975462794 1.31308536399156 6.1174199860543 1.33890187107027 8.36718655750155 1.30965301375836 8.14204753749073 1.41608516657725 8.02388451620936 1.56188220735639 2.39185046032071
405.424 4.59237386658788 1.72786395419389 7.37487157993019 2.44031168045476 2.42703740298748 2.08073361869901 3.51332974992692 1.56811851738021 2.75735059939325
436.723 6.08691672421992 1.59877684926614 2.15460980683565 2.02846210552379 9.25644995644689 1.95737026175484 6.14275418221951 2.46805097097531 5.88546959869564 1.70758171547204 4.61956351622939 2.46046424163505 5.09567978791893 2.17818163027987 5.50778578035533
444.717 4.20371766760945 1.51392157124355 8.85730893723667 1.78164089825004 6.72024391777813 1.54223770713434 5.10140619985759 1.73500361181796 8.14161669462919 1.9529434802942 2.92413371242583 1.46494771027938 2.23318536579609 1.99163467809558 8.1534993276 1.34697079174221 4.90896420925856 1.67915775058791 5.48802736587822 1.73052554568276 8.48451843112707
457.885 4.06239350326359 1.51077278135344 9.9492513127625 2.01960459807888 7.94951245002449 1.44852816574275 7.08120044879615 2.49825742607936 2.7101129014045 1.55337675018236 5.71261388249695 1.49705962818116 4.08761665597558 2.13080159965903 5.57044154591858 1.75275654699653 5.80877239443362 1.61647509140894 5.06995387002826 1.82773886620998 2.16881717555225 1.66295966906473 9.68763618543744 2.48783056708053 2.08197062276304 2.49267897782847 3.68813166022301 1.55560245253146 2.98372072353959
463.611 7.79337289743125 2.12849316345528 5.68706121854484 2.00967207299545 5.54731863923371 2.35203372435644 3.82938683405519 1.83190622022375 5.27989196777344 2.02978359078988 6.84555237740278 1.56143885692582 7.87954475916922 1.47881438639015 6.52759368345141 2.45582551062107 7.7523955963552 1.85435662567616 2.23717679083347 1.83878806168214 4.84555492736399 1.77939446046948 9.43372086063027 2.31211937190965 6.11342296563089 2.21269615199417 4.28816965781152 2.38106905939057 9.11570878140628 1.92666785055771 8.5886115282774 2.00148045914248 3.45190225727856 1.67282278975472 5.9387437608093
473.811 6.90141298808157 2.48338826848194 3.22819554619491 2.01658177059144 3.52446865476668 1.77519340617582 2.41851377300918 2.46724800392985 6.61980514042079 1.83025397723541 2.12395686656237 1.5862530015409 2.54768443852663 2.27178914966062 3.41066379100084 2.01929277451709 8.07401717081666 2.14015878336504 7.04539620317519 2.37582704871893 4.29112811759114 2.22787341158837 3.01806794479489 1.62837304091081 6.38579157553613 1.92073909491301 2.86194739118218 1.43860793020576 2.52294984646142 2.49805748779327 9.68894723802805 2.42593735186383 9.41367641836405
486.742 7.76137702725828 1.53028354300186 3.90322056412697 2.16694235755131 4.58719612285495 2.16868325760588 3.02647676691413 2.15030584381893 9.9025051780045 1.47018741285428 5.11991666816175 1.78916492620483 2.90593881718814 2.48057925328612 8.47718029655516 1.34061531033367 4.46524598449469 1.45141133116558 8.26412466727197 1.38363183001056 7.04030982591212 2.22829548735172 3.24685651250184 1.33413431970403 6.74106086604297 1.76719618178904 6.10056982375681
544.085 8.40333834663033 1.35396875524893 4.77784322202206 2.40609936462715 6.01033640839159 1.6469598072581 8.24978486821055 1.77407185416669 7.15940996818244 1.92677753949538 5.33020261116326 1.61076873671263 6.98277659714222
557.487 3.00353678688407 1.47540823882446 8.54770896397531 2.44370978977531 5.0505812112242 2.27427318198606 7.96173468790948 2.07072883434594 4.897037839517 1.40073104882613 9.96296671591699 1.62105202181265 7.91763583011925 2.37127369632944 6.3272760566324 1.41473284708336 8.86556599289179 1.36872420450673 3.82510911300778 1.36648137150332 9.80584459751844 1.9908973637037 5.43911656364799 2.09510716497898 8.66914793662727 1.79255552254617 5.13362742587924 1.5027904510498 8.84184923954308 2.44214614769444 3.58707011863589 1.46991432234645 3.65761877037585 1.37095168102533 9.35267381742597 1.52751602968201 3.2497477196157
592.37 7.95287570357323 2.04832479450852 9.0760323703289 2.13091911366209 6.348592992872 2.23525833487511 4.60224666446447 2.22574228281155 7.07638482749462 1.56753375390545 3.77987034991384 1.98385263225064 5.44917889870703 2.46358509967104 4.83392197079957 1.4474719112739 6.5409184768796 2.29569954238832 4.54498219490051 1.88797529460862 3.85255150310695
605.224 6.14084386453032 2.32964609572664 7.64657928980887 1.59329547770321 5.58321364596486 1.6361500355415 2.57547801174223 1.73703934336081 5.30968262068927 1.560721706599 8.10412334091961 1.98398490985855 7.56102743186057 1.650751962699 9.57193031907082 2.02167229875922 9.07322165928781 2.18173311725259 3.31026785448194 2.4852696117945 7.97242956608534 1.9057856827043 3.11318667791784 1.79204257717356 3.63634705729783
667.263 4.23850130662322 1.79328818218783 5.58016769215465 1.58035722170025 3.96448482014239 2.03180029429495 8.78984832204878 1.6484318876639 4.97158252634108 1.95285650435835 3.19814982265234 2.46259352359921 4.58037245832384 2.02987031890079 9.52002284489572 2.43750961357728 4.84170521982014 2.37254710244015 9.83696470409632 1.48173493426293 7.46252256445587 1.40111652500927 5.16092942468822
673.916 7.52983393333852 1.64327977374196 6.023556727916 2.44266976658255 5.95822188071907 2.07288771504536 5.45139441639185 1.74856442725286 2.42679578997195 2.45073084542528 3.84108588472009 2.46114024044946 5.83619164116681 1.75593397952616 7.08408148773015 2.45229991618544 4.45972608402371
676.616 8.61242732591927 1.90195194771513 3.04690055921674 2.4610760146752 6.59634539298713 1.97987228799611 7.19680293276906 1.92671762173995 8.71943176165223 1.53210212709382 6.20795786194503 2.41582581950352 5.42486024089158 1.86201602304354 6.5418613627553 1.83922920040786 7.08367183431983 1.77350939912722 8.85174553468823 2.42195413289592 3.57628647424281
684.484 8.59091875702143 2.43430710546672 2.53957596793771 1.31985016278923 9.57575060427189 1.71832873467356 7.21555785089731 1.34084292650223 4.98439564928412 1.33205065932125 2.64817651920021 1.46427322551608 9.64085443690419 1.61639159899205 5.36075525917113
778.662 6.07432790100574 1.35791142815724 7.21302080154419 1.46245025908574 2.66076593846083 1.61034777462482 3.34970553219318 2.34602706003934 8.08084334619343 1.43849694179371 8.76304808631539 1.99611386321485 9.82677512615919 2.26619012271985 7.18520375713706 1.4101528656669 2.64041986316442 1.44956785673276 8.93540277704597
802.827 6.66112623922527 2.44821714702994 6.02692235447466 2.22990594934672 5.33848184533417 1.88728950489312 2.93202475085855 1.84237728342414 5.59109992720187 1.68132379977033 8.80166613310575 1.85556563111022 6.93803343735635 1.47410314045846 4.91427663713694 1.93964346079156 3.70883472450078 1.68229798004031 9.23975060507655 2.11895859129727 8.69434103183448 1.76953403092921 6.59243692085147 1.7191418658942 8.29673951864243 1.40504701817408 9.64228389412165 1.93033974189311 8.08441486395895 1.89275199593976 9.09930290468037
926.079 7.74510326609015 1.78215751154348 9.22661974094808 1.75789824165404 8.71598527394235 1.83514221850783 5.95255455374718 2.37793688941747 2.94933614507318 2.02025127336383 5.36783836595714 2.31705825971439 3.0753582790494 1.53326034741476 3.02763318829238 1.62794380085543 4.65902506560087 1.58167448500171 8.01052744500339 2.26785432165489 2.99030984379351 2.34358859062195 2.80907440371811 2.1902772708796 8.91391912288964 1.68625907720998 7.14609178900719 1.86330451546237 4.47048549167812 1.84608159065247 2.0498088169843 2.43975292826071 9.2693699169904
1095.81 6.90970061346889 1.70735806422308 5.09224434010684 1.87596956109628 4.25336262583733 2.01902379589155 4.72671227715909 1.39652064982802 4.49041738547385 1.64836571225896 7.15007431991398 2.3030891363509 3.56019361875951 2.18169150669128 9.12230466119945 2.10657111546025 3.5770752299577 2.41199334850535 3.11711743660271 2.26928166840225 7.85641915909946
1111.73 7.5975043643266 2.10381819894537 9.04634280875325 2.1972484796308 3.40925372950733 1.75631968313828 3.50955544412136 1.46770781707019 8.22194305621088 1.39864527676255 7.98294271528721 1.31996357608587 6.80937900021672 1.48236280586571 2.48487123288214 2.2318171299994 4.90560944378376 2.01278288224712 6.34860657714307 1.95688516888767 8.94299986585975 2.28235972449183 9.2319606449455
1141.97 7.48376827687025 2.41909152101725 8.10870817676187 1.68905442627147 2.30720473825932 2.06587736168876 8.55771107785404 1.60859110876918 5.11703748255968 1.63078667139634 7.66199669241905 2.31986444182694 3.26905800029635 2.43116489900276 7.37069584801793 2.33982907850295 9.81641549617052 1.54328118730336 3.89177472516894 1.84957439340651 3.21797407232225 2.46222052024677 8.21851326152682
1168.61 5.3985310383141 2.24182968353853 7.4202738776803 2.21420388342813 6.7395216114819 2.4141606066376 2.88987460173666 2.10991213647649 7.90483471937478 1.35356304403394 5.76909409090877 2.27531805131584 4.54519293271005 1.51959992619231 3.42205566354096 2.25779483532533 8.869201105088 1.87930066017434 7.10353148914874 1.35186724839732 7.45607578568161
1186.27 7.6681518573314 1.91758129447699 2.20800462737679 1.98121518623084 4.83582613244653 1.95657933922485 9.22310475632548 1.52257184758782 9.33515548892319 1.7861213744618 8.47446152195334 1.92333953930065 3.78067661263049 1.37879104008898 2.37243912182748
1187.41 7.02984086610377 1.79376488449052 7.0247405115515 2.39884216645733 6.64768869243562 1.55860572643578 6.6107938606292 1.42168598528951 4.19651344232261 1.50528237884864 9.39275618083775 2.03237147992477 2.38926541432738 2.00579614993185 2.81148291006684 1.83218972049654 8.19538284093142 1.55339128216729 9.33725148253143 1.34080372434109 4.65725541673601 1.51287258276716 9.53638266958296
1206.94 9.17710590548813 1.49270697822794 2.45499583892524 2.42430951111019 2.11662870831788 1.71370357396081 4.88661801815033 1.4607201507315 9.68419968523085 1.55809757104144 8.14527394622564
1212.73 7.05508862994611 2.46805802350864 2.56070089153945 2.06694012023509 3.59670769795775 1.9748129860498 7.06441373191774 2.41221724702045 9.72579672001302 1.53815989699215 9.93677630834281 1.63822919875383 8.46093088015914 2.16904895137995 9.7393990047276 2.16774025298655 3.14631798863411 2.15237010819837 4.15078362263739 2.14366954043508 5.21072900854051
1232.79 2.3891370780766 1.42511787451804 6.03293360210955 1.68031417131424 4.6485665217042 2.45105753540993 9.74997973069549 2.0953653074801 6.63304132968187 1.31797488601878 7.67198038473725 2.4021638283506 8.65242170542479 2.02918256307021 5.48054411262274 1.70543270334601 7.95782033167779 1.54420848703012 8.80121456459165
1251.29 3.24983428418636 2.38214430250227 3.6839302778244 2.41287046186626 5.04839793592691 1.89703329186887 3.43948994204402 1.75560060162097 3.92323432117701 2.10577931841835 9.31091655604541 2.29610257223248 9.23681527376175 1.90537232635543 8.81262165494263 1.68651444613934 5.74882774986327 1.30665136091411 6.94118374586105 2.01058339513838 4.43799396045506 2.27002232996747 3.50843437761068
1299.82 3.78615342825651 1.35740171875805 3.35923828184605 2.30928306691349 5.76682990416884 1.92082313131541 5.32194259576499 1.6761184210889 2.36894422955811 1.63773149279878 4.26894693262875 2.42917962567881 9.51124680042267 2.19013470504433 5.67682021670043 2.3531987211667 9.56877305172384 1.93879594560713 4.21421458572149 1.83966694837436 5.44533482939005 1.75060011828318 7.54805100336671 1.50012023681775 5.56248490698636 2.06493176510558 9.33003832958639 1.42067989036441 4.20078912191093
1356.6 5.26592046953738 2.0269052949734 6.24993030354381 2.33520576404408 8.2085248939693 1.92491146242246 6.20294463261962 1.87922571869567 4.39759427495301 2.30351184271276 5.5090401340276 1.57155621470883 6.76139510050416 1.37474351488054 7.41270495951176 2.02866425635293 7.40543387457728 1.51499699093401 6.00331024825573 1.72607466457412 5.19417217373848 1.81210896205157 7.30860663019121 2.4989877843298 6.91130589321256 2.00825534556061 9.8466006051749 2.21726593598723 4.23099814355373
1367.63 5.52083586156368 2.21770005151629 9.08162966556847 2.36209008479491 2.31217162497342 1.75217277901247 9.93395711667836 1.65112779550254 7.21944212727249 2.35642573265359 9.6462352219969 2.37494738698006 7.77295513264835 1.70561679676175 5.73141908273101
1380.25 8.78315513581038 2.37933419095352 4.42470164038241 2.41492501832545 2.5240664370358 1.45766359530389 7.11718868277967 2.31633856128901 3.29182190261781 1.70203802334145 5.00406525097787 2.11049823351204 7.10101991891861 1.94788745287806 5.44426633045077 1.36532322885469 5.55465897545218 1.39799123993143 9.09417910501361 1.60724705271423 9.49966588802636 2.11742351362482 2.17181136086583
1383.97 5.24955786205828 1.48547773985192 8.21029405482113 2.09745088089257 8.84824187867343 2.35219415957108 3.07961822114885 1.3995887029916 8.38792091980577
1467.15 7.77594215609133 2.30116180405021 8.63080287352204 2.23448567036539 2.1103727966547 1.72020563138649 2.18364213034511 1.47644078927115 5.8077014554292 1.33272385494784 5.58223613351583 1.81533687990159 2.65652887895703 1.66853841682896 4.57633908838034 1.72501169396564 2.88354155421257 1.58162775449455 9.63605538196862 1.8539440466091 7.60902981646359 2.31675528744236 8.72554617375135
1496.68 7.47810749895871 2.32427174290642 3.75387799181044 2.08321658093482 7.92065075598657 1.74526330381632 3.52160759083927 1.55773912901059 9.49547408893704 1.95395924793556 9.29762298986316 1.97528925444931 5.177869617939 1.50189495170489 7.76625256054103
