# Using the following values to generate the workload:# num_procs = 50
# mean_io_bursts = 10
# mean_iat = 25
# min_CPU = 2
# max_CPU = 10
# min_IO = 1.3
# max_IO = 2.5
33.5046 6.64054153300822 2.17708026412874 2.89552039280534 1.52709906827658 8.32704424485564 1.46162546724081 6.15974758937955 2.12458205064759 4.62384319491684 2.20047280080616 5.25513911060989 1.69749103784561 2.22086430713534 1.98689495967701 4.1221726667136 1.68645638022572 8.81051514856517 2.2926657712087 2.60163779743016 1.94735034611076 2.33524997346103 1.79345144769177 6.20376648008823 2.28437124015763 2.19583909772336 2.2695992522873 9.89195933751762
39.5358 5.04547157511115 1.99087845999748 6.36863893829286 2.35550396358594 9.25285946205258 2.35799723472446 5.33699040301144 1.64174625398591 7.91377949714661 1.48381990697235 4.1091546677053 2.43485802337527 8.11854598857462 1.58810300910845 5.65046162344515 2.41311097303405 3.22874743677676 1.71736419051886 4.75431303307414 1.71714668683708 6.37014658376575 2.43570138169453 7.40450647287071 2.03964176364243 9.78921440243721 2.13270053463057 9.09557259827852 1.88791466299444 7.87762838043272
65.4836 2.10822072252631 2.12987115755677 2.8495286013931 2.17637229114771 2.21384373120964 1.51027540061623 7.95732977241278 2.04002393707633 7.85879312641919 2.16502158464864 5.30499410443008 1.47701416313648 5.11067906022072 1.66427769903094 7.22743344865739 2.46587362969294 3.06931589916348 1.50737040620297 6.03111987374723 1.46339900698513 8.16452362947166 2.18812271161005 5.95213248208165 1.60544373709708 8.29538238793612
188.072 8.8468356449157 1.92112674256787 6.90486817620695 1.48521952135488 4.47124154306948 1.88157696742564 2.29111002385616 2.4952170971781 8.26359471492469 1.54733825810254 7.19465961493552
191.224 7.81803199835122 1.97950881682336 5.85317988693714 2.36779875680804 5.69280146434903 2.04916832409799 9.13245414569974 1.33206264991313 7.12396217882633 1.77344990186393 2.4361872151494 1.84205380314961 6.03539820574224 1.62918930249289 3.87713581323624 1.35404447764158 6.90899864397943 2.14641720540822 6.57689731381834 1.86162102585658 7.33780999295413 2.28345696255565 6.9996645450592
197.616 4.81319976970553 1.31257746620104 6.79357430152595 1.74613745193928 9.02446366660297 2.27916707545519 6.74229142069817 2.1497217098251 7.43700262531638 1.5917427293025 5.38871924951673 1.88972884686664 7.28828671388328 2.47884740876034 4.5125579610467 2.36136974962428 2.92836423404515 1.55922963730991 7.5506379660219
223.886 2.16671877913177 1.58950352957472 6.90435908176005 2.35111562348902 2.66029169596732 1.56298799552023 4.62557509727776 1.37409881716594 8.16435284540057 2.08401386085898 3.5773635301739 1.31714485129341 2.80724475719035 1.7241316748783 9.31807838007808 2.48643880542368 6.56308909133077 1.67679894864559 3.40063823014498
245.938 6.0208735242486 1.43479137141258 5.83051322773099 2.44078906169161 2.64129517227411 1.54774732906371 9.86894710920751 1.72191946292296 9.40200833231211 2.26509469570592 4.87659363821149 2.48189135696739 8.24251324124634
300.878 5.88799058459699 1.56498380489647 9.28399161063135 2.41650600703433 6.30004290305078 1.6043791398406 3.99691062420607 1.32210115473717 4.55905789509416 2.14200083650649 3.26317249983549 1.65565818538889 4.31167568266392 1.43446148317307 7.26840954273939 1.8769348920323 8.43747362494469 2.43200889742002 6.0011574793607 1.77309784656391 7.1526599265635 2.03775608800352 7.92004692181945 2.44826095560566 2.60152547806501 1.47558232229203 5.9435864482075
357.964 9.53536354005337 1.58717454848811 8.41272093355656 1.8439738820307 9.38216165453196 2.40472528291866 8.91589566320181 1.9413003532216 2.76950849406421 2.39545144857839 7.01579043455422 1.91603985158727 5.22882395237684 1.96811897074804 7.83204183727503 1.94106898112223 5.87808066792786 1.91158549003303 8.40816680714488 1.32477831253782 7.88643464073539 1.79624644611031 3.36265576258302
358.012 7.50664983317256 1.92131947465241 6.92358108051121 1.57668438572437 8.93693433143198 2.12446285635233 3.34146746061742 1.34676718218252 7.76039658486843 1.34891770835966 2.31282714381814 2.37537507414818 4.77441577240825 2.1872955664061 7.82577176764607 2.12025243109092 2.49232883937657 1.36290077893063 5.65476377308369 2.46773352734745 6.69263523258269 2.08010603962466 9.16661081276834
362.65 4.91627876088023 2.13582449369133 9.54506133496761 2.13193984925747 6.82115039043128 2.30251820413396 2.51526901498437 2.22772815683857 9.67310681752861 2.01686070552096 2.6025867741555 1.43970525488257 5.21741753444076 2.14220572346821 8.95336757041514 2.17894498137757 2.5971412807703 2.40394840538502 9.62673250772059 2.07791918097064 9.40595662593842 1.6757066260092 7.35033769346774 1.81846476811916 2.9686313290149 2.30060001257807 5.57694086618721
468.166 6.70279176346958 1.43523575421423 3.52546231076121 2.18024071492255 4.1921029817313 1.7094492864795 8.76489871367812 2.1173989915289 9.92211217992008 2.06072015827522 9.86985466443002 1.68306895364076 9.36391838081181 2.33901344919577 7.87284575030208 1.70785263394937 4.50275201350451 2.16204350367188 2.68895974941552
550.405 5.40451650880277 1.98043729085475 5.93495833873749 1.75138285113499 7.86091082170606 2.33816736731678 5.83038054406643 1.66941339196637 3.01824791170657 1.41325513431802 9.71031056158245 2.07140473229811 4.86791357025504 1.7868525502272 2.57688334211707
566.207 4.51684028655291 1.56231752540916 5.6010401211679 1.33548905905336 2.59929857775569 1.35443602344021 4.50334307737648 2.27222808869556 4.00069990754128 1.98829646389931 9.6428308673203 2.08039156300947 2.16589429415762 2.37455730047077 7.0738269854337 1.64313428765163 5.82784285210073 1.51726378193125 9.06427764892578 1.85102678053081 7.42954419180751 2.20084609165788 2.25426042638719 1.44137494675815 3.63648890703917 1.8736547389999 3.8949648309499 1.4379246564582 8.70321196876466 1.91518164528534 4.27428687736392 1.63841037359089 4.33992891013622 2.42350345421582 2.15794516354799
653.529 9.8318603951484 2.07576113790274 5.92557275108993 1.52372678974643 7.09638703428209 2.09103280203417 8.11933394894004 2.00741301178932 5.78915205970407 1.65851643839851 4.40668234042823 2.30298886811361 8.94201860018075 1.7718848102726 5.6240142211318 1.71074208915234 7.07828692905605 2.16943174703047 3.85941243730485 1.63430005675182 8.57512079738081 1.87604833897203 2.03012522123754
701.314 4.55334725417197 2.03130263835192 7.60511909238994 2.18169274358079 2.93894159980118 1.78834693320096 2.67204703204334 1.41823361041024 6.21449815109372 2.30849393978715 4.30339906364679 1.90579362455755 8.3824618216604 1.72207089988515 3.22722938284278 2.20495815556496 4.14513966999948 1.96575773525983 9.88395741954446 2.44380170656368 5.16794850118458 2.46421742429957 2.05621389485896 1.46869524912909 2.68318763934076
708.632 4.66834218427539 2.41777505930513 9.96556968055665 1.42715146644041 7.97557857073843 1.52482852330431 4.76701201498508 2.28418504372239 6.51605435833335 2.42659709872678 7.43516267649829 2.24401170611382 8.98271936737001 2.48718883655965 2.05721027031541 1.81349729020149 7.75153169594705
728.329 5.56958520971239 2.4420677405782 4.77543775551021 1.40262676374987 5.14318918064237 2.07039723983034 8.34583852626383 2.02790484391153 5.28361987695098 1.4275693308562 7.84928656555712
758.875 2.61615172401071 1.62225315859541 9.41544993780553 1.45698065208271 3.54983088746667 2.01400424484164 5.32331006042659 2.34917728658766 2.82129185833037 1.80193648124114 4.24947520345449 1.62561197103933 8.69998218864202 1.57641066266224 2.89549779891968 2.27380031747744 8.98846165277064 1.46780423745513 5.65438537485898 2.12619244419038 8.89285890385509
780.084 7.97819345258176 1.34718410726637 2.84851485677063 1.33911739354953 2.92785091325641 1.30314586265013 7.90418744832277 1.41736675873399 4.89192316122353 1.98143540034071 7.066750401631 1.71209375932813 8.29422007128596 1.50145414210856 6.6224977299571
783.582 6.13315918110311 1.32871393403038 6.41767634823918 2.38149646325037 5.5277548506856 2.29479619143531 2.53630329854786 1.53305242983624 4.20735348202288 2.44112072354183 2.62016648612916 1.42411230318248 3.44339412823319 1.73136844662949 6.13145078159869 1.71537709776312 4.10615764185786
822.195 7.42001581192017 1.67763122720644 3.8265797868371 2.06227793553844 6.21540079824626 2.29847432086244 4.28131295926869 1.92669808072969 5.10845139622688 2.34975699493662 4.97111602127552 1.50993167720735 5.8624894041568 1.72013134621084 7.50184397399426 1.83698834441602 7.34297723509371 2.09965707352385 5.76270407252014 1.47557606939226 6.84765870310366
858.56 7.94114953279495 2.16253567868844 8.66550988890231 1.74027655031532 4.71304392814636 1.600025779102 4.29897328652442 1.78096276987344 6.03900195658207 2.30272643910721 7.49623716436327 1.42882712706923 5.64487178623676 1.37975389333442 8.76391438581049 1.31524098720402 9.59842726588249 2.02069465760142 4.5953503921628 1.66049707485363 8.96851982735097
868.487 3.36572948843241 2.08692088257521 9.5514800529927 2.13058773735538 9.07796225324273 2.07958073318005 4.56235138885677 2.33872946808115 3.63893384672701 2.34880961105227 8.52118056453764 1.62708843769506 5.22643172368407 2.45949357561767 7.92607807181776 2.37720628222451 9.52030813507736 1.34366370541975 8.55796907842159 1.48461959585547 9.08228506520391
876.442 8.00244372151792 1.71097986195236 9.95338875800371 1.61481957780197 3.07492943666875 1.58782881693915 3.87564097717404 2.4136931585148 8.98688217997551 2.46633515739813 5.12995080836117 1.45531372539699 9.29010569304228 1.49772862866521 8.46176228113472 1.58782325778157 9.10158588737249 2.35564303835854 9.50995951518416 2.31360144661739 2.8088274654001
878.299 7.29532083310187 2.48506137067452 3.1128926705569 2.29020538758486 8.65956105850637 1.54022360481322 5.07042489945889 2.21503459848464 7.05434256233275 2.10835449052975 9.76915193349123 1.40547131402418 7.84867869317532
884.436 6.22730708867311 2.43594070794061 9.8308312818408 1.87968367347494 5.78127507865429 1.5403970291838 7.39209141582251 2.48774928916246 6.8211075682193 1.79377267910168 2.23418815620244 1.76696005547419 6.82949368283153 1.4006914479658 3.50519694946706 1.38253320530057 4.52584130316973 2.02310101538897 2.29190335609019 1.99256553454325 8.76893783546984 1.83559789145365 2.67337157577276 2.1708508213982 2.48373967781663
889.182 5.96941550448537 1.59535781899467 7.48061016388237 1.65471246335655 5.81479044631124 1.71456511709839 8.37015434727073 2.44341597780585 9.22295343503356 2.15421044835821 4.03145166486502
913.894 8.44831328466535 1.57543355375528 4.51912695914507 2.49963948428631 2.43068152852356 2.10464126216248 6.72095602378249 2.3304666521959 6.07543086074293 2.22150384271517 2.64576575905085 2.31879847161472 4.72985335811973
919.186 4.82220546901226 1.72915750117972 8.16298488527536 1.94000663524494 7.93360251188278 2.30155348451808 6.53358994610608 2.25171564491466 9.06070572510362 1.71720236223191 2.4517629314214 2.29998183716089 7.97873185575008 2.16630769157782 7.34398443438113 1.54334892397746 8.85408102348447 1.46758668543771 5.70984578691423 1.83583839060739 4.09760595671833 2.4912978997454 8.94313567131758
931.042 8.27695744484663 1.3614471482113 6.64334216527641 1.45280116973445 2.90960699319839 1.54545990601182 5.00618992187083 2.34450624976307 8.86704869940877 2.24190627597272 7.70089562050998 1.40095470929518 6.95476126112044 2.16769406311214 6.97582016326487 1.49287489652634 4.66119198128581 1.97606258308515 5.1357706785202 2.37639410709962 5.23535712435842 1.4726466040127 6.44346436858177
981.453 3.82848344184458 2.35108211850747 5.70829616673291 1.83293964629993 8.59371018968523 1.65659448476508 7.1408379804343 2.21099289953709 3.0553425271064 2.07826651362702 6.26636681333184 1.53842980153859 8.38961351290345 2.38549050241709 3.40195698849857 2.24024742078036 2.68803940713406 1.54692571507767 4.69054150022566 1.56345109622926 9.78648386709392 1.49997469456866 6.23997283354402 1.56997054889798 7.93441309221089 1.47484414344653 3.90419871918857 1.97782786805183 2.09174136444926
1024.08 3.283238414675 2.27500032773241 2.775649221614 2.20775406090543 8.89220453985035 1.43995632166043 9.83572073094547 1.31143832867965 7.97785102762282 1.94417655495927 6.00922572612762 1.79186117909849 7.50846743769944
1032.43 4.37722242996097 2.19993091439828 2.35993673652411 1.90108267841861 6.38742622360587 1.42365527767688 3.43634608760476 1.3981986945495 2.20789510197937 1.36583983153105 6.19299484975636 1.55257425643504 8.96825271472335 1.33188528968021 3.92714747041464 2.20191481811926 5.88508180342615 2.07188280671835 2.85645611956716 2.3595058163628 9.71879066154361 1.43569385064766 8.45039435476065
1033.32 3.21869106777012 1.68371737655252 2.90424960292876 2.33494466021657 6.79491353593767 1.3457630793564 9.4872206132859 2.42727301372215 4.62326418794692 2.14220266379416 6.34778593294322 1.4113467711024 3.63224385492504 1.43254592353478 3.77362622879446 2.06217782991007 3.57648906670511 1.99679833725095 9.46212440915406 1.78670026641339 7.22153718397021 1.4832145483233 2.58715912513435 2.36999503616244 5.53140282072127 2.47528875246644 5.90141360461712 1.67737436993048 2.9719326030463 1.56737611014396 9.90090173855424 1.57766741169617 2.18101192638278
1106.52 8.05201694369316 1.93835235740989 6.29874510504305 1.76750317625701 5.42826852947474 1.50507926633582 2.21678156591952 1.59528986634687 3.02594984322786 1.66002665478736 8.17716746591032 2.34116093972698 7.2625191193074 1.86631672699004 6.95441483147442
1108.67 3.75076270662248 1.36196037689224 8.41335319913924 2.17875977344811 8.90124526806176 1.80611246498302 7.8061482347548 2.18465115111321 4.73469151929021 1.89821765562519 4.0970227047801 1.66389946788549 3.93117910251021 1.94766500080004 7.28303974121809 2.08479586169124 7.57885206304491 1.30171416457742 7.75162708945572 1.90583674078807 2.09254175983369 2.25364783899859 9.51661089062691 2.00546744242311 7.69440254569054 1.82297427002341 6.58586329221725
1113.95 3.37653377465904 2.34403087124228 4.95165841840208 1.96838710587472 7.08861178718507 2.28286067703739 4.84656083397567 2.09376768432558 3.20410820655525 2.36889374936 5.12676629424095 1.6464633169584 7.0516272559762 2.35039983466268 5.21045598573983 1.36070080120116 6.87877526879311 1.91302204094827 6.46230279468 1.5173564885743 6.56796728819609
1131.92 3.58027073740959 1.6301783955656 9.65536838583648 2.23223567614332 5.42097156122327 2.07762212157249 2.88621587119997 1.86798429209739 4.25151126272976 1.85779824545607 3.84069057926536 1.74435544814914 9.73003327101469 1.80618319623172 2.25652912631631 1.56435731211677 5.23809477314353 1.31899926187471 3.18194746039808 1.67875504903495 4.35503822378814
1158.16 3.24780073389411 1.63042643591762 8.21965540200472 1.70462473258376 4.95603519119322 1.39172165486962 2.81235814839602 1.90611637672409 3.44312684051692 1.76600239537656 8.54323822632432 1.4230916544795 5.68343298695982 1.72418680125847 6.53147172369063 1.66168763786554 3.5856213439256 2.38619031589478 7.33904908969998 2.22999123968184 5.12218077294528
1173.76 2.89053653366864 1.88227060316131 3.06837917491794 1.47239012364298 5.77760954014957 2.23015809794888 9.9143681358546 1.78617411116138 6.42297901399434 1.69390340475366 6.74280304089189 2.18051558127627 4.00811045244336 2.3213990945369 7.40177523717284 1.60303127700463 3.91396514140069 2.33117218017578 8.33192462287843
1173.82 7.84516706131399 1.80831169979647 5.24993008188903 1.41903914343566 4.56490095146 1.51501167435199 9.16060137748718 1.68350212508813 6.26725954376161 1.30468804147094 9.91557836346328 2.3056367713958 2.72910037450492 1.31432635141537 5.28890560008585 2.40441493960097 3.22540849819779 2.27131848875433 2.2374705504626
1193.25 2.19808830320835 1.55305038290098 7.3089484013617 1.63529681423679 5.13646535016596 1.6586205413565 4.59937326237559 1.65518045071512 7.02939800545573 1.98494388982654 4.23116245120764 1.96837886115536 4.91030804254115
1198.02 7.55426319874823 1.92135305479169 2.90253516845405 2.40970682036132 2.27893707901239 2.00295353000984 5.44085308723152 1.85048840697855 3.72009922377765 1.60808543469757 6.88367895968258 2.06633461965248 2.44582818634808 1.45466378284618 8.64551014639437 1.63697112454101 8.03095908276737 1.66074901949614 4.16571167297661 1.92472493685782 2.43826413154602
1214.44 6.91574612259865 2.23032581228763 7.40546640753746 2.08821628727019 9.66161203570664 1.39293703250587 4.95720171369612 1.90858318256214 8.91706570237875 2.31370487930253 7.00385607779026 1.67271138923243 5.27979993447661 1.96006038160995 2.17932887934148 1.68810776993632 2.86410104855895 2.10265111951157 3.86070786044002 1.81267055654898 3.22385909967124 1.9690731048584 5.05710933171213 1.35412231618539 7.06040893681347
1216.98 8.8018617387861 1.92812562976032 9.08177799358964 1.98040783517063 9.74180175177753 2.13739709379151 9.75667617656291 2.1564039147459 8.04068083316088 1.94236180810258 5.7007855027914 2.3550764943473 8.37134794890881 2.20601845206693 2.87614043615758 1.39957610918209 3.45263099484146 2.47260092701763 5.29832064919174 1.76697026994079 9.71266067400575 1.92797449426725 5.52692688629031
1333.01 9.56677679903805 2.11201356481761 2.72341900132596 2.33383929086849 6.38876942917705 1.87288416717201 8.37937914952636 1.89029764113948 8.74858822673559 2.47208452215418 6.80613062903285 1.71048862040043 3.14270869456232 1.57236631307751 6.47726257890463 2.47410737965256 8.21321693994105 1.85105289518833 6.59186399169266
1347.71 5.45040215179324 1.55547844199464 4.31105332821608 1.36627353075892 2.15237267687917 2.09480409882963 7.56930515728891 1.5348294544965 3.62750508449972 1.30276704393327 4.47002130746841 2.47738539222628 8.66559712775052 1.86297016916797 5.59350574202836
1356.11 3.81504752114415 1.53113380661234 3.27305690385401 1.90446616467088 5.63988798856735 1.70734787322581 5.18882431462407 2.40569736883044 8.10025252774358 2.05980273354799 5.6121188737452
