# Using the following values to generate the workload:# num_procs = 50
# mean_io_bursts = 10
# mean_iat = 25
# min_CPU = 1
# max_CPU = 2
# min_IO = 0.3
# max_IO = 0.5
2.36697 1.63278138940223 0.348357540834695 1.83465621387586 0.472494174493477 1.50693953316659 0.438931648992002 1.52881793607958 0.409108596574515 1.66027970123105 0.419645553734154 1.49493896355852 0.336531680589542 1.40735658095218 0.485475265234709 1.90645349095576 0.37034737765789 1.44330316805281 0.410187854897231 1.10626631206833 0.345704989740625 1.08161049732007 0.42264549988322 1.68535252753645 0.466513970680535 1.43235233612359 0.334763708198443 1.85526696196757 0.330234575644135 1.47060656594113
24.7325 1.58989781700075 0.425543606001884 1.46767153008841 0.301618070434779 1.17693617776968 0.342813732149079 1.19589777290821 0.380376300448552 1.849064379232 0.431470810994506 1.1779659872409 0.38847231362015 1.59953405568376 0.327097275480628 1.60271669877693 0.312810450093821 1.1691414504312 0.446544470731169 1.52308342326432 0.371492092171684 1.08983326004818
37.3363 1.34586487431079 0.483481717668474 1.18773817364126 0.312924342835322 1.22843215055764 0.331317907804623 1.58128393581137 0.324250198807567 1.8681499727536 0.485791744152084 1.61822723411024 0.337148108845577 1.80592967593111 0.494818639941514 1.35906153754331 0.339293888071552 1.86930885328911 0.49194555003196 1.0453177888412 0.46717861671932 1.15569746587425 0.437213913910091 1.14583563548513 0.417600906454027 1.33992948546074
76.606 1.90994936018251 0.359073374886066 1.90010152710602 0.480477282591164 1.40277964645065 0.370033103181049 1.15172101883218 0.439462647493929 1.57232778915204 0.491666363878176 1.82043834216893 0.427735190652311 1.78822820400819 0.362160904146731 1.17852958035655 0.446190766524523 1.96376756392419 0.396480757882819 1.66325494181365
109.789 1.46226549125277 0.432227301318198 1.01006540399976 0.314843270089477 1.23033704212867 0.492924675764516 1.832469208166 0.337054683454335 1.61226594471373 0.445431451499462 1.05271133198403 0.387673029024154 1.94841451756656 0.492625480983406 1.78275761404075 0.453124806797132 1.7027960580308 0.313281204691157 1.07818514620885 0.473614822560921 1.33501778845675
158.701 1.52934584626928 0.345161763578653 1.42415497545153 0.413511423114687 1.47026407346129 0.408591976761818 1.98076480231248 0.336300297407433 1.83438576827757 0.392968571931124 1.35454394528642 0.43810749319382 1.92352602630854 0.394256780855358 1.24121575406753 0.315627081040293 1.86301196995191 0.489092475781217 1.78126543946564 0.490603347495198 1.17351722670719 0.349769271770492 1.79102118313313 0.483626794768497 1.29946880415082 0.376521372096613 1.92270303051919 0.459320074878633 1.0743504059501
223.329 1.09986198856495 0.343607006315142 1.29355711559765 0.322812022315338 1.04115588054992 0.484683841839433 1.72501602815464 0.446958274906501 1.84728993684985 0.431391154835001 1.51187794958241 0.404374766303226 1.08720589755103 0.451555637829006 1.6717004631646 0.336053165234625 1.74035700690001
240.226 1.3822104181163 0.305538688972592 1.23318772925995 0.381529635330662 1.53768249601126 0.311614847881719 1.1369224213995 0.387997472425923 1.51111832703464 0.393691650032997 1.77072460949421
312.389 1.31869954336435 0.411450684722513 1.22190562658943 0.419858901761472 1.34466685564257 0.488719504373148 1.78708618227392 0.486967331636697 1.11408838815987 0.371469929721206 1.59589152340777 0.399225451424718 1.51539784530178 0.317912283167243 1.16536445403472 0.477972860867158 1.82934458577074 0.412299488205463 1.16959640407003 0.334445790015161 1.1742546451278 0.467958023026586 1.54085791204125
346.126 1.37400835845619 0.438935690978542 1.25308260554448 0.330533467046916 1.31484080175869 0.435983000742272 1.73263231222518 0.309455774398521 1.8517354929354 0.43052725372836 1.74464990524575 0.469954561954364 1.26788365188986 0.448217715183273 1.82734623923898 0.457690974744037 1.73010684875771 0.413900543469936 1.84042592579499 0.341468999907374 1.09068139875308 0.47399236029014 1.56403032643721 0.478557414514944 1.13772443239577
391.682 1.60516322753392 0.456035568285733 1.89412332954817 0.474294742010534 1.82420584745705 0.311224617483094 1.14213675493374 0.486794144520536 1.85453591775149 0.337927420437336 1.8358482089825 0.41936754710041 1.57481929589994 0.455884298635647 1.59645640244707
420.946 1.05554668814875 0.445743940537795 1.65526227746159 0.44564475310035 1.45760963321663 0.440115778939798 1.2730474350974 0.372655133809894 1.61083963350393 0.404079835116863 1.15336490282789 0.405874841846526 1.25704488018528 0.467947665601969 1.40365970437415 0.320728267077357 1.51808187039569
445.786 1.21014155587181 0.415355716878548 1.73562084953301 0.421603734698147 1.01036642026156 0.437630997644737 1.15162282530218 0.37130045988597 1.10547839431092 0.402906822785735 1.79226578702219 0.486884875642136 1.10222698329017 0.391979590523988 1.80664087017067 0.389024541713297 1.13186267134733 0.468177733430639 1.93944818386808
479.33 1.92065175180323 0.415001990459859 1.01897901087068 0.306598086329177 1.56787545909174 0.357058515865356 1.31478626513854 0.458426743140444 1.38301828945987 0.499790839571506 1.84393264143728 0.436219991836697 1.46144804498181 0.367976795649156 1.31785430829041 0.456991895474493 1.00769172376022 0.412657071696594 1.15415860712528 0.339224653178826 1.10961867426522 0.438238363852724 1.57042850321159
508.641 1.18977385526523 0.391099875280634 1.43892145995051 0.479969206731766 1.17091859946959 0.456528358114883 1.4312107055448 0.38645882755518 1.02820038120262 0.401802431792021 1.16137182409875 0.49772020149976 1.15989494440146 0.414648215239868 1.86859304993413 0.432448462815955 1.81966510973871 0.371008266415447 1.19060220313258 0.432900875713676 1.36167680402286
511.847 1.45088442810811 0.460446991398931 1.91327668656595 0.300408259406686 1.16367986542173 0.435434160288423 1.02499745134264 0.423516900744289 1.14852602407336 0.454863932495937 1.55813063913956 0.325348902819678 1.61069827969186 0.413574539218098 1.98521089321002 0.448442853614688 1.81439189775847
541.731 1.69479654193856 0.419799740752205 1.77446290315129 0.369450179161504 1.31604497483931 0.381024463148788 1.81819119979627 0.480506527377292 1.88975643669255 0.487789904326201 1.9061802236829
547.3 1.88787003583275 0.464830725826323 1.24961594142951 0.307392534567043 1.85418885410763 0.380856796028093 1.73196029290557 0.378776280442253 1.34760213503614 0.304707463504747 1.14148139883764 0.488709980808198 1.06933206808753 0.380639110691845 1.06794034480117 0.323985789343715 1.63651102501899 0.376457060780376 1.88106528948992 0.462512194272131 1.71625185571611
559.501 1.69308856013231 0.471404378581792 1.47831694921479 0.439322617603466 1.80327790626325 0.463914837874472 1.49629666283727 0.370937534421682 1.27810679888353 0.380110983364284 1.25609375466593 0.330554365972057 1.89075584663078
573.787 1.03068805998191 0.367840120196342 1.4705304862 0.475067564286292 1.36740218964405 0.387546081654727 1.14216771256179 0.472231489652768 1.98060946282931 0.392351129604504 1.63428955851123 0.309903491614386 1.23165769339539 0.331600813195109 1.93070033472031
602.309 1.81166782276705 0.346507759671658 1.49579293001443 0.378404536331072 1.54256015783176 0.413163794530556 1.21805954747833 0.436024305736646 1.30666723800823 0.344102630810812 1.92815226642415 0.457403303403407 1.14867905131541 0.357039073016495 1.02235478558578 0.336653524683788 1.50907137664035 0.45703049628064 1.7513189248275
624.873 1.24063937342726 0.326887653209269 1.50780102796853 0.31131251049228 1.75937730330043 0.46145995198749 1.23875857889652 0.414894977398217 1.02902126614936 0.347033210238442 1.59234351967461
630.078 1.6677702376619 0.385619980515912 1.25324879121035 0.331443276442587 1.07735440996476 0.37122621810995 1.42899808380753 0.43352076029405 1.21296428260393 0.384068502951413 1.84192039538175 0.346191910235211 1.28710886463523 0.463698259787634 1.12370636570267 0.36939371121116 1.63786795688793
630.581 1.82008682750165 0.34681681538932 1.85255624493584 0.432504802104086 1.08186594047584 0.317003523698077 1.00448101270013 0.450270791957155 1.65131805255078 0.424607868539169 1.02115285978653 0.365277089364827 1.13591699488461 0.465358542883769 1.44898451166227 0.308355839457363 1.23240909446031 0.312077085115015 1.63052780670114 0.479049336025491 1.72692694934085 0.450842551607639 1.22368446155451 0.48884093882516 1.13503282237798
641.137 1.45527274650522 0.312202993035316 1.98274830426089 0.374817839358002 1.28425058629364 0.452258941577747 1.82779148011468 0.373228449840099 1.69235870754346 0.371247425768524 1.86808333965018 0.340931899612769 1.78953432966955 0.307399246189743 1.88519964041188 0.4837685755454 1.64892054279335
649.871 1.22823457699269 0.494860215159133 1.29725640267134 0.308495622407645 1.52707424387336 0.449685151921585 1.60865380452015 0.333313866052777 1.51838987087831 0.371328905411065 1.45730015332811 0.370188982412219 1.24594226828776 0.367688498692587 1.23546297452413 0.444608693337068 1.44810514361598 0.44418816822581 1.13322047283873
673.277 1.42948428750969 0.305841681873426 1.9203612790443 0.362455153279006 1.36166640580632 0.383534786105156 1.69030672055669 0.391968636959791 1.25927279144526 0.411974141793326 1.16713647125289 0.386181574128568 1.30191539227962 0.448450750345364 1.90143568068743 0.331592978583649 1.40238070231862 0.393210546439514 1.6228463544976 0.30950066940859 1.64805355481803
680.231 1.71180962282233 0.375679073482752 1.83927132911049 0.428678645798936 1.20237997290678 0.394576025614515 1.50100495270453 0.438199173053727 1.73400264210068 0.433237598789856 1.50322997337207 0.467293646326289 1.18501041573472 0.43558405879885 1.05383973568678 0.463610108615831 1.40814096922986 0.33565162345767 1.1611615694128 0.472844610223547 1.54182167933322 0.489258386800066 1.65419435384683 0.421159973740578 1.56388708297163 0.436864810297266 1.95993314892985
696.655 1.82873758813366 0.399122946057469 1.6279669625219 0.420520252222195 1.32198732416146 0.428101622546092 1.673348456854 0.383127305004746 1.99392693047412 0.369142238469794 1.84569162526168 0.494020364666358 1.2630489252042 0.437404218316078 1.25598805886693 0.380735623138025 1.74676902405918 0.387860835529864 1.97529310407117 0.472884708503261 1.19948206236586 0.432873249053955 1.43336964654736 0.450066184345633 1.12320967437699 0.418588117929175 1.88591456203721
697.243 1.77929468732327 0.358255396410823 1.49569134437479 0.405528956884518 1.84262939379551 0.462965897424147 1.500026156893 0.447424699226394 1.39035949064419 0.310931450873613 1.45321878301911 0.480118381744251 1.54662920534611 0.41580765536055 1.25926691479981 0.446307806205004 1.69745209487155
742.612 1.22907158639282 0.341003445489332 1.62340632453561 0.389245223999023 1.62036278448068 0.475307178869843 1.85220716381446 0.319288865989074 1.01535306125879 0.379049066733569 1.96392644383013 0.466655707079917 1.6995964765083 0.357909404113889 1.57699392689392
752.313 1.10262498725206 0.342489960277453 1.74591114767827 0.417085572099313 1.28858617623337 0.49933326812461 1.17471718322486 0.464025309961289 1.86824589502066 0.414091430837288 1.84596738778055 0.365137583669275 1.19557991367765 0.470204046927392 1.80104438797571 0.310662790248171 1.80359453312121 0.391225756844506 1.24625358497724 0.476777464244515 1.98023896571249 0.307245817501098 1.25760898343287
752.574 1.19081016536802 0.459531166264787 1.50465323263779 0.427003204543143 1.19071125634946 0.366631809715182 1.99115252844058 0.329802439222112 1.48818268976174 0.451588569674641 1.81517797801644 0.396504747588187 1.05273418058641 0.484530291846022 1.83376782434061 0.380611948715523 1.87762197921984
752.754 1.58327585132793 0.387933460203931 1.5911800856702 0.343987288000062 1.26733296643943 0.317473802622408 1.66657477151603 0.43447671062313 1.38769032317214 0.472671906743199 1.95625428459607 0.36615655021742 1.84371669730172 0.412176797445863 1.52063637785614 0.396594903850928 1.97992898430675 0.376137989247218 1.72007977985777 0.447288021678105 1.84231772157364 0.437019956717268 1.0126438383013 0.419291917420924 1.89263238315471 0.310694682970643 1.02978768269531 0.460855236835778 1.76075116405264 0.424660846311599 1.93283859826624
783.363 1.45952829625458 0.341845172876492 1.13273723050952 0.376753038074821 1.80723025649786 0.318992317467928 1.78978399420157 0.440907578775659 1.03821547701955 0.372602661140263 1.94662520708516 0.305622292589396 1.09386423742399 0.496216619899496 1.79078708961606 0.343535451591015 1.39934571855702 0.303334372816607 1.05822532507591
784.652 1.27313852845691 0.428694768995047 1.05504602682777 0.450370128126815 1.03979779873043 0.453966092085466 1.39178146561608 0.342738045938313 1.16896929545328 0.475905390735716 1.79165989020839 0.491728175897151 1.80781830148771 0.352588019426912 1.64062476973049
796.585 1.24370883358642 0.312830156832933 1.90995307569392 0.47290798407048 1.93362440401688 0.359396600583568 1.67328829341568 0.462558283936232 1.26848598849028 0.386313986824825 1.25383291649632 0.462171520944685 1.30722622619942 0.373646615119651 1.28223205544055 0.390849788393825 1.54424328636378 0.445295218937099 1.83843372482806
836.293 1.46899312990718 0.461975899897516 1.73159998515621 0.350705279177055 1.41517831990495 0.343488667998463 1.71560463611968 0.352447207830846 1.39945657528006 0.38326992476359 1.85446498682722 0.413061931310222 1.41469645453617 0.490495586302131 1.7949155846145 0.406910725357011 1.21307251648977 0.495556244114414 1.44295125221834 0.487343077361584 1.34759187442251 0.478452318534255 1.61764522269368 0.493166249850765 1.33896575751714
859.905 1.44822037941776 0.330148899229243 1.2965853982605 0.370804824586958 1.53657994582318 0.415309688262641 1.87706015957519 0.388882998516783 1.64472743682563 0.332236215379089 1.32363622426055 0.335144613170996 1.44662048504688 0.345265123527497 1.24708966352046 0.430487581109628 1.94587082252838
882.799 1.22571406746283 0.409799657715484 1.01026584603824 0.422362677613273 1.52217312902212 0.386031219409779 1.75161292543635 0.313360421871766 1.83763674390502 0.450246334495023 1.84552082698792 0.425080426083878 1.17885566805489
893.499 1.76211247337051 0.418094126880169 1.63361338363029 0.335949041787535 1.45162999257445 0.379347941372544 1.05303391604684 0.408766887243837 1.38446339056827 0.307377010025084 1.98576126038097 0.429010424204171 1.06649296125397 0.420496766176075 1.00017489073798 0.443724669702351 1.62086468236521 0.468589429510757 1.97530908393674 0.476447987509891 1.66778596118093
948.224 1.38441542582586 0.399576101638377 1.681840718491 0.433472019480541 1.09174843342043 0.368309804378077 1.18536264495924 0.343416236992925 1.49030664120801 0.490520666493103 1.05531252897345 0.362237051967531 1.01397913997062 0.31530362223275 1.71710932208225 0.369472921732813 1.58078358275816 0.356271610409021 1.07465943577699 0.4894095600117 1.55936801224016 0.437638981314376 1.30642006872222
988.463 1.03999820863828 0.372479411633685 1.22802666155621 0.448897950071841 1.6866050704848 0.485216679051518 1.39405741682276 0.383537620864809 1.85836400208063 0.329591609816998 1.90511367097497 0.327222357271239 1.56509371171705 0.419776868633926 1.42904124013148 0.441860070871189 1.82339488901198
1001.86 1.33606873825192 0.403703384287655 1.82973706326447 0.441782143991441 1.71409769798629 0.483687677979469 1.96953851310536 0.412254054145888 1.81115486402996 0.391957368329167 1.28565038880333 0.460301706520841 1.04089144011959 0.312312782648951 1.16105623380281 0.494713666616008 1.66162704164162 0.421027480671182 1.4983084264677 0.474826614605263 1.22283302387223 0.481554813124239 1.22423632349819 0.489713959395885 1.60472912411205 0.307163609145209 1.52802991005592
1002.57 1.12945247953758 0.337155490601435 1.65632991120219 0.414372153906152 1.8243419858627 0.333503445237875 1.84943335363641 0.405858013732359 1.85695951897651 0.32464639772661 1.32879916206002 0.364188237581402 1.89281008346006 0.411902895662934 1.36643544095568 0.328576907142997 1.40127287688665 0.403203314077109 1.20948769291863 0.332304447470233 1.85211998037994 0.324007144477218 1.3216289402917
1030.12 1.09790774947032 0.425032494496554 1.05234196619131 0.454721662821248 1.02791896252893 0.336050335504115 1.46372829144821 0.352460411377251 1.26251249900088 0.489550566254184 1.62677375157364 0.340966617735103 1.15528918872587 0.417546029808 1.83184315171093 0.396629136474803 1.847420333419 0.461481665959582 1.67933590803295 0.425769196264446 1.18440029164776
1095.3 1.0671086255461 0.362621739134192 1.85328588495031 0.441774018621072 1.11858051130548 0.38935793642886 1.29386151023209 0.457788399979472 1.54123145272024 0.386299275001511 1.1084730643779 0.380283104116097 1.36095466744155 0.429706213856116 1.60319933039136 0.460174366785213 1.10395315941423 0.340547684393823 1.27939759404399 0.316110007837415 1.62651957431808
1116.71 1.6091131255962 0.397265358315781 1.5397806589026 0.367293435474858 1.53591911890544 0.470784129248932 1.72769860830158 0.336227198690176 1.42028491897509 0.425255846092477 1.1116450750269 0.38841723324731 1.03889112966135 0.464500936632976 1.73784739803523 0.341549133369699 1.17665340215899 0.49207288492471 1.83726270217448 0.47171249394305 1.08935563033447 0.384515894763172 1.73369126394391 0.303809708869085 1.25400812341832
1154.93 1.82103068567812 0.362604899331927 1.32858445239253 0.406227320851758 1.95943068736233 0.408514161314815 1.27802234515548 0.321520013175905 1.2868663368281 0.41969991736114 1.78165811579674 0.330596389062703 1.7020466751419 0.395574166346341 1.27008762420155 0.356248890096322 1.09096303675324 0.389499280182645 1.87836612411775 0.499646653281525 1.37016039714217
1164.1 1.14902488980442 0.407618542946875 1.77450316981412 0.321411075955257 1.94192411820404 0.330036703916267 1.32243926241063 0.442786041181535 1.58041037153453 0.380493947258219 1.90520665771328 0.333801440987736 1.57985699200071 0.480795686040074 1.12915563536808 0.385395572567359 1.10970782209188 0.418106786115095 1.51751872058958 0.493477589357644 1.67431222274899
