# Using the following values to generate the workload:# num_procs = 50
# mean_io_bursts = 10
# mean_iat = 25
# min_CPU = 1
# max_CPU = 2
# min_IO = 0.3
# max_IO = 0.5
22.0571 1.54837528895587 0.371026240149513 1.2551202212926 0.381352384341881 1.24383397377096 0.441068175807595 1.2696829920169 0.328517559589818 1.85180796566419 0.342713020555675 1.54404369741678 0.355956180859357 1.7078736408148 0.428018640493974 1.21928713703528 0.445799212902784 1.65574388275854 0.346008108602837 1.54420699132606 0.344612236181274 1.35249929386191
33.402 1.66529725142755 0.49549491177313 1.7071835200768 0.380757957324386 1.19391027512029 0.347582033276558 1.8699854274746 0.353006886318326 1.74893042072654 0.453237714990973 1.03273532632738 0.384119290066883 1.52111295098439
33.7992 1.09789457125589 0.463980750739574 1.09208016470075 0.473003921704367 1.11227032216266 0.378584902640432 1.65985365398228 0.451885349303484 1.01741617242806 0.478942430205643 1.91919102938846 0.469742348277941 1.01497477735393 0.412530358834192 1.58371147396974 0.421080080792308 1.78086489834823 0.409773287409917 1.07393256225623 0.452979128994048 1.47961205500178 0.383849280700088 1.15389943122864 0.406505503598601 1.33178039616905 0.446972215315327 1.49250194290653 0.439318230096251 1.87277541309595 0.305539521807805 1.83785603591241
35.1461 1.26930865459144 0.406409866176546 1.28452064446174 0.471904476359487 1.4205019203946 0.456365427933633 1.91317137284204 0.434548132680357 1.73344010487199 0.391150729171932 1.40796037670225 0.316168308956549 1.92702061939053 0.345034490665421 1.29181705112569 0.335563864652067 1.39334897557274 0.365927518112585 1.65534440591 0.412740198057145 1.88418558682315 0.329668173380196 1.13451918517239 0.435615640273318 1.23811118328013 0.486758558265865 1.57531117741019
40.7666 1.69952932535671 0.403256177250296 1.56602150551043 0.343438435485587 1.03601147118025 0.434288221085444 1.06030736351386 0.484274462843314 1.08628630754538 0.402876695478335 1.13667252846062 0.303431548643857 1.51636748109013 0.394826442562044 1.68222672725096 0.496895886724815 1.0826396078337
124.344 1.91535687725991 0.395333128655329 1.86114582698792 0.45755841457285 1.16834675869904 0.354446452204138 1.88360533281229 0.405565268406644 1.69962137169205 0.311394841596484 1.42181776603684 0.421604233887047 1.19473703787662
130.556 1.87340873712674 0.397547589242458 1.97468408965506 0.388656364288181 1.20846641855314 0.352954644244164 1.60667395056225 0.415631946222857 1.94499404123053 0.305864556785673 1.23007863620296 0.475801534997299 1.77133533731103 0.33893599640578 1.80343545158394 0.335147700738162 1.05540455854498 0.397298379195854 1.37596267019399 0.389825368486345 1.31111437082291
131.117 1.49734373716637 0.467134279571474 1.94767623906955 0.488320830324665 1.67727271514013 0.431723439507186 1.16874857316725 0.404044355778024 1.93076539505273 0.331881237775087 1.74715455435216 0.409481614036486 1.3238118137233 0.455219434667379 1.21071378723718
136.769 1.47395200142637 0.42619590992108 1.69977544923313 0.460916474368423 1.6583813962061 0.393412622110918 1.35012769908644 0.478095168247819 1.96639458765276 0.400219612196088 1.07102776411921 0.412183430837467 1.64583679009229 0.355396030284464 1.38724031788297 0.306868282146752 1.99436770984903
159.426 1.84702362981625 0.493839211855084 1.55916563747451 0.443782542226836 1.21180709521286 0.308285321574658 1.79638527426869 0.441882027639076 1.10476965759881 0.335179916210473 1.74331367993727
189.553 1.01784191653132 0.459064972167835 1.37680576974526 0.336377938417718 1.63747213361785 0.49171371688135 1.64783752872609 0.482871434651315 1.11050805053674 0.474364381050691 1.16628049500287 0.486199815990403 1.69830445596017 0.32729721730575 1.68161045783199 0.384562154719606 1.50890562403947 0.327478902880102 1.86277654604055
211.045 1.15135998674668 0.308358758036047 1.32354241097346 0.33549252091907 1.26768405060284 0.349760891217738 1.02963501797058 0.31141227860935 1.30231997324154 0.415093262819573 1.559836642351 0.480249603046104 1.57294194796123 0.394404943147674 1.56780009786598
222.318 1.8497822273057 0.319170532515272 1.09717198857106 0.357343283202499 1.25724281417206 0.382624386437237 1.15898893889971 0.413539699837565 1.93966294219717 0.388266310514882 1.45462156552821 0.434640508331358 1.35385061055422 0.389910577237606 1.75747626274824 0.385470854118466 1.57725679664873
248.28 1.07205093000084 0.317499788571149 1.31125936098397 0.454723572451621 1.63833667663857 0.480036383029073 1.36308903084137 0.364373825630173 1.8924573645927 0.351881934283301 1.80524112470448 0.445070299506187 1.98167872196063 0.324731824919581 1.56022039894015 0.42910388186574 1.68306240509264 0.379035706119612 1.6213503126055 0.46312193707563 1.14096059999429 0.351698496984318 1.8441123093944 0.3814214669168 1.20449626375921 0.437070772005245 1.6199707291089 0.397948135947809 1.77406400861219 0.319282286381349 1.26002759626135 0.383931419439614 1.40218945103697 0.411496841162443 1.60505260829814
374.028 1.00002615363337 0.370335175702348 1.54992287303321 0.402407232951373 1.60322043695487 0.404428585851565 1.08678816538304 0.447139327414334 1.00937503064051 0.306464627571404 1.48861680342816 0.495949018932879 1.60351725178771 0.403865711763501 1.13027755310759 0.426835205964744 1.21467405254953 0.457847477076575 1.79498767410405 0.36366712609306 1.26510818116367 0.394072026945651 1.90707270475104
385.294 1.11080147675239 0.469874594733119 1.86635183193721 0.320292951352894 1.30801804433577 0.460884881066158 1.2328876007814 0.357671451894566 1.87971753324382 0.368745344411582 1.90558249782771 0.458085997402668 1.94016264961101 0.374968851311132 1.47866394277662
391.588 1.4704969022423 0.324906374746934 1.78075044602156 0.497328439261764 1.64578929799609 0.334137613000348 1.57645330275409 0.342709729401395 1.52693815925159 0.379390794504434 1.94389427360147 0.356809446774423 1.16020766668953 0.407180405221879 1.82173961447552 0.361478707613423 1.86974427406676 0.495599745819345 1.74561496591195 0.387107104668394 1.12491311202757 0.417660994641483 1.94817416300066 0.394360265228897 1.19599048607051 0.483052552398294 1.07377015566453 0.376937886606902 1.25501355528831 0.38582876897417 1.17427729512565
526.669 1.8091372679919 0.465895984508097 1.53570392960683 0.481863960949704 1.23795437952504 0.427867106022313 1.21926998300478 0.46090385755524 1.73118687281385 0.442175225168467 1.87095405790024 0.468245211383328 1.05367969814688 0.453974363300949 1.90976702445187
576.375 1.02627095091157 0.492362245311961 1.00117044616491 0.324261413235217 1.82044860697351 0.331518406653777 1.60701788566075 0.336367678502575 1.83060163375922 0.352389811119065 1.56361099542119 0.348174592712894 1.41985145793296
598.073 1.48853526706807 0.479519940866157 1.53279821015894 0.4008908810094 1.51947960001417 0.391620390163735 1.24124225857668 0.349438258679584 1.3120242531877 0.412534061027691 1.41414653533138 0.407255983771756 1.42539648129605 0.45290492605418 1.16567481635138 0.31426750025712 1.17880366719328 0.48848243849352 1.68115707137622
611.77 1.50140631454997 0.373156785685569 1.00872518774122 0.486723161814734 1.90505257574841 0.461368859419599 1.46088652662002 0.410409280145541 1.55600565066561 0.43754319883883 1.09471121267416 0.473880695970729 1.77276627579704 0.393117971625179 1.90936215547845 0.38227441990748 1.61794895422645 0.392717624874786 1.29873165371828
625.083 1.98882833495736 0.315662158839405 1.25006864429452 0.431682287668809 1.24628003616817 0.445354070747271 1.5048521743156 0.342417512508109 1.94067218597047 0.336181012634188 1.66298255207948 0.31625582347624 1.55170192057267 0.320768983056769 1.17346393247135 0.370234227459878 1.93588606454432
713.949 1.44266496505588 0.308124176831916 1.96903793024831 0.329391532903537 1.54996942542493 0.480731493793428 1.66171724442393 0.387472164351493 1.11513742664829 0.340540374116972 1.68386425031349 0.318851080955938 1.38702988158911 0.462600695947185 1.65570568013936 0.312017992278561 1.3842014207039
737.034 1.82581529789604 0.360411726916209 1.82867161789909 0.329664161847904 1.8150349308271 0.386105659091845 1.87677016621456 0.432855846174061 1.69938081549481 0.386235142312944 1.00169214420021 0.434152028895915 1.03611613879912 0.400032300595194 1.35666661802679 0.378289960091934 1.37043141946197
760.122 1.09302861476317 0.315959274582565 1.33589619165286 0.42239908282645 1.17219564178959 0.494976209057495 1.0783163078595 0.375504980934784 1.89414102956653 0.427708028117195 1.90988632268272 0.383306356519461 1.28090555407107 0.328517839498818 1.04790693498217 0.363378059957176 1.46814896469004 0.400929433293641 1.18167930562049
783.311 1.38563651265576 0.475844683125615 1.08727458445355 0.425130817107856 1.92987885815091 0.475884069036692 1.16146046784706 0.381884800177067 1.36515512573533 0.436593035655096 1.34926861012354 0.466884454432875 1.84709579194896 0.314173418050632 1.62367034750059 0.342257932433858 1.29168174369261 0.441395652061328 1.96677736565471
807.939 1.17619848181494 0.392348209489137 1.66221453784965 0.450753460312262 1.57432835293002 0.308818463701755 1.39173813490197 0.396489173732698 1.59616557951085 0.433819161076099 1.36324052815326 0.428520060796291 1.95069104619324 0.478286422835663 1.89126879349351 0.417335085384548 1.86672082543373 0.33124337606132 1.69369094609283 0.457900230074301 1.04608714743517 0.359697037329897 1.12522478378378
848.096 1.5078146897722 0.49523842013441 1.20855459803715 0.327694465266541 1.98538007447496 0.398268037755042 1.42319594579749 0.357873249007389 1.18220785749145 0.424664344079792 1.50364205241203 0.484307107981294 1.91386178974062 0.335274497186765 1.01803847681731 0.481814175192267 1.81296461285092 0.364063050597906 1.01173180877231 0.428016273584217 1.14579431386665 0.317329825973138 1.7346572978422 0.474822732340544 1.5447589638643 0.361799886543304 1.77449305308983 0.491060780081898 1.68609035410918
872.273 1.95667928317562 0.395377521542832 1.99652566527948 0.476449043722823 1.54136346466839 0.468033844744787 1.29198713088408 0.350542911654338 1.51923454971984 0.342195196310058 1.95490166102536
908.513 1.9122751778923 0.357458866992965 1.90320935915224 0.476499654445797 1.86670224484988 0.469588505942374 1.7137491942849 0.355701644252986 1.25543475686572 0.499447768833488 1.86726969759911 0.326315491879359 1.47512575914152 0.498362664040178 1.26566723943688 0.461484183557332 1.6951856284868
917.918 1.64085878315382 0.36760252234526 1.6794423838146 0.455685015115887 1.3766109959688 0.340010090731084 1.03171143191867 0.398565340600908 1.87939793244004 0.338256175490096 1.87546360678971 0.478991223778576 1.26158252102323 0.30993065116927 1.08462055283599 0.415674481540918 1.11539773084223 0.329360560327768 1.10518611944281 0.328056745510548 1.06899486202747 0.353710464295 1.30306415469386 0.40106340427883 1.57821858976968 0.488563447725028 1.7335677521769 0.440394476382062 1.61304055596702 0.370896789617836 1.15576818329282 0.450117671210319 1.84439866058528
933.21 1.98281568940729 0.478833574056625 1.78017122461461 0.480217515304685 1.240637029754 0.468338216328993 1.28153718914837 0.474251917144284 1.75865785847418 0.355165594350547 1.46295927627943 0.445997161092237 1.12316855904646 0.402728250902146 1.15753258555196 0.421981204720214 1.56468872423284 0.496444020420313 1.78470049542375 0.356545565277338 1.80181580525823 0.330954072764143 1.11894306051545 0.358331504184753 1.32745194085874
935.55 1.33688656333834 0.385808348562568 1.39187194197439 0.499104807991534 1.03231687680818 0.466612827079371 1.95812684670091 0.341641835914925 1.17112638242543 0.47464812961407 1.41329458355904
942.497 1.31092941109091 0.38138590361923 1.69136671931483 0.411500145075843 1.25778707093559 0.48374878228642 1.29427167167887 0.329139219690114 1.4121141154319 0.415456838207319 1.69366360874847 0.42228774628602 1.24178906925954 0.373038150882348 1.97032127552666 0.427982962690294 1.13301542890258 0.383844791399315 1.91744552669115 0.304774080542847 1.66134328744374 0.455290823755786 1.15211358945817
966.731 1.69439814379439 0.463531343312934 1.62877057422884 0.379037414677441 1.46828219178133 0.355965128354728 1.58250634768046 0.323955125175416 1.30211532162502 0.383150462899357 1.47864333097823 0.323590228427201 1.81880872999318 0.314027651771903 1.67565685114823 0.415961870877072 1.70145136956125 0.414152942458168 1.41075702267699
986.782 1.25046926550567 0.324333773972467 1.69297873345204 0.362563962722197 1.30217736260965 0.418458632938564 1.45956599689089 0.312127347011119 1.80253552482463 0.308492616610602 1.98905457998626 0.41764566428028 1.74577287607826 0.362687984574586 1.75572299724445 0.319842717237771 1.8334154332988
997.111 1.78007289441302 0.382982902368531 1.30535734444857 0.48455501999706 1.03170216316357 0.393002577638254 1.26901317154989 0.408083199802786 1.03470705635846 0.457004915131256 1.28072098968551
1000.72 1.67561251716688 0.376982914237306 1.02218170044944 0.463888969086111 1.13810983253643 0.448530525621027 1.39150657155551 0.423874769499525 1.73470521345735 0.472724505513906 1.30552832130343 0.471612016297877 1.29732121038251 0.335816365946084 1.88427274348214 0.301271778345108 1.05096072587185 0.440451412787661 1.40267220488749 0.310906468005851 1.18296325835399 0.303625100664794 1.99697933066636
1013.7 1.52609101310372 0.389154760260135 1.8623896993231 0.484346406161785 1.70709789823741 0.390897404635325 1.02992733032443 0.336737660318613 1.99755609827116 0.444518555747345 1.82654450065456 0.439826945820823 1.29764052224346 0.485386998904869 1.98979875585064 0.418895940622315 1.82324442197569 0.371551958285272 1.32937152590603 0.378858852898702 1.31287904479541 0.408600224461406 1.93024319247343
1031.97 1.94529040460475 0.474018881702796 1.87941961013712 0.414146530302241 1.03351793275215 0.39035603501834 1.68682107725181 0.318802718771622 1.97123367735185 0.469704605359584 1.55098007479683 0.319601330114529 1.55810413439758 0.302836191281676 1.0833182008937 0.378778871148825 1.93922136235051 0.357316853944212 1.71283463854343 0.319975907029584 1.75204870221205 0.449423482595012 1.71860423521139 0.438730463897809 1.6828815289773
1086.43 1.65742053464055 0.476737402519211 1.17447633459233 0.466273139137775 1.95257850456983 0.478591509303078 1.06373969488777 0.349612481007352 1.80972096067853 0.40359727111645 1.04668532707728 0.345026877522469 1.69296500971541 0.39522968637757 1.78290714509785 0.485536138480529 1.99780915258452
1095.96 1.0007309874054 0.378479775367305 1.87805506424047 0.383913113456219 1.50344434729777 0.442595038935542 1.63600170426071 0.369381296075881 1.39568719035015 0.488816400524229 1.8993935440667 0.479041828075424 1.7795516490005 0.430378049705178 1.60714535810985 0.388347119279206 1.23538779723458 0.395906092692167 1.70406188885681 0.377888198383152 1.81264565186575 0.327405515266582 1.3819030772429 0.473752840328962 1.07577705127187 0.449232746707276 1.9968721345067 0.368092062417418 1.40787721960805
1158.7 1.58018748904578 0.480292356712744 1.7674658887554 0.476137345144525 1.28011067095213 0.385296367341653 1.06732235243544 0.342184579884633 1.6016824292019 0.491896045161411 1.41620182944462 0.447369983466342 1.09029774158262 0.395382060855627 1.8265705939848 0.321416429104283 1.79680891544558
1173.85 1.51836821902543 0.479165576398373 1.32454337435775 0.307645754888654 1.62637066049501 0.341829798277468 1.15148617350496 0.327353088045493 1.18132075318135 0.411373045295477 1.98687826516107 0.444780662516132 1.85117361834273 0.386515472317114 1.81307351076975
1177.76 1.47215391998179 0.347549263900146 1.3142293873243 0.46674720835872 1.24968593451194 0.492317173629999 1.60363108408637 0.406571489525959 1.75059492653236 0.316487659094855 1.53645899402909 0.460055836429819 1.82519011385739 0.420550521695986 1.63409854657948 0.45602184436284 1.9393632337451 0.303499596007168 1.22652839054354
1188.38 1.42278429307044 0.483620656933635 1.36000542272814 0.439683876372874 1.07625829824246 0.342264731880277 1.1029642210342 0.33028866359964 1.73417421849445 0.338163334783167 1.57057573157363 0.392286709276959 1.43544967519119 0.422457287879661 1.30488020321354 0.410645506065339 1.53445052774623
1189.57 1.97591226594523 0.483409430785105 1.33643725467846 0.468473396776244 1.1264522515703 0.472127458220348 1.28740361402743 0.344176130322739 1.28677353798412 0.439349766727537 1.93262295867316 0.311212941817939 1.84138798154891 0.466283267876133 1.90249790251255 0.33263813490048 1.56204787595198
1191.74 1.09116341476329 0.432845685258508 1.89175535622053 0.404018124751747 1.07318276935257 0.485287533095106 1.23298993729986 0.345291894441471 1.29995542229153 0.403933183476329 1.3028152375482 0.451679919240996 1.97646531136706 0.456997529743239 1.23914187727496 0.330239825788885 1.76243071467616 0.458053469285369 1.30146467359737 0.360133647033945 1.84491272829473
1258.95 1.83762309025042 0.444482301175594 1.16874221456237 0.383120950357988 1.44880319340155 0.319519256800413 1.83435594267212 0.460594740556553 1.71431865519844
1269.32 1.2609738081228 0.422613365622237 1.65578263415955 0.435479839844629 1.92977304081433 0.410495819430798 1.48522464022972 0.498315873928368 1.4506781657692 0.384362566191703 1.25216392846778
