# Using the following values to generate the workload:# num_procs = 50
# mean_io_bursts = 10
# mean_iat = 25
# min_CPU = 1
# max_CPU = 2
# min_IO = 0.3
# max_IO = 0.5
6.17731 1.6141102691181 0.363285427121446 1.39515406754799 0.309601356554776 1.28428066452034 0.359294902905822 1.72868840466253 0.46312231537886 1.22138999006711 0.351863003941253 1.62894386448897 0.315855573071167 1.85250418749638 0.499013598263264 1.67023227363825 0.473874136200175 1.92361791641451 0.445256771333516 1.93934632791206 0.419345953222364 1.74183219415136 0.311422938713804 1.00855510984547
17.2211 1.08039499330334 0.332880356349051 1.92478989553638 0.344706530915573 1.10695739812218 0.412819943390787 1.12589925993234 0.426992231188342 1.78187435306609 0.475577862560749 1.85959788179025 0.387223558686674 1.99078875011764 0.337074784981087 1.12889841780998 0.475979295279831 1.54818141227588 0.373796013463289 1.42357710353099 0.357707775989547 1.32092469208874
101.299 1.04821515269578 0.491399864293635 1.51616377127357 0.387894958490506 1.97102297330275 0.48438077820465 1.82655921322294 0.472928740084171 1.73849741602316 0.430475084576756 1.32954773143865 0.474913038685918 1.53691820870154
101.355 1.75368497218005 0.374846254987642 1.93380007147789 0.31309549510479 1.52441718010232 0.372038956684992 1.2623910009861 0.302693396061659 1.48307136935182 0.487012879317626 1.85777766723186 0.382317239418626 1.64344394137152 0.329461131291464 1.80967969726771 0.355488313781098 1.08864199486561
183.521 1.60160549380817 0.331855498393998 1.59505941253155 0.495255408575758 1.02346993214451 0.344910450745374 1.75104759423994 0.443452874897048 1.35371283162385 0.403725199168548 1.57559150923043 0.460571553371847 1.95436968514696 0.301552457502112 1.86150645976886
190.331 1.16970401047729 0.347150001488626 1.07599207083695 0.411239392217249 1.28618740616366 0.331346491957083 1.21014298195951 0.441086353221908 1.76688021956943 0.314079747116193 1.47949533257633 0.361994576407596 1.71670846594498 0.472101843496785 1.66529109864496 0.484582126932219 1.55723335151561 0.388968222169206 1.88788039516658 0.407075514039025 1.17419951315969 0.317915293527767 1.98983817896806 0.452860712446272 1.54166690469719 0.466763192322105 1.89285609126091
235.182 1.66740751359612 0.373282646713778 1.30308942077681 0.446255307784304 1.39822416403331 0.34730190304108 1.69631437887438 0.486658955132589 1.82587506435812 0.365813994174823 1.02040577540174 0.449151401221752 1.81569637544453 0.408078364562243 1.34278177516535 0.480333272740245 1.67906246962957 0.463404382066801 1.81009760010056
252.645 1.9252233908046 0.452861962700263 1.76179935201071 0.380093099270016 1.408661772497 0.375489741005003 1.99544884986244 0.313759656529874 1.70237932051532 0.465946753276512 1.35153382830322 0.4906209689565 1.00032292562537 0.471712698787451 1.42296748631634 0.325555543741211 1.30232773534954 0.457150315027684 1.06259097787552
290.238 1.45833918056451 0.464057172555476 1.94840831658803 0.3173332543578 1.52384626003914 0.416887780139223 1.20386948995292 0.438030551280826 1.84124179254286 0.45695953569375 1.5851692231372 0.459122333908454 1.55957731232047 0.408759516384453 1.40633716667071 0.317821302451193 1.00866325432435 0.485141647141427 1.33642965275794 0.369068644801155 1.07160671963356 0.351416687760502 1.04321211902425 0.460875927191228 1.44209044030868 0.346387722017243 1.84573307982646 0.331007562205195 1.00582548556849 0.317063476284966 1.71265718759969
301.182 1.75174244376831 0.408855415228754 1.34914662363008 0.46355934869498 1.89963450282812 0.456720295688137 1.17644138471223 0.485441614268348 1.02365668141283 0.469694454828277 1.13607373391278 0.327584967855364 1.20638427441008 0.368191152345389 1.11081639700569 0.456582793034613 1.39184401230887 0.310094752255827 1.26918194047175 0.339112244872376 1.64861762104556 0.346901392703876 1.7287523583509 0.39799008439295 1.57201782008633 0.408678532578051 1.53243081807159 0.331185238342732 1.17662273603491 0.330859601031989 1.56897838646546 0.436390553973615 1.41854566172697 0.472392821218818 1.45952240610495 0.395589065551758 1.44612129894085 0.458569264737889 1.52250896766782
364.806 1.84826650703326 0.449122895440087 1.42263055010699 0.414027087762952 1.72176303947344 0.447294043004513 1.49753292626701 0.31554388795048 1.57119561941363 0.308732443582267 1.19323343690485 0.398241622792557 1.30131845409051 0.401232782518491 1.34251501201652 0.369994654553011 1.28983397176489 0.375253783818334 1.75762758683413 0.372485148627311 1.15462030703202 0.345343715185299 1.95893020182848
420.621 1.46068240725435 0.422212656214833 1.35595968435518 0.419038335373625 1.48340482823551 0.392093888577074 1.83148154313676 0.312687142426148 1.98797560995445 0.40583276390098 1.77280728309415 0.327635014057159 1.92952217720449 0.341978136217222 1.95223527913913 0.363796992925927 1.18089275364764 0.326541952649131 1.56877914792858 0.409878186089918 1.06848855083808 0.393103723600507 1.75844894186594 0.362795854080468 1.02806317713112 0.421630590502173 1.46680209110491 0.428752674441785 1.25796979898587 0.449305904563516 1.01891397521831
425.843 1.49642462865449 0.468732634512708 1.40332459216006 0.312761570513248 1.15156666305847 0.419924838235602 1.41061093541794 0.492110875062645 1.0394685016945 0.392851333739236 1.40029703406617 0.499733354244381 1.87481599044986 0.361027017468587 1.02785254083574 0.356154668051749 1.42213591630571 0.446881722938269 1.86062462488189 0.413562748674303 1.08312080218457 0.35956127634272 1.50510659790598 0.372053701477125 1.99864020850509 0.320842306921259 1.75578462937847
440.019 1.28645907412283 0.356719708908349 1.47459118487313 0.495729826204479 1.12518425029702 0.409396926965565 1.65314431465231 0.441162798553705 1.66570549155585 0.448833029717207 1.92438117903657 0.437319778418168 1.31978111038916 0.300708930473775 1.23490791372024 0.380734053906053 1.24733965471387 0.329724638303742 1.95742486556992 0.439047242701054 1.83143813675269 0.325017757946625 1.9303264725022 0.320001284731552 1.79771833494306 0.416555372159928 1.21501983096823
453.848 1.28805662482046 0.301242251461372 1.98950133332983 0.342138423677534 1.55041869659908 0.423395464010537 1.41130040329881 0.351535053644329 1.91749947355129 0.380241772858426 1.71631423779763 0.351192400744185 1.4382050470449 0.375540208211169 1.98406993364915 0.338525449857116 1.44400275265798 0.300008608121425 1.9657020017039 0.497836537938565 1.0390197574161 0.492754849186167 1.79140910017304
480.729 1.32011733227409 0.444553517829627 1.64507713424973 0.421787461824715 1.42494134581648 0.470141152665019 1.5103545980528 0.43954766583629 1.53948009735905 0.461608291929588 1.0599468247965 0.357580237509683 1.02415404259227 0.311967254243791 1.3494348351378 0.324011241225526 1.77649343269877 0.343329330952838 1.95589317637496 0.397117845527828 1.64248534594662 0.459209108958021 1.73709311336279 0.421328850509599 1.13438358693384 0.310020569851622 1.26135163661093
488.475 1.92087340936996 0.325361389201134 1.58318606135435 0.375099713960662 1.09505040477961 0.373014514939859 1.10596013139002 0.441888454649597 1.24011328723282 0.422943062055856 1.26035596779548 0.300513352686539 1.05390451475978 0.365865982510149 1.98908128263429
500.441 1.91156067070551 0.326754090469331 1.76087977946736 0.431378692574799 1.76839534449391 0.397971389815211 1.53784729493782 0.344846492586657 1.40259363316 0.335194244468585 1.91971016279422 0.391989214671776 1.29279000801034 0.474414088809863 1.8187836362049 0.482144669024274 1.04643542994745 0.454625317780301 1.04717428004369 0.33852309579961 1.5051965881139 0.455851126741618 1.93945804913528 0.345882586576045 1.13744872622192
503.153 1.92223634105176 0.396751270303503 1.16206784476526 0.443298183567822 1.15441047609784 0.323909080401063 1.24072790658101 0.426279910001904 1.46312886662781 0.45262547316961 1.80991130508482 0.360733102960512 1.32270834525116 0.475811613211408 1.89350750297308 0.337935830326751 1.13504617055878 0.372800287464634 1.10925050056539 0.325787908490747 1.81434476701543
529.951 1.0458072447218 0.445856537669897 1.93284913967364 0.340245626261458 1.94078251114115 0.385676754033193 1.25246606906876 0.442634755978361 1.92635236447677 0.410046745836735 1.08194601209834 0.335857462417334 1.8942366654519 0.300785799324512 1.05150212883018 0.351253728754818 1.82298586610705 0.470670957956463 1.54442513524555 0.434531402587891 1.15251231309958 0.322820415673777 1.8158577864524
538.645 1.92968309717253 0.439269686071202 1.55711532291025 0.486998047074303 1.49664979334921 0.482733220141381 1.88839181186631 0.354271348007023 1.32750861276872 0.373256265418604 1.84883566643111 0.382343291863799 1.43257488892414 0.489234239142388 1.90595065662637 0.357322503719479 1.39515618537553 0.338109321659431 1.98278557625599 0.374206932168454 1.40457780309953
622.366 1.18891394021921 0.424002865422517 1.05761568341404 0.391684797592461 1.92225416679867 0.489602732425556 1.3518780535087 0.441780876880512 1.66448443569243 0.369504799693823 1.1020228061825 0.333267058245838 1.21804743353277 0.495988895231858 1.80395460338332 0.399901716411114 1.92815982503816 0.461467124056071 1.14622559095733 0.397308051446453 1.15869426634163 0.467653805250302 1.41147746937349
625.524 1.95860962988809 0.345931136701256 1.85126000759192 0.349091672990471 1.0715267371852 0.473035530559719 1.85828645457514 0.331966934120282 1.59325123764575 0.498748272005469 1.03250125912018 0.348554232111201 1.77128150849603 0.463854922214523 1.34710879041813 0.446435170155019 1.57600780529901 0.361052716011181 1.8224012022838
678.752 1.98271316452883 0.496429632417858 1.63471786887385 0.414395422954112 1.98522711358964 0.390228775469586 1.38421948766336 0.453079918865114 1.18818624480627 0.350835734140128 1.55553945759311 0.477876522392035 1.20439865370281 0.337346755387261 1.77551728789695 0.335087219625711 1.46368742291816 0.401638917997479 1.99588049156591 0.485017774999142 1.90151988365687 0.496705528814346 1.86507822759449
697.81 1.89376582577825 0.329774168506265 1.76147208246402 0.426018394622952 1.45258564245887 0.380808893218637 1.34875805163756 0.397865206701681 1.33190380572341 0.339561462029815 1.09700255701318 0.48368145073764 1.44730793940835 0.339758739620447 1.19814518117346 0.31941351047717 1.84694075444713 0.322136517707258 1.64805318275467
750.146 1.89237106218934 0.46921149501577 1.12270314875059 0.422016067197546 1.05901749548502 0.416540384246036 1.53212965140119 0.409887058567256 1.2660646927543 0.302076978469267 1.19807667424902 0.384858567919582 1.90377320768312 0.481346835847944 1.96996178920381 0.431543129775673 1.02902813442051 0.300792223215103 1.13913061073981
754.298 1.12179941055365 0.311500903684646 1.47355904895812 0.302839792193845 1.29101689718664 0.438032478140667 1.03956747776829 0.378974457411095 1.06964471191168 0.461151865217835 1.99725325708278 0.452351849013939 1.11805397924036 0.381534436205402 1.22982381284237 0.463513206271455 1.92556288233027 0.482316413987428 1.5560057957191
793.796 1.84511850820854 0.380567246582359 1.36639234004542 0.460026857350022 1.93837045505643 0.303311848035082 1.48862168844789 0.348573466902599 1.285527971806 0.302842486510053 1.43443478131667 0.388309950334951 1.18655400723219 0.308161108661443 1.86639024131 0.428020303277299 1.30261711333878 0.361008285777643 1.96032256726176 0.307851420575753 1.84016714291647
813.542 1.91108978656121 0.351478492841125 1.72363112471066 0.345122068747878 1.92513459175825 0.386869799951091 1.71357338083908 0.418349172500893 1.2791564874351 0.395128154475242 1.29412750806659 0.387193982629105 1.10749073652551 0.453430535690859 1.75348223373294 0.458948146831244 1.69759429944679
918.905 1.89399564336054 0.307817417150363 1.08705523121171 0.334833246050402 1.5077897447627 0.360389672685415 1.02397299441509 0.355058010760695 1.78612000797875 0.473474938748404 1.91829239577055 0.471506901364774 1.73854423966259 0.466359717724845 1.30161665403284 0.339493582816795 1.76256616343744 0.467188733257353 1.27323900302872 0.401347635220736 1.92280998569913 0.456357777165249 1.89883431489579
1018.01 1.37504121218808 0.375179000478238 1.78467373456806 0.341433412674814 1.29581809276715 0.430569414095953 1.08177377888933 0.313205156195909 1.22356860432774 0.321312260953709 1.26775452401489 0.369167908094823 1.94389669434167 0.397599360067397 1.27680680528283 0.353724510176107 1.86261021601968
1078.55 1.52297203452326 0.419621401047334 1.5322868572548 0.360320133762434 1.37248732754961 0.44648078433238 1.94776257476769 0.461675601778552 1.36113761388697
1083.27 1.76667266525328 0.335797089617699 1.97757908329368 0.455911256046966 1.33318562759086 0.381898893835023 1.57167532644235 0.311867313412949 1.90074562071823 0.331246194057167 1.06264837039635 0.416082072118297 1.04094606614672
1090.31 1.81417939416133 0.40794976153411 1.71760682808235 0.359730345150456 1.17065879306756 0.41565505117178 1.97679727803916 0.466426646895707 1.22356110997498 0.31540999612771 1.20751988771372 0.437626187177375 1.9646354445722 0.48285972578451 1.25369141390547 0.459901634510607 1.21270354068838
1098.15 1.16943468549289 0.306146850809455 1.31880840612575 0.418369306158274 1.67716673947871 0.304337157774717 1.43648501252756 0.404894357500598 1.83431576495059 0.325411433493718 1.02627427945845 0.428411456057802 1.11115317209624 0.439851540187374 1.25521984742954 0.481294723786414 1.75391254993156 0.385034208046272 1.86576503654942 0.439555132668465 1.81831285310909 0.480236207554117 1.39036145783029 0.439231975516304 1.81344831734896
1102.14 1.7218946267385 0.416597160231322 1.7361472544726 0.484851861512288 1.24868785659783 0.45297222379595 1.36473545595072 0.326017904700711 1.55438991403207 0.473665460990742 1.31011690502055 0.450790965184569 1.49485275521874 0.302239649696276 1.22918753023259 0.361325366748497 1.03792872629128 0.462656101305038 1.11547688161954 0.375143826240674 1.12129642092623
1174.49 1.6018982056994 0.305834035901353 1.42920818575658 0.434124504821375 1.69093205104582 0.470533358771354 1.18938391353004 0.48026397516951 1.60308631532826 0.433371175546199 1.7933091847226 0.350757609074935 1.70389263564721 0.419143839785829 1.4508010642603 0.308094673650339 1.62809679843485 0.450750201474875 1.57028672634624 0.440719656553119 1.64391577569768
1189.25 1.97602932644077 0.322935970127583 1.11992180719972 0.407086470909417 1.73194505739957 0.447012868523598 1.14677069406025 0.349027763679624 1.39877047622576 0.441098799509928 1.0152870065067 0.304427729966119 1.44149921671487 0.45348910507746 1.80748186563142 0.433559913933277 1.92496044794098
1191.52 1.84757385822013 0.497500266926363 1.02326108398847 0.369101779954508 1.78634223644622 0.448249760782346 1.97608546470292 0.461299176933244 1.18910857639275 0.311624812893569 1.87369186687283 0.45960511341691 1.92068977374583 0.464025416364893 1.72847928362899 0.375610984954983 1.4826623161789 0.456844177981839 1.72829602099955 0.379486425314099 1.0458344349172 0.386238347832114 1.55791537533514 0.353812305536121 1.44206858193502
1197.99 1.50782758230343 0.381830716971308 1.10385814053006 0.400728589156643 1.37542925099842 0.473446341464296 1.01044720411301 0.433240382233635 1.89733130438253 0.300124014029279 1.03643116680905 0.471741328574717 1.83927389001474 0.417558229714632 1.90568063501269 0.394564955960959 1.70916019659489 0.38931005904451 1.71965918480419 0.399914200603962 1.22549723018892 0.372911853110418 1.09861944522709 0.426384362019599 1.84902412840165 0.364959683641791 1.09666464407928 0.367306962236762 1.68576614442281
1201.48 1.33582336083055 0.388997830078006 1.97330944589339 0.476125444052741 1.16038543754257 0.385626719519496 1.5394907859154 0.366763360379264 1.69740138715133 0.36986485645175 1.48522165394388 0.456379496771842 1.865227550501 0.392882831115276 1.51699342997745 0.39262755010277 1.8071950909216 0.379666394926608 1.56306767673232 0.344408230157569 1.76378775248304 0.415351248532534 1.84952180227265 0.352238990459591 1.25813788617961 0.444632424600422 1.06697364524007 0.344221504637972 1.02531251916662 0.461612077755854 1.95442182105035 0.344387907953933 1.28040207177401 0.420477328263223 1.69058201787993
1202.95 1.28481075633317 0.302973681967705 1.86476624687202 0.332742344448343 1.66485394188203 0.475877824146301 1.28801460354589 0.339430185593665 1.8144983635284 0.49612081469968 1.39232118101791 0.409584293095395 1.00245569413528 0.462210760964081 1.64705977588892 0.492762396903709 1.73952193930745 0.459564292989671 1.03756803786382 0.308555954881012 1.06307180412114 0.385594581020996 1.29104206897318
1238.76 1.69491958478466 0.432888629799709 1.25675549637526 0.496550214895979 1.07348494627513 0.484873534739018 1.58564492454752 0.442268101219088 1.43781594792381 0.364700151281431 1.07645809394307 0.496604128414765 1.80392944905907 0.388934786431491 1.86247212346643 0.498240373283625 1.13695403258316 0.305143997538835 1.86872992594726 0.447966846171767 1.88417726336047 0.304959530709311 1.95996298547834 0.406642666924745 1.22535152640194 0.376751234615222 1.91549649368972 0.397379214968532 1.9645626351703 0.395821365201846 1.99874930386432 0.496780183026567 1.18473941646516
1258.98 1.51968106999993 0.424096150230616 1.79114766395651 0.34107383294031 1.44588456186466 0.417236188752577 1.72000470827334 0.469845883082598 1.19964941893704 0.336815096577629 1.98398553440347 0.470845490414649 1.84836786426604 0.356924289418384 1.89771142718382 0.32760053826496 1.42243731534109 0.409828091412783 1.25524371839128 0.400640471139923 1.37688085157424 0.357047206163406 1.73483873321675 0.466429524961859 1.4324877941981
1365.32 1.46821817569435 0.41265677572228 1.06684174388647 0.330254932213575 1.987427494023 0.372549469117075 1.21749660349451 0.30889753731899 1.40241735894233 0.31838905159384 1.75628422270529 0.466296869982034 1.67752418178134 0.436883609276265 1.35357710137032 0.446290156431496 1.27877066563815 0.428786183008924 1.61503686243668 0.437242999626324 1.33966059563681 0.379923637583852 1.39488321170211
1366.09 1.64262544456869 0.321818652143702 1.28154036193155 0.31830837270245 1.22106494405307 0.413944601081312 1.32832593587227 0.384865978825837 1.67739619803615 0.401697717001662 1.05869111698121 0.477641011355445 1.05141874402761 0.358237153524533 1.31021290132776 0.345100740296766 1.16811445192434 0.349776647565886 1.91407459555194 0.323247003788128 1.96442046295851 0.358375894045457 1.52591354143806 0.488321490585804 1.09674379485659 0.478233435656875 1.16744040884078
1413.82 1.31844062707387 0.475574914412573 1.21395687316544 0.452824978204444 1.74890955886804 0.444028320303187 1.11777474824339 0.358774108998477 1.84694503084756 0.471934633655474 1.90806450531818 0.352427385374904 1.30471308599226
1450.85 1.97349126287736 0.457356766564772 1.0876958956942 0.342536226660013 1.60015242011286 0.397518003778532 1.02571550756693 0.372549381293356 1.72457193094306 0.426191666070372 1.93491963227279 0.324641524860635 1.3540750965476 0.434988675964996 1.54869762249291 0.344938996853307 1.31813813280314
1535.09 1.44652429409325 0.30056340675801 1.28735792892985 0.45540342037566 1.03477929998189 0.367084556352347 1.66285570897162 0.343044320400804 1.01527425181121 0.36692103552632 1.48930760216899 0.384761474654079 1.0244803337846 0.461152601754293 1.1589668947272 0.373030823329464 1.34920321777463 0.463942104531452 1.72596784378402 0.422369252704084 1.78668476827443 0.453431162890047 1.60330672049895 0.389514704141766 1.9453380627092 0.45727163865231 1.307495391462 0.456807197444141 1.40723791555502
1538.13 1.40213912213221 0.438785632327199 1.08632203261368 0.361273637227714 1.82980297482572 0.347452119551599 1.91257121553645 0.475985381007195 1.61448663962074 0.47809552103281 1.29163932031952 0.434194977814332 1.28205699729733 0.325692696124315 1.21613691700622 0.401935736415908 1.20372472261079 0.375392777379602 1.23327453434467 0.42287595178932 1.24145934404805 0.328669413086027 1.12054385174997
