# Using the following values to generate the workload:# num_procs = 50
# mean_io_bursts = 10
# mean_iat = 25
# min_CPU = 1
# max_CPU = 2
# min_IO = 0.3
# max_IO = 0.5
12.9161 1.90642306488007 0.345752719417214 1.28259302605875 0.308057063957676 1.60410527558997 0.477127254614606 1.131931216456 0.364308180380613 1.89280040934682 0.498967973934486 1.84705711342394 0.495084958802909 1.28969297441654 0.407287780055776 1.48181349015795 0.344707233412191 1.73343163332902 0.449353320943192 1.35346620716155 0.435067847883329 1.38481264002621 0.431665382301435 1.39817437622696
52.6865 1.46760899480432 0.368886077031493 1.85933922836557 0.346558113209903 1.49899195157923 0.31186132482253 1.73467800230719 0.458530751382932 1.21571890637279 0.313545286050066 1.40531116724014 0.483047807822004 1.1869075964205 0.42204021573998 1.64740165718831
321.907 1.9431175312493 0.384630994591862 1.42098948266357 0.381787711149082 1.78212556778453 0.33793330588378 1.82771891844459 0.421667620819062 1.82277536392212 0.382701754523441 1.94831450027414 0.318460638774559 1.57243393128738 0.497468028916046 1.22613927652128 0.498542870674282 1.64368577627465 0.473756976705045 1.2946365037933 0.398106364905834 1.40674445219338 0.459386858111247 1.0267968159169 0.45371962687932 1.15797363477759
348.762 1.66858384385705 0.409435884840786 1.39046708890237 0.338907202100381 1.16816004691646 0.416783179016784 1.7545353481546 0.4372376606334 1.47837173310108 0.330373306153342 1.66097852215171 0.328534525260329 1.0449252743274 0.456343473820016 1.76499855378643 0.333594659203663 1.6274963428732 0.346245049452409 1.75876803812571 0.499260609271005 1.38797327806242 0.303568328451365 1.28983564814553 0.43556854352355 1.59456783719361
421.107 1.25540854851715 0.354276126483455 1.2287380725611 0.481052566412836 1.34530671546236 0.318325732788071 1.12211289559491 0.395190777210519 1.07026242068969 0.485737078823149 1.76920433086343 0.350695751560852 1.75329468259588 0.394912666408345 1.6186620220542
464.188 1.36249836301431 0.400281690713018 1.75959850754589 0.434955642325804 1.17098628240637 0.348173828469589 1.59348996938206 0.459549708198756 1.17998403217643 0.350754900462925 1.17891293321736 0.333375698607415 1.63224375550635 0.345438163960353 1.91712402878329 0.361585011333227 1.88690360775217
484.68 1.41897546104155 0.404273213911802 1.35353967105038 0.34497804325074 1.54344149422832 0.446262678364292 1.28389580384828 0.377736884867772 1.14623098541051 0.496328698657453 1.62847252143547 0.493525345250964 1.61774678248912 0.356042841682211 1.42897386453114 0.441021507419646 1.33800944918767 0.338156716385856 1.81550917751156 0.419399940036237 1.83832228672691
521.242 1.62284601619467 0.347939134808257 1.77807322330773 0.421059876680374 1.65163307427429 0.478057230357081 1.17119626980275 0.497418256290257 1.48956653242931 0.333878834638745 1.688957543578 0.418779593612999 1.46392808645032 0.433519077533856 1.63151938538067 0.308613537065685 1.77386505855247
539.301 1.4807883517351 0.334251952590421 1.89439009339549 0.342170907463878 1.01516346517019 0.427499169670045 1.86741732852533 0.318065639678389 1.19957325304858 0.491044473089278 1.52040152903646 0.418874532449991 1.79827125766315 0.487506576441228 1.38694725115784 0.426797396503389 1.75357668614015 0.461956589762121 1.44726818916388
558.869 1.08096500230022 0.476101980730891 1.47126496583223 0.472682909527794 1.05315912375227 0.45528853344731 1.61696699704044 0.385250792466104 1.0000204287935 0.45955943390727 1.02853723592125 0.442854289617389 1.43258040910587 0.491626165248454 1.08079521707259 0.488070878013968 1.04978261631913
565.82 1.22637627413496 0.326287588384002 1.87330641434528 0.330480382591486 1.42154458886944 0.362962123053148 1.95246932818554 0.332575759710744 1.97825177432969 0.451000458421186 1.15770466788672 0.343820433504879 1.28177977097221 0.369266639370471 1.78680384485051 0.484565141471103 1.75642656045966 0.414223231328651 1.21309149358422 0.463444845099002 1.95790543174371 0.347086149314418 1.40232262155041 0.382672490971163 1.17952093179338 0.404592767031863 1.08336688415147 0.498055512551218 1.11770078632981 0.318475681217387 1.46782682347111 0.313280939450487 1.98896371712908 0.400760141154751 1.64477867935784
602.734 1.7933438627515 0.371611976111308 1.99685670156032 0.455289705051109 1.19426173972897 0.359934478951618 1.22971500339918 0.303668011864647 1.8040310041979 0.405619291216135 1.58384899212979 0.435682456661016 1.69484679028392 0.337191788572818 1.17427746183239
687.201 1.81378752039745 0.347110536647961 1.40282400860451 0.404707576241344 1.40579571877606 0.486470256187022 1.38417707267217 0.452906957967207 1.129511855077 0.360662961518392 1.9196681745816 0.340232162550092 1.47357722371817 0.340878512524068 1.7375500202179 0.358902911515906 1.90081212110817 0.474785220157355 1.62188646220602
691.169 1.6345863994211 0.350538409920409 1.88254926609807 0.344626991590485 1.12130335601978 0.380434744991362 1.2986144006718 0.373224724968895 1.27740273554809 0.46911007957533 1.99856362771243 0.38820085991174 1.99917059927247 0.329364106990397 1.2423402199056 0.389503707876429 1.52802868140861 0.424807460326701 1.27320670266636 0.469632623391226 1.97080706642009 0.465811794716865 1.08165575773455
700.415 1.92664331151173 0.327404136722907 1.75046461587772 0.436262657493353 1.5298355971463 0.329967967933044 1.36263208696619 0.335414485493675 1.4429239097517 0.341639288049191 1.88689291873015 0.324915834469721 1.14800641592592 0.463508622488007 1.4665516607929
700.624 1.79948543477803 0.471412999834865 1.8867581167724 0.324332369724289 1.69653363502584 0.374415159085766 1.91581907891668 0.329664845392108 1.03585022641346 0.390504386927932 1.64044418069534
704.874 1.81596188154072 0.358756806934252 1.49635381344706 0.375565499160439 1.49659979040734 0.453459615539759 1.58098604250699 0.484957645274699 1.77113905269653 0.32789914556779 1.55816130456515 0.41534593552351 1.75260765082203 0.408623550692573 1.74046157696284
709.048 1.03635756717995 0.419427821226418 1.87440312746912 0.359867615113035 1.43256075889803 0.34740723813884 1.20424688630737 0.453446259954944 1.57630589511245 0.404578163614497 1.45493235276081 0.410695493128151 1.02465573255904 0.32176377507858 1.89815581473522 0.383334690798074 1.37223363667727 0.430351903801784 1.43351129372604 0.408802611241117 1.05514434026554 0.460251903021708 1.18899572943337 0.365304496744648 1.69001691299491
713.938 1.75486188894138 0.300271486444399 1.22942785476334 0.443026962131262 1.10197304817848 0.357724861893803 1.1204669480212 0.417300866916776 1.43281624140218 0.449368270067498 1.82065696991049 0.376045925123617 1.01509281457402 0.468798978999257 1.80774600757286 0.447117036068812 1.50366017455235 0.431336194789037 1.26477842032909
728.2 1.41207075957209 0.344143049838021 1.84948241733946 0.401400272641331 1.33316076453775 0.384092359244823 1.62200420768932 0.347533251764253 1.80952107463963 0.423246408440173 1.85701873991638 0.30263335769996 1.34365181298926 0.320557401236147 1.99124021222815 0.381312753073871 1.96101690200157 0.371704461425543 1.64307126193307 0.466420102445409 1.61140906531364 0.453779864078388 1.70929228584282 0.382579200156033 1.41593405976892 0.369962651096284 1.34240286774002
750.85 1.43688142835163 0.429406992951408 1.16669240943156 0.38693022551015 1.16200627968647 0.3761999737937 1.8071920319926 0.335573432734236 1.9815850390587 0.379204246262088 1.97443762375042 0.429402929451317 1.66424239776097 0.440674239909276 1.00547497929074 0.310955109447241 1.46100611775182 0.460508548514918 1.35361475148238 0.463882339186966 1.83162793121301 0.467814615182579 1.19948260649107 0.345137111376971 1.49998418963514
753.877 1.43817791342735 0.486375023331493 1.72284090518951 0.476619491679594 1.19643384893425 0.344305577781051 1.91195105970837 0.402321211574599 1.80171761475503 0.479481495171785 1.6312530762516 0.336226869281381 1.64285269682296 0.394867016049102 1.03511420148425 0.432682531652972 1.92398981354199 0.367309623258188 1.65443479106762 0.397994990926236 1.0085710901767 0.36588896359317 1.03758558141999 0.388631480559707 1.76009188359603 0.356116009270772 1.19346324307844 0.376908276369795 1.0867709077429 0.40940980091691 1.29268675134517
806.383 1.37014773860574 0.343498382857069 1.13376182131469 0.377699315408245 1.85345806018449 0.442522953869775 1.40060806274414 0.345037797652185 1.30079260398634 0.481070643709972 1.42720679100603 0.335340265743434 1.92767557105981 0.399691675184295 1.93916092137806 0.36181334219873 1.95576121495105 0.346945856558159 1.84348037838936 0.327142644394189 1.69305402133614
807.117 1.75931469304487 0.338341522356495 1.87464543175884 0.383397506270558 1.7038122152444 0.440892252791673 1.01582617149688 0.417424157401547 1.57312995544635 0.437344068940729 1.40652678487822 0.393365823896602 1.49561294354498 0.349670346034691 1.66331298858859 0.433953984640539 1.71117503242567 0.483957178192213 1.52030094177462 0.313432503864169 1.69726038863882 0.390948234684765 1.33927325927652 0.419866330688819 1.48033130844124
809.969 1.12061407533474 0.391227038903162 1.49291282566264 0.45622802558355 1.3872989367228 0.482464017858729 1.6157063182909 0.4392004692927 1.29724473343231 0.444468904379755 1.68740171613172 0.397595428489149 1.08298865077086 0.456845464976504 1.9137701485306 0.328699953388423 1.04861927591264
816.595 1.11737847398035 0.427781663183123 1.23383240681142 0.483626426290721 1.27160133002326 0.498269497742876 1.60279439017177 0.467107528401539 1.39156120317057 0.422173305833712 1.96412709075958 0.453611116344109 1.22738265246153 0.432464353740215 1.31653807079419 0.347216041805223 1.14307344937697
834.861 1.45843568490818 0.404305590270087 1.51264405995607 0.309683270705864 1.42232767725363 0.424553875392303 1.99064735556021 0.482675823103636 1.22614588425495 0.400907249981537 1.23904345021583 0.330042294086888 1.77131283003837 0.403628480760381 1.11252629873343 0.434619889035821 1.57125836168416 0.45926846889779 1.98107361001894
860.156 1.22229352383874 0.417660578386858 1.30997094861232 0.33393362625502 1.02454978437163 0.336870499700308 1.80280637624674 0.465470040868968 1.96870519197546 0.449725987529382 1.60898957401514 0.475446744263172 1.14212090219371 0.476143205957487 1.58880039816722 0.441912877187133 1.27159517025575 0.434619178948924 1.12123435549438 0.340207211021334 1.20857471693307 0.430647545587271 1.39156679739244
865.696 1.50964050996117 0.394266335945576 1.2729314325843 0.313475827965885 1.3002714687027 0.366686127334833 1.61918958555907 0.328951383242384 1.18879287829623 0.463943615276366 1.09428644599393 0.426235200278461 1.26144345058128 0.46063119196333 1.01935051684268 0.343571043852717 1.92796349525452 0.333364381268621 1.73624499305151 0.441268406622112 1.51327514811419 0.325956575805321 1.07720544515178 0.383551749447361 1.20072059612721
883.035 1.73026773985475 0.393025320256129 1.50183824333362 0.443945515993983 1.62147541623563 0.410575882624835 1.54876127070747 0.398053646227345 1.26368411094882 0.419861371302977 1.0472318471875 0.315996365901083 1.55989368236624
893.549 1.19705041497946 0.486698371358216 1.47585348691791 0.47414525593631 1.05022057774477 0.30585177578032 1.44035410974175 0.423243660386652 1.85956612601876 0.392698068730533 1.59898340166546 0.416229669516906 1.26135497703217 0.328385676955804 1.46943014068529 0.325170283718035 1.36038933321834 0.475969326682389 1.71626934967935
912.109 1.20056373556145 0.31461761421524 1.44406154099852 0.410479436768219 1.01377455913462 0.427752369083464 1.03290088917129 0.40862808697857 1.44058456341736 0.440144619345665 1.42128000338562 0.431537916790694 1.34108753362671 0.417888284334913 1.55501635069959 0.423636241769418 1.57099620765075 0.378582046832889 1.67171217314899 0.438984945509583 1.59552837861702
1005.23 1.72813588171266 0.342718921229243 1.60585860419087 0.403043863223866 1.59211538266391 0.377804670622572 1.10239902161993 0.49295799434185 1.64039436774328 0.306110396469012 1.72978185117245 0.350291306059808 1.25638900976628 0.400573348673061 1.71875006845221 0.368328776070848 1.04060197155923
1099.38 1.69294232130051 0.300467434665188 1.90760807390325 0.344535609567538 1.54959547636099 0.319670023117214 1.01548291672952 0.42201187829487 1.54067823570222 0.427599589992315 1.86483342386782 0.420091765979305 1.31919417460449 0.357486003777012 1.10039663827047 0.312249231198803 1.05076205986552
1118.61 1.83550788974389 0.467119407746941 1.30583751364611 0.381201423145831 1.0761030970607 0.455963496956974 1.31576995295472 0.355498342262581 1.52477677748539 0.463261923519894 1.88474488072097 0.465785920992494 1.8631196198985 0.349860886810347 1.68519583949819 0.338574955658987 1.22177617740817 0.484593078913167 1.48046051175334 0.347570602130145 1.36601648456417 0.404058281797916 1.56907995883375 0.354519203864038 1.16719902935438 0.363262720452622 1.98038953356445 0.36500186054036 1.80614281166345
1131.89 1.89805809804238 0.34610341778025 1.95473731821403 0.337902384251356 1.56702148308977 0.327248688461259 1.39418021519668 0.320695936447009 1.7317910308484 0.376012212922797 1.68576803663746 0.496392910182476 1.25168112525716 0.426734916865826 1.01005892525427 0.303430651361123 1.98760689189658 0.371628593979403 1.89933355059475 0.47646717778407 1.4528825993184 0.434862853353843 1.54179553873837 0.36764477849938 1.23079485772178
1168.21 1.13101550401188 0.352879685442895 1.47830041730776 0.324909588973969 1.79023949545808 0.340441246703267 1.09615232539363 0.499499610532075 1.86922382726334 0.431914446456358 1.44965308252722 0.387340486841276 1.04565221187659 0.438384422240779 1.66330448840745 0.433463775273412 1.37306227535009 0.494830189319327 1.68617790448479 0.451483485475183 1.93255126359873 0.433279727725312 1.87755186879076 0.303177352249622 1.95583538757637
1200.02 1.01652876916341 0.464109466550872 1.72345862770453 0.435503885056823 1.13519670371898 0.364220591029152 1.28392595029436 0.453821906168014 1.13997211446986 0.339532758202404 1.21605082065798 0.498189229238778 1.9555781816598 0.303187054302543 1.87714348710142 0.420631970930845 1.28060876904055 0.427833528537303 1.0101235632319
1213.61 1.12306163506582 0.42346024857834 1.62670100480318 0.372076786588877 1.51949069811963 0.386561536137015 1.89387669996358 0.352281025517732 1.68768816348165 0.302956375898793 1.20817968947813 0.453819478675723 1.70221110200509 0.372292007645592 1.52463192003779 0.359089270187542 1.62502253195271 0.347001198586076 1.89414442866109 0.46098391097039 1.73706642864272 0.491907053859904 1.65686162374914 0.378239576006308 1.94613373605534 0.443942608591169 1.75041160150431 0.339864798402414 1.43290724838153
1228.42 1.77232991019264 0.382866307720542 1.59783522901125 0.358015404222533 1.44546966301277 0.346622737450525 1.75668760878034 0.330078534223139 1.61125160055235 0.317013942403719 1.0956716821529 0.475455573154613 1.69985682307743 0.394890670059249 1.94974261592142 0.45734035554342 1.34929227619432 0.428058499610051 1.03012354718521 0.483801155630499 1.64248977019452 0.450708582717925 1.76218521571718 0.414854040928185 1.93546881224029 0.439122931240126 1.10622535273433 0.390330480178818 1.50698795542121
1247.03 1.21226024348289 0.304744312493131 1.96541279088706 0.478049945784733 1.3327441860456 0.42369821080938 1.55542383738793 0.335094210412353 1.88726409617811 0.301569256978109 1.40294072800316 0.323465854441747 1.78765796148218 0.314355100318789 1.85779906110838 0.32568427240476 1.02415149705485 0.31606684057042 1.55607242812403 0.467318859416991 1.38498894846998 0.452694143401459 1.66919044521637 0.317641097353771 1.89157595974393
1247.36 1.53208714979701 0.410761308576912 1.27467968338169 0.352299269381911 1.29237422603182 0.461199104692787 1.13124057860114 0.426193420076743 1.06941747525707 0.440813810145482 1.18121681455523
1260.68 1.08470896095969 0.378716321103275 1.80812839744613 0.308841683669016 1.31385939568281 0.491959272883832 1.73137039574794 0.478818027395755 1.84072463470511 0.354729515407234 1.61959315743297 0.432995582232252 1.84319430589676 0.45571263898164 1.34670284297317 0.472875906014815 1.68053199676797 0.407999782264233 1.44491084222682 0.317225415166467 1.04493707348593 0.441535333776847 1.90631980332546 0.435364782065153 1.57750399596989
1263.15 1.16069432720542 0.3527683227323 1.16169025562704 0.300471227290109 1.12179423170164 0.305860078381374 1.38520928495564 0.486094192834571 1.19938517967239 0.403055215626955 1.21728217485361 0.447202821820974 1.05627640732564 0.451543617062271 1.99688050942495 0.327166728395969 1.0407907855697 0.331907272757962 1.44074163073674
1271.44 1.69446180434898 0.448601365834475 1.56022620084696 0.383437728323042 1.15205822163261 0.48043588581495 1.26722925063223 0.446250889496878 1.78437269618735 0.451534850522876 1.88784127193503 0.339099347312003 1.91978427930735 0.450295039685443 1.73568013845943 0.387252834718674 1.83054737420753 0.30700895152986 1.12587035237812
1284.85 1.45921734464355 0.475268777972087 1.29707517195493 0.400226793671027 1.42482866789214 0.348397688055411 1.43620461109094 0.379217160912231 1.05100026167929 0.42404108485207 1.81666868482716 0.464436331950128 1.41394137614407 0.333967263577506 1.80577606521547 0.408377736480907 1.09074614942074 0.313745912956074 1.72844077413902 0.435890198638663 1.46093570371158 0.407486844295636 1.962698913645 0.465974682662636 1.31279449211434
1289.4 1.85360796959139 0.361563559900969 1.64560549217276 0.459301346773282 1.56122321193106 0.434935114020482 1.48892986262217 0.390535185625777 1.92086255410686 0.330480604153126 1.28688225382939 0.497547647310421 1.86451900633983 0.488244537450373 1.99885011441074 0.478854474052787 1.84723427495919 0.409314484382048 1.35056801326573 0.409145130729303 1.094075150555
1300.44 1.96378676802851 0.311657791677862 1.30906275915913 0.453516547335312 1.19465753855184 0.475699163135141 1.29675848898478 0.472134417155758 1.99502414581366 0.321819315245375 1.44826763682067 0.305331232212484 1.54748927126639 0.335467055998743 1.54455419559963 0.332325678691268 1.85562352859415 0.399535654764622 1.35625242022797 0.348181502008811 1.03419403824955 0.395161127764732 1.60514217289165 0.39076041188091 1.17392542189918
1328.92 1.34767224406824 0.484230371005833 1.71791423251852 0.442431036895141 1.98762499191798 0.388030456798151 1.00968379783444 0.463046142086387 1.57789670466445 0.383719281246886 1.62777066556737 0.404209343064576 1.59930665721186 0.491088361572474 1.60790156410076 0.423189209913835 1.65090320724994 0.445930038392544 1.68881001044065 0.495535224676132 1.65469212085009 0.483360357070342 1.22825091425329
1500.67 1.24747539870441 0.332909378409386 1.75829795864411 0.313456860743463 1.9671065795701 0.456337180640548 1.40935864229687 0.396252715587616 1.20739812869579 0.33585160872899 1.41468045162037 0.433221396058798 1.11249585775658
