# Using the following values to generate the workload:# num_procs = 50
# mean_io_bursts = 10
# mean_iat = 25
# min_CPU = 1
# max_CPU = 2
# min_IO = 0.3
# max_IO = 0.5
18.7319 1.58131276117638 0.369323044689372 1.67338679754175 0.314811483956873 1.30077052069828 0.425915986625478 1.12494498235174 0.499031640030444 1.41291062766686 0.377801028918475 1.99688198859803 0.449132270785049 1.4026706321165 0.354590674769133 1.10955339483917
24.5022 1.19363138102926 0.31895136856474 1.21326059941202 0.405136850522831 1.01031480659731 0.420428509963676 1.30317937140353 0.484009259287268 1.79635733598843 0.345864826114848 1.64909003302455 0.428294515796006 1.91689544683322 0.37427753964439 1.13791044638492 0.454996635671705 1.94404668919742 0.486937803402543 1.57917905901559 0.403627478936687 1.98446083487943 0.44768038969487 1.88487076712772
89.7603 1.98049146053381 0.384712980641052 1.32384338602424 0.400687429960817 1.42868023156188 0.414057835470885 1.66812453954481 0.42489644815214 1.56875464436598 0.468283566040918 1.63431652751751 0.37227175552398 1.55635370570235 0.336398500995711 1.42146543087438 0.390171865513548 1.56982901063748 0.338913268176839 1.9313816789072 0.373304483108223 1.99213673081249 0.382814425276592 1.13538298173808 0.462554556364194 1.30224880110472 0.411090474249795 1.02336680446751
107.708 1.94036890426651 0.365032699750736 1.87454624986276 0.460338830435649 1.45180870383047 0.30886781103909 1.6209777710028 0.414346759906039 1.3406739521306 0.360057549597695 1.19217179552652 0.416886087087914 1.480870480882 0.394084848184139 1.95570865646005
122.742 1.1616069956217 0.319242066610605 1.9513369530905 0.409685718035325 1.51176192308776 0.338059475459158 1.25694173341617 0.407747820671648 1.02858778694645 0.443564578471705 1.7107046735473 0.421730008954182 1.94014935218729
126.963 1.13069476443343 0.449662843067199 1.78494053264149 0.373796247923747 1.18723966833204 0.490300908964127 1.18573709926568 0.434654269414023 1.75823302287608 0.425332652032375 1.01127801230177 0.345829277578741 1.29792674002238 0.309433138510212 1.57437533722259 0.397769017377868 1.89047157228924 0.350298996875063 1.29535125964321 0.480627891235054 1.36091503477655 0.302194429328665 1.9455424209591
128.341 1.69564843294211 0.386277886945754 1.83745867898688 0.433355979714543 1.27528322627768 0.354611259931698 1.98214228847064 0.476844015298411 1.94923864072189 0.447231105575338 1.78151047881693 0.410616289870814 1.49805718148127 0.346425028610975 1.68714298168197 0.324047808628529 1.0114262944553 0.41349484953098 1.8157181921415
246.059 1.67159028304741 0.328245060518384 1.05394323565997 0.461494646919891 1.42186891799793 0.354991746228188 1.4481408377178 0.436767150089145 1.68996211420745 0.30002256128937 1.74767510523088 0.492725927755237 1.14598398748785 0.418994347425178 1.56787120830268 0.411631373083219 1.37971405615099
294.399 1.45141842332669 0.466491732839495 1.80088510503992 0.354147715866566 1.26018451945856 0.327271262742579 1.65728965145536 0.342882261006162 1.81862922222354 0.479768091719598 1.03849469241686 0.336650045448914 1.65144891501404 0.407525691250339 1.48887750320137 0.314059956371784 1.39910392602906
307.596 1.89525612676516 0.394558125082403 1.36250562570058 0.464983781659976 1.10632330435328 0.422882080310956 1.87952293548733 0.423399439500645 1.55648529832251 0.330873782234266 1.86055423761718 0.361897660465911 1.52155066747218 0.406822290364653 1.96389525663108 0.486877645691857 1.92389691760764
331.379 1.72479934431612 0.33532617771998 1.11368654947728 0.351088748918846 1.33892460586503 0.373075354285538 1.99517794512212 0.367565966909751 1.59626133716665 0.347799702035263 1.72020141244866 0.452477738354355 1.98704636096954 0.494975763279945 1.94674898684025 0.454647139692679 1.17647107318044 0.441124857403338 1.07734516821802 0.399308877624571 1.43987495428883
339.325 1.02209609886631 0.411645095609128 1.90855384175666 0.361817554803565 1.24983457755297 0.409291610633954 1.79743001540191 0.47449341379106 1.41334453853779 0.30619627344422 1.16237844503485 0.400439626909792 1.72232010378502 0.457968323864043 1.79334373096935 0.325327632669359 1.70637535303831 0.358111570682377 1.05132541060448
365.794 1.7723932354711 0.389894435089082 1.49932191963308 0.382997781876475 1.16537980292924 0.496039974456653 1.76055008172989 0.31983167422004 1.93515607342124 0.387079131463543 1.37314357841387 0.439125757478178 1.56554406415671 0.319026111112908 1.79289076779969 0.363836977304891 1.97461853479035 0.407443543476984 1.25958286644891 0.443407957442105 1.1519160757307 0.334657149808481 1.53532874654047 0.302137238672003 1.36049028695561 0.390253026084974 1.47483304375783 0.388704100903124 1.56189382262528 0.49345099683851 1.22202206007205 0.352071291673928 1.68733207555488 0.40519465059042 1.0245354862418
405.087 1.65102735208347 0.35631192503497 1.22087306878529 0.31420004600659 1.52168711507693 0.463862123014405 1.53173352801241 0.441287327092141 1.29603352607228 0.399657810619101 1.66679968312383 0.364380969060585 1.78448762674816 0.427867837622762 1.24375970452093 0.332140995748341 1.47753165988252 0.396237603388727 1.20247247163206
438.867 1.66130656562746 0.30321801607497 1.28946326253936 0.462544693099335 1.22618955862708 0.476990317925811 1.06201458279975 0.432925323816016 1.3449192000553 0.428295478224754 1.25515350769274 0.3154276734218 1.78213679930195 0.359017415950075 1.89410596829839 0.418710570922121 1.05242771352641 0.450120084453374 1.55999366613105 0.345095164282247 1.67159735201858 0.460441974317655 1.49396020919085
465.358 1.26062450977042 0.340062289545313 1.88462387095205 0.409710871195421 1.85228456137702 0.46642350088805 1.19373575039208 0.458967774221674 1.92715709167533 0.385667640762404 1.26244718092494 0.438518926175311 1.9583694615867 0.359573579858989 1.75965736247599 0.428953710151836 1.19276175275445 0.392163241142407 1.69851012574509 0.412478796485811 1.80981196719222 0.391917904699221 1.04808529163711 0.498671025270596 1.07787480554543 0.485672067478299 1.39167890883982
477.807 1.7401183610782 0.332691030483693 1.12904995796271 0.398055606428534 1.36936341412365 0.4695021210704 1.54902570648119 0.336544920504093 1.93063306738622 0.396216843975708 1.24152222857811 0.401139574451372 1.46973518352024 0.319557712646201 1.41166124190204 0.327871525846422 1.06802791589871 0.315839552599937 1.78631753893569 0.495118444086984 1.27388267312199 0.448708917479962 1.89207679056562 0.396827816870064 1.64183898339979 0.432226727157831 1.82105107745156
546.735 1.0068828817457 0.463838060107082 1.96187290246598 0.324723272817209 1.03391333785839 0.449197195656598 1.70930353133008 0.363041764730588 1.15549198607914 0.496816274384037 1.58103123260662 0.456309806508943 1.16078223334625 0.34768751184456 1.67205911851488 0.313979603070766 1.93638887861744 0.455986205395311 1.87071797810495 0.477678373968229 1.82565184519626 0.373999857110903 1.91655040229671
554.872 1.79379808390513 0.375849226070568 1.54678427940235 0.472701736632735 1.87434881855734 0.307739351410419 1.99043641169555 0.42956372750923 1.99271085835062 0.401452436996624 1.5927258930169 0.498664122773334 1.28379506035708 0.495494767930359 1.21885753655806 0.400899870041758 1.44017000845633 0.485396692249924 1.50864907167852 0.437579331779853 1.84759213239886
617.629 1.45516434474848 0.393822373636067 1.38407164509408 0.305417896807194 1.44234268018045 0.332727913791314 1.4242113570217 0.432516518794 1.86852640798315 0.354169751377776 1.31654392229393 0.471378438314423 1.974670950789 0.445753269549459 1.47357656201348 0.450834468472749 1.19073482579552 0.408413882786408 1.67453298391774 0.30599821540527 1.87962261773646 0.414125179266557 1.25078399293125
628.326 1.64070212910883 0.433906146837398 1.73630523239262 0.477930313814431 1.69409710238688 0.379754982655868 1.19484627316706 0.490628657629713 1.1979405048769 0.464388311747462 1.5565560082905 0.419470636127517 1.86326057114638 0.344978541089222 1.04745944985189 0.490467378031462 1.58129136147909 0.431030240049586 1.59683414455503 0.354875199776143 1.78931695176288
638.2 1.1990017532371 0.41720385896042 1.93607511650771 0.308801427297294 1.40444083861075 0.385078336857259 1.66932242433541 0.443668816890568 1.65940717956983 0.303180278884247 1.50820990651846 0.470301497029141 1.33016711217351 0.367194271413609 1.69692968740128 0.305993774859235 1.02286526933312 0.362091549159959 1.361413073726 0.369609559187666 1.05316574708559
647.842 1.07087473431602 0.474993168888614 1.08298913040198 0.492918330430984 1.17503657820635 0.439974774327129 1.38341092015617 0.402556839585304 1.59705910552293 0.339570594765246 1.06092796311714 0.329263108922169 1.70531343412586 0.496775118261576 1.75215476192534 0.341246686736122 1.31339283194393
654.12 1.78214895655401 0.401481408718973 1.81016527558677 0.355976801645011 1.36787594854832 0.442790541658178 1.666278968798 0.322968465276062 1.38072281912901 0.336648873193189 1.22235812153667 0.396753372065723 1.93453756649978 0.403364860964939 1.37213959079236 0.488447034079582 1.52702066628262
686.328 1.65208164486103 0.402784035773948 1.64752096286975 0.399567134259269 1.53353706281632 0.438360984344035 1.32351075997576 0.495637638261542 1.31486215116456 0.353918571351096 1.38150005973876 0.398725130828097 1.58076107339002
725.02 1.76884377375245 0.372507869126275 1.50244023394771 0.460140696493909 1.49084666185081 0.4199951547198 1.99243540246971 0.366792164556682 1.82281034020707 0.345436160312966 1.7353505352512 0.416997865540907 1.23665991658345 0.388515347475186 1.19600107241422 0.485862052580342 1.09433448803611 0.326843898463994 1.96377845760435 0.481198352202773 1.73266420024447 0.410519922850654 1.26437673228793
755.765 1.48704290902242 0.480712398327887 1.48397659836337 0.347277023131028 1.50165049894713 0.334949918277562 1.20423129340634 0.46034070760943 1.54592875437811 0.313686766242608 1.31434017070569 0.305678350431845 1.52396059595048 0.327497285604477 1.1046765758656 0.37729933145456 1.46018479345366
761.99 1.57982599618845 0.35820562876761 1.64308024593629 0.440904599893838 1.37196308677085 0.44461694941856 1.78159457654692 0.317323720920831 1.72128820489161 0.439887279365212 1.45112528093159 0.461925602238625 1.40162909403443 0.450023584580049 1.64881848869845 0.391263666423038 1.94811515184119 0.42946859174408 1.69307253439911
770.455 1.51858270424418 0.38816408761777 1.33221150003374 0.356156166549772 1.93644639244303 0.4259895356372 1.91486247163266 0.317953029740602 1.95224443846382 0.38717808756046 1.8855323002208 0.483828630205244 1.91610120004043 0.426613500434905 1.92659818683751 0.345398183353245 1.9646172861103 0.391347536118701 1.73654871969484 0.446662878384814 1.1269848390948 0.406410056399181 1.87288249703124
773.439 1.64946317044087 0.369778101239353 1.42096622986719 0.348753243964165 1.56752129481174 0.417501027882099 1.461111638695 0.393665736028925 1.68015127209947 0.404445442836732 1.10828632721677 0.302532157953829 1.46256241528317 0.31429608007893 1.68002079776488 0.347649169061333 1.6592835537158 0.480709777167067 1.62596128648147 0.459005466662347 1.99545032950118 0.478755286009982 1.90408017858863 0.442522527649999 1.18265236634761
856.845 1.3842366989702 0.487875519134104 1.83582529029809 0.428680887445807 1.53579388605431 0.37507166871801 1.3280472534243 0.323938373429701 1.15887482254766 0.324907816201448 1.23393702576868 0.467379830311984 1.71288271294907 0.447736257174984 1.93004569690675 0.416598940687254 1.23768917075358 0.383113712072372 1.21045611309819
880.946 1.22498439857736 0.464946980029345 1.25355737307109 0.439503444405273 1.24749646149576 0.444661834510043 1.06338303652592 0.304478077357635 1.37078203377314 0.350550096482038 1.98118082690053 0.368039917107671 1.67972162016667 0.330336359376088 1.62325078458525 0.421610357705504 1.81105728098191 0.386114698881283 1.08083364018239 0.404313368257135 1.79298910568468 0.32345104389824 1.67780369799584 0.466081282822415 1.39245974435471 0.37645547692664 1.85400684573688 0.338204833725467 1.95035001379438
1039.45 1.86010801093653 0.314514156570658 1.69606533809565 0.430557793425396 1.03140693064779 0.452399034053087 1.00664769951254 0.30801710630767 1.86594649567269 0.341148465126753 1.58638871298172 0.330760287027806 1.46293267700821 0.442639320157468 1.35545217432082 0.492835657298565 1.34709321358241 0.320280889887363 1.82554823695682
1049.77 1.74088168074377 0.466090513858944 1.42085938784294 0.463298733765259 1.39102407312021 0.402166853984818 1.41988875647075 0.319492351450026 1.215568034444 0.416808024607599 1.34530604095198 0.448452414665371 1.97693896642886 0.310988028161228 1.6111094111111 0.459833515947685 1.98824865603819 0.476212174724787 1.77726364950649 0.375384550495073 1.4437424747739 0.418577300524339 1.92290374264121
1072.95 1.72290044417605 0.384225044585764 1.72681271820329 0.324244182510301 1.82801374630071 0.421453834837303 1.13224958744831 0.452720030257478 1.64183833170682 0.399570419406518 1.75857788766734 0.405127996020019 1.88965244055726 0.331315808231011 1.6569571881555
1091.96 1.53432863135822 0.456172842159867 1.3574083361309 0.306139283627272 1.91531647788361 0.346799911139533 1.92328056856059 0.432977371942252 1.24421848263592 0.419262570468709 1.50895868637599 0.478340712469071 1.38068050378934 0.438909266190603 1.21462068031542 0.448166620871052 1.28061564522795 0.331713329767808 1.00101875839755 0.408965248661116 1.2653716118075 0.306345184938982 1.4226941044908
1153.77 1.2450135385152 0.493738955445588 1.57113404176198 0.454358132416382 1.98507496807724 0.363366959383711 1.79640033235773 0.4629194538109 1.28443993581459 0.342025430174544 1.4175847414881 0.378965824702755 1.18658479931764
1155.94 1.16276183328591 0.404151635896415 1.63755477336235 0.314695804053918 1.10043900506571 0.308419411536306 1.27203741087578 0.48408058877103 1.89406277192757 0.498780039465055 1.253369680373
1171.68 1.66410264302976 0.485196159919724 1.26444679847918 0.324406276689842 1.61016355408356 0.463172601349652 1.68305132281967 0.459851863235235 1.81208430975676 0.44151255893521 1.83032958768308 0.35731453737244 1.66045285621658 0.422646733978763 1.66410678927787 0.347885875450447 1.40363193582743 0.300957663543522 1.1872305679135 0.37755476674065 1.39546762872487 0.30057141543366 1.85415804386139
1199.85 1.16624223859981 0.321098379930481 1.24293668149039 0.422214701399207 1.74569094646722 0.403925741789863 1.34163200762123 0.352473376691341 1.59995185956359 0.402686937805265 1.78593124938197 0.480470882449299 1.76175858452916 0.353501570224762 1.37438527005725 0.301661415537819 1.0536815719679 0.343809314956889 1.94517178134993 0.3191553409677 1.11882985872217 0.349878436559811 1.23604879155755
1215.65 1.96707774372771 0.363188625499606 1.89098109933548 0.441841738345101 1.37470649392344 0.428806524164975 1.74417462572455 0.478966710949317 1.33140110666864 0.452165366522968 1.39750832994469 0.464218829711899 1.58649715571664 0.411928620515391 1.63340706354938 0.409719981951639 1.57695991778746
1239.99 1.0621045907028 0.332329952530563 1.41099150385708 0.430549914436415 1.51531508215703 0.422537135193124 1.42056121397763 0.348194947745651 1.32707966119051 0.376373663498089 1.31581509788521 0.459206075640395 1.85120806074701
1242.25 1.33488669153303 0.465580827137455 1.28266103449278 0.32926715882495 1.71438831184059 0.322684367373586 1.726822049357 0.405818758718669 1.99257997679524 0.479580268077552 1.56430571246892 0.347530711535364 1.64520330890082 0.348534649191424 1.41024207090959 0.433619475690648 1.46266836067662 0.326828196831048 1.99099808931351 0.313895171554759 1.23372623487376 0.330863617081195 1.32334806071594 0.41491585993208 1.28777622710913 0.423394407425076 1.41640345449559 0.491587050678208 1.73608949431218 0.433542459923774 1.30315042333677 0.484515812713653 1.75979628483765
1275.27 1.88764829980209 0.36215110514313 1.86415255861357 0.48596558412537 1.32781263743527 0.400789185706526 1.69457702757791 0.435349099664018 1.9625641705934 0.367936190310866 1.30804084823467 0.408934049401432 1.16885790904053 0.302838067989796 1.43010078812949 0.483691650209948 1.95234194537625 0.309545675944537 1.22224991815165 0.475847784802318 1.01487526297569 0.430214910628274 1.00476123671979
1290.13 1.77249551704153 0.373968056729063 1.79050478315912 0.342292884364724 1.48583284812048 0.360404074331745 1.00175788789056 0.437466689758003 1.0376668155659 0.411695183441043 1.62749297893606 0.366940021282062 1.25209371652454 0.4319562620949 1.96682544355281 0.422043665731326 1.80802886583842
1331.33 1.97183940350078 0.322887245984748 1.63468591985293 0.356972621986642 1.31303655449301 0.409547063941136 1.64595540426672 0.362424940289929 1.75914342375472 0.478894622810185 1.47369561018422 0.446013932861388 1.6087910674978 0.395559839997441 1.64991348050535 0.470391920115799 1.93740478344262 0.334141196869314 1.22686889348552 0.327672607218847 1.41017818520777 0.338078322447836 1.13417495018803 0.3905955565162 1.96595399035141 0.358859314629808 1.98043789714575
1381.39 1.64385042944923 0.413810228556395 1.03960099071264 0.324183328542858 1.96193229756318 0.482656764006242 1.03644947661087 0.333915161946788 1.13841771823354 0.377362313633785 1.64158461312763 0.445921389292926 1.69531521108001 0.355496096611023 1.30824726051651 0.42645297665149 1.58139068400487 0.366073268791661 1.08477925462648 0.499396681040525 1.21146836131811 0.399676269572228 1.54539521061815
1382.02 1.70795440278016 0.433131267456338 1.15801210957579 0.37722020894289 1.77020926773548 0.391424628533423 1.51974317780696 0.331584002403542 1.68506132345647 0.474822916276753 1.31179330358282 0.370128403138369 1.42419703118503 0.451668695313856 1.23020973359235 0.337170564150438 1.93849681923166 0.397145711211488 1.76463406020775
1397.84 1.4992082384415 0.477440414391458 1.91823591827415 0.316176359681413 1.27255778340623 0.337448352715001 1.58480805251747 0.316010960005224 1.91320530860685 0.490742793027312 1.17039931681938 0.445850365515798 1.59100092528388 0.304823139403015 1.90545064723119 0.460945216054097 1.2107491614297 0.496015722258016 1.9203014918603 0.325692870188504 1.73225411307067 0.496641247346997 1.33222400769591
1404.46 1.26491287839599 0.499517022026703 1.36460117762908 0.394636217877269 1.33669431018643 0.381548894336447 1.66248328960501 0.344519230769947 1.99332718364894 0.450929913995788 1.67815166525543 0.414044885197654 1.2838093910832 0.435215351264924 1.98810655856505
