# Using the following values to generate the workload:# num_procs = 50
# mean_io_bursts = 10
# mean_iat = 25
# min_CPU = 2
# max_CPU = 10
# min_IO = 1.3
# max_IO = 2.5
42.2534 3.64492771588266 2.18081352747977 4.44063891842961 1.39334425441921 3.42792548239231 2.14635790539905 4.8627390563488 1.36740535926074 7.36973827891052 2.43634115448222 7.33343018405139 1.94144147569314 8.2738958094269 2.47286670375615 8.21063044667244
42.9653 8.75544142350554 1.38320689825341 3.94603491201997 2.43557874690741 7.67291610129178 1.61644647335634 4.33412117324769
84.4625 8.47308976203203 2.31772020179778 2.22457444481552 1.57240208592266 5.2808374222368 1.62617678167298 7.82671242579818 1.48563000354916 5.06638963147998 2.25641361000016 3.54585454240441 1.6569281630218 5.2704526539892 1.40579228140414 3.1887632701546 1.37758353501558 6.83203200623393 2.33801899366081 7.90825857780874
133.691 2.75553791038692 1.35780959613621 6.36321895383298 1.75085696773604 2.64813511818647 1.81492351768538 3.40441221185029 1.54203549902886 4.8361714631319 1.51466048099101 6.42458129115403 1.76006861785427 9.33263696543872
163.535 9.54205779358745 1.74592040954158 6.22749948874116 1.30795177044347 7.98987528495491 1.73863011766225 7.0046761110425 2.38597025461495 7.06505321338773 1.56589224534109 3.23127269558609 2.32640305357054 6.17221941053867 1.43921624515206 9.29795730300248 1.65702087190002 3.16572812758386
174.213 8.03375646099448 1.9927106205374 2.25285639055073 2.17351472880691 8.8426040392369 1.57205678084865 3.18989681452513 2.11999293072149 4.56246369890869 1.63875741343945 6.86954510584474 2.08039847835898 6.10892669484019 1.68572019878775 8.96367136947811 1.9791278257966 4.1741661336273 2.09334498522803 3.81669749505818 1.86503027444705 4.41155969537795 1.67686783112586 4.28998191095889 1.40993491271511 9.66385007090867 1.61320779900998 9.54944240488112 2.31941272038966 2.04610591195524
184.47 6.14225187152624 1.98418582519516 7.46728321351111 2.03457137299702 3.09786867909133 2.26922928541899 2.55032889917493 2.09703399855644 5.27326623722911 2.07435469897464 8.77325474843383 1.3980344735086 7.16733749210835 1.59874376645312 4.45633327588439 2.38888025023043 3.46101129986346 1.86401075953618 7.71377023868263 2.19549355302006 4.26401203125715 1.71632685959339 7.82360349968076
283.306 9.74798420444131 1.8066377395764 6.4517495110631 1.39758541248739 3.57659859396517 1.55845155669376 5.65434411540627 1.34467686265707 9.43041253089905 2.265957026463 8.64188394322991 2.33117997227237 8.40729777142406 1.635648507718 3.75166629999876 1.96622279118747 7.48481216095388 2.09901771843433 2.95764056220651 1.92958373026922 8.36066787131131
308.543 5.59123494848609 1.92227956466377 7.9743700325489 1.43168716849759 6.10165032185614 1.36585482312366 4.33677375502884 2.3234908727929 7.4998307004571 2.24507699683309 4.88622147962451 1.81623345855623 3.00080215185881 1.56711528208107 4.33090974017978 1.85895602684468 9.51934177614748 1.55435129171237 6.76452576369047 1.87045172350481 3.38599576987326 1.93398262038827 2.35990007035434 1.4322252355516 9.69503407180309 1.45559957427904 9.94300196133554 1.71042462987825 8.38819983229041 2.10060352254659 2.02382562123239
322.268 2.19222863018513 1.57952870465815 8.29190059006214 1.31029164521024 6.11745832674205 1.63442875081673 4.24747449532151 2.03035216378048 6.57706094346941 2.26672310391441 4.12488441728055 1.66925296653062 2.44187319837511 2.16388908363879 2.25479369424284 1.66595390001312 4.95011209137738 2.03024692619219 6.28351236134768 2.20698967352509 5.72971053980291 1.8812585093081 3.58614359982312
329.292 5.31800778396428 1.96234044786543 9.77118359319866 1.54263614341617 9.56391740217805 1.79038811214268 6.63192467205226 1.56045165453106 6.63219110667706 1.5566720046103 2.9586033243686 1.60165230305865 9.92804619111121 1.84198349574581 8.18850726820529 2.08965537482873 3.6760330516845
398.166 3.22084114700556 1.59041278054938 5.9119618833065 1.76126367272809 4.70578146353364 2.11355653852224 5.87125324457884 2.36955658830702 5.34595466032624 1.39374261470512 8.55271865427494 2.26850261269137 6.43570750206709 2.06744927642867 6.01233854331076 1.60661460319534 7.81526430509984 1.82559990650043 3.76183219254017 2.41692849826068 5.04880061745644
426.432 6.02831829339266 1.94751452384517 3.9208315461874 1.81225300393999 5.12265573441982 1.98471111655235 5.96857663244009 2.31645589647815 7.432712264359 2.45954273715615 4.52962826564908 1.56856519151479 4.27866653166711 2.01177907893434 3.18927373737097 2.31288604475558 9.59185411036015 2.29160916497931 9.24852931499481 1.96401501270011 6.22544638626277 2.05367259765044 5.13963549956679 1.38343614609912 8.45986425876617 1.61038189958781 5.15792168863118 1.44285703487694 5.11321342550218
441.766 6.32378192432225 1.69980831025168 7.67860260419548 2.37655212944374 5.88660142198205 2.04019910516217 8.48802880942822 1.44041425688192 2.43838374130428 1.66337581155822 6.96623094752431 2.12965810829774 6.80590560659766 2.01938679404557 9.57711337134242 1.64723985893652 5.22713830135763 1.48429015465081 4.71340098790824 1.56137506617233 5.5048524197191 1.89861647076905 5.18703312985599 2.31129689961672 6.23530345968902 1.72372682336718 4.27755445986986
453.316 9.45094910264015 1.92120451685041 6.22414900735021 1.48477978268638 7.11600261740386 2.26342937638983 9.86011597327888 1.60042981281877 2.60521095432341 1.57442356375977 4.73885631002486 2.39267937019467 7.31577537208796 2.24881300274283 4.73588803596795 2.17287245206535 4.84767240285873 1.44178857216612 8.23612081073225 1.44880653684959 4.57002856768668 2.02489082664251 5.59821384400129 2.04307019421831 3.21834710240364 1.49458119189367 2.93542888388038
462.179 9.28653627447784 1.45893610036001 8.55511602014303 1.78026440674439 4.22368974797428 1.47959833992645 4.96758444048464 2.46656356258318 5.32505341432989 2.34213707577437 4.649318812415 1.65831484692171 4.58023112639785 1.76832218682393 2.44449521787465 2.45513221714646 9.99173543602228 2.13317850148305 6.45984128862619
498.685 9.06927715055645 1.9928246255964 4.52493784949183 2.12849999861792 4.78703068755567 2.34702396281064 8.47380707785487 2.15496073374525 8.87658250518143 1.85090269315988 7.01257113739848 2.01882516043261 3.58894267678261 2.14957075398415 2.57179125025868 2.17955666780472 3.68941217474639
500.107 7.70568380877376 1.4507140266709 5.38692542165518 1.99224221101031 7.07006322778761 1.68128560818732 6.25985956005752 1.71605585478246 9.16892753913999 2.15852789124474 8.69156131334603 1.8235485653393 2.95235643908381 1.41465550223365 4.55616949126124 2.23545627715066 6.62841559946537 2.20634902622551 4.09321921132505 1.38629258051515 9.87132826633751 2.2665218161419 7.8268484827131
514.18 8.61878561228514 2.46940389787778 5.47449452243745 1.76134112067521 3.42544867657125 1.96459059603512 9.35330906510353 2.25995916873217 8.14069381169975 1.74975206525996 7.58683512732387 2.39753677807748 5.62419364228845 1.32484912592918 2.16007787920535 1.3126041136682 3.98044895939529 2.0976757729426 9.15459072589874 1.90706824967638 6.76315846666694
555.3 2.82316378876567 1.47475593145937 2.94459179602563 1.59578357720748 5.90272799320519 2.12936055297032 9.37641920149326 2.30103952270001 7.06551839411259 1.83648997014388 3.10131533257663 1.80688042109832 5.51986540295184 2.0656555368565 9.11201660521328 2.2124547992833 8.82346938923001
600.048 7.25760618038476 2.17113098790869 5.2172610424459 1.47918904349208 9.32015966996551 2.12477901894599 5.24449355900288 2.11750495051965 4.45027707330883 1.3372598961927 8.30880207009614 1.55998493758962 6.10438130423427 2.02604016717523 8.00297959148884 2.47307331599295 5.95104751735926 1.46140582337976 9.4608679972589
639.849 6.58564678952098 2.18423848850653 7.39485963061452 2.22280677603558 4.58852667175233 1.84274007566273 2.06715221703053 1.44034373713657 7.76531498134136 1.38885466288775 4.69509872980416 1.49923872239888 8.01986663229764 2.23914588112384 3.08810090832412 2.19722394663841 4.46582794003189 1.84708190374076 6.93743757717311 1.74418718228117 3.72218973189592 1.90447915969417 5.43666306138039 1.69767156504095 9.72351802513003 2.34482689220458 6.82153590768576 2.20973161784932 3.894520862028
663.477 5.5773049313575 1.68196483151987 4.08455747179687 1.513915231172 5.31220289319754 1.64521060436964 2.21538089588284 2.16148048983887 6.67274449765682 2.15559459226206 8.22506237775087 1.85389528935775 5.177560698241 2.1123255177401 4.54509864002466 1.86108283782378 9.83771207742393 2.14010147433728 2.62099589034915 1.61669352576137 7.75057227537036 1.89105663392693 9.22305124998093
678.348 4.63601855188608 1.96274363026023 5.14799576252699 2.01565599609166 2.13459873758256 1.84424660904333 3.59979605488479 1.83554870784283 2.41377421468496 2.11253213165328 7.82829293236136 1.82333088060841 7.06535540707409
684.815 5.689268944785 1.6997426237911 9.12458658404648 2.11557105686516 7.37535946071148 1.83784234970808 9.97030440531671 2.33904059594497 7.22359724342823 1.74632444381714 9.61193060316145
704.105 6.84965219162405 2.11202480243519 7.41045077890158 1.96843342958018 9.16164431348443 2.1886185224168 6.99695602059364 1.84600089667365 7.52919222600758 2.19615804487839 9.77537423558533 1.44630582761019 5.95658737048507 1.49619103502482 4.6375990062952 2.20111130988225 8.64446957223117
785.618 4.77880435809493 1.64124409779906 8.48273936100304 2.30579228000715 5.38051392324269 1.98870318345726 8.48043422587216 1.75621718196198 2.00968843884766 2.04303588652983 4.04283284209669 1.42460208935663 2.24031898938119 2.22841354366392 7.94014938734472 2.22657029302791 7.73973872885108 2.06159364618361 8.60962422564626 1.58508572429419 5.22333185747266 2.49657731829211 3.58382158353925 1.78062376910821 5.24919738434255 2.05771414879709 5.10378369130194 2.31811353126541 4.50265170261264 1.45123883830383 7.92905987612903
813.62 7.88784005492926 2.46960489675403 8.61041707359254 2.15753022851422 3.70294533856213 1.87243308359757 8.13279133848846 2.04692073017359 2.82757343351841 1.75357065778226 4.17712682299316 1.5002406953834 2.67419197969139 2.03399243354797 3.19630251452327 2.49460592260584 7.09426583535969 1.91906601144001 6.88767549954355 2.0806240381673 6.72103786095977
873.626 8.44920861907303 1.45281513258815 8.96174125373363 1.44588495464996 6.81311916932464 1.337639766559 3.06349083781242 1.79001159425825 5.70894397236407 1.406034795288 2.03671038337052 1.72851151712239 2.45741823688149 1.83892232943326 5.37790741957724 1.5730000433512 7.84354478307068 1.49995203102008 2.02762079425156 2.47305942410603 4.94176086038351
918.023 8.48347231931984 2.4381952800788 7.25916705466807 1.51152940513566 2.06275609321892 1.65796011444181 3.47220684587955 2.3270499705337 9.16196596249938 2.04084260761738 5.18417991325259 1.76560105532408 4.36138221435249 1.70979787893593 3.80943588539958 2.38295982480049 9.27783199585974 1.43748551569879 9.88163815625012 2.48975846963003 2.35809455253184 1.78592956047505 2.57229475490749
921.189 3.3132439609617 2.39945119665936 5.07148428820074 2.41623793561012 2.34109663031995 1.64019963946193 8.18920350447297 1.89570360407233 4.72533885017037 1.76982661746442 9.02432236261666 2.25893343081698 8.77033755369484 1.56528328303248 3.87737896665931 1.34842437859625 2.37733827158809 1.59523560609669 5.34407113678753
925.573 8.83996899798512 1.89641233757138 8.83203049562871 1.69677275819704 6.78763093426824 1.97596120173112 2.18365198001266 2.13402407849208 3.62546280585229 1.47942216489464 3.5492914840579 2.39423349937424 4.74322927184403 1.99524052254856 3.60556525178254 2.05916192531586 4.1515055373311 1.89358348129317 3.53947466984391 2.44831837750971 2.92995211295784 1.8484301158227 8.46794611029327 2.19872199306265 9.51088959723711 2.19235735218972 4.51437116228044 2.28507925616577 5.6379524320364 2.20220889719203 5.98465247452259 2.42403630772606 9.2124258261174 1.7505707623437 6.50804059952497
957.235 2.4287629853934 1.79829615112394 2.22156740911305 2.31654206356034 6.16732383705676 1.76240331958979 2.3637527525425 2.34704485163093 5.43179391883314 1.50193055802956 3.59874552115798 1.62397826686502 3.12457263842225 2.13735953895375 9.50598926283419 1.61042241128162 3.14039348065853 1.67556371064857 7.21459801867604 2.09588705888018 7.24775805138052 2.19240573113784 4.7338884677738
977.142 8.33004639483988 1.70402956744656 3.07021056115627 1.54714984605089 6.93449884839356 1.50706121595576 6.77932410687208 2.14538059812039 3.73948176391423 1.61219380106777 5.39796950854361 1.30555557878688 2.4453732855618 2.13667524009943 8.08295663446188 2.44095141161233 5.03216169774532 2.18609637031332 4.14247449859977 2.4445670821704 4.28517857193947 1.49493088042364 9.91121128201485 1.31191404974088 3.79535068944097
1098.25 2.51337297447026 2.1164812178351 6.77699051611125 2.13900430807844 8.5048594456166 2.39727397635579 4.94835588522255 1.49288329407573 9.8408143017441 2.3831738636829 6.32745922543108 2.34634171416983 8.78822987340391 2.23692568875849 6.96146092563868 1.45496349204332 2.69958860240877 1.97582185566425 6.04320635460317 2.27370463274419 3.09016763605177 1.59323016367853 5.60804235935211 2.11546704834327 4.12807523272932 1.53260589372367 7.69986949115992
1107.05 9.58245580457151 2.27552707698196 3.97060853987932 2.23106659678742 6.02630659192801 1.57656044615433 2.67134919390082 2.27950939629227 9.25827678851783 2.00870044557378 7.72258015163243 2.22413501348346 3.26517956890166 2.43942359099165 9.31268153339624
1135.1 6.38004296645522 1.33287952393293 2.99059859104455 1.40196016496047 9.51268817484379 2.423849610053 9.24358119815588 1.8348112677224 3.53251825459301 2.37480108421296 8.16700260154903 2.06013195179403 2.24230704456568 1.76470961114392 7.00471629761159 1.60162591487169 8.19405949302018 1.83158149635419 4.96252286247909 1.89602693822235 3.25127915292978 2.01018421147019 3.25421878881752 1.47832546746358 3.5294888690114 2.21962573258206 5.32499501667917
1198.51 9.02862163260579 1.70374737111852 2.47017745114863 1.43520029596984 3.97839164733887 1.32309789238498 4.79218707419932 1.5100537895225 9.84601655229926 2.04462188538164 9.38765060715377 2.04031912982464 8.426827006042 1.71026957696304 5.26018375717103 1.42234752615914 8.12219544686377 2.2469844779931 7.56549203395844 2.03147711828351 9.74593821726739 2.0531164416112 2.69089329615235 2.29963748091832 2.97714038006961 1.96159880338237 3.13371868059039 1.35798437809572 6.29489547014236 2.10088191432878 3.37133727967739 1.44725181339309 2.53587171621621 1.61280345013365 8.20431585982442 2.44110850915313 7.64905016310513 1.90840627606958 7.95768984220922 1.30034902524203 5.00880159251392 1.41607938669622 4.34406809136271 1.31380285127088 8.95304898172617 1.38945001298562 5.01113766431808 1.63353041419759 9.74739358015358
1239.81 7.02578545734286 2.37362330807373 6.0737086404115 1.83486127192155 9.92827391065657 2.46997854886577 8.35108051635325 2.30783502133563 3.9215397965163 1.69252718118951 4.84409688226879 1.32782502761111 3.32409089058638 1.99563468517736 6.09935730695724 2.28344488618895 3.10141468979418 2.48641873719171 8.99214556440711 1.54694688301533 5.31326301954687 2.02188821071759 6.95393049903214 2.08481715647504 2.47870794683695 2.14786490034312 6.98798649944365 1.55377260735258 5.40071304701269 1.82080935239792 5.74994370900095
1333.27 3.45524435862899 1.75581261571497 3.79331852681935 1.38110560039058 8.52347213588655 1.66125266291201 3.53424169495702 2.0461406359449 2.47992089018226 1.80283394474536 9.03457356803119 1.83310075234622 3.89018348418176 1.61471908437088 7.49490464664996 1.57255783174187 7.1421862076968 2.30806176969782 3.34476752579212 1.74263637484983 7.21588953770697 1.91147778760642 2.92577438242733
1345.87 7.4220606982708 2.27484144316986 3.10747424699366 2.36839030236006 3.44657561182976 1.81545362891629 9.46362908929586 2.48718718923628 8.61330789513886
1392.65 7.89829464629292 1.68093242216855 4.94797714799643 2.17967187734321 6.83887648209929 1.68189747706056 4.87662493065 1.69903014497831 6.95646001212299 2.45405399678275 9.62173999845982 2.37973752031103 9.96115258522332 1.37496045054868 9.56563922949135 2.01603057943285 3.37536422349513 2.0609145139344 7.90530617907643 1.51956855161116 9.15297256410122 2.05954962885007 3.69671287760139
1396.5 2.66495591402054 1.40455114590004 8.19842230714858 1.45859539723024 3.31799845024943 2.22570027299225 7.24196879006922 2.36861330484971 4.30077221058309 1.52107030618936 4.8625684697181 2.43617822118104 6.52102286741138 1.58633945388719 7.80127888731658 1.34004692677408 4.67589132487774 2.30044422037899 5.45298265106976 1.58140086168423 4.04433594830334 2.27809317093343 7.806994009763 1.98005569940433 5.38169922493398 1.39554600073025 6.04205735772848 2.280758890789 2.968275943771 1.59438444646075 4.80970199964941
1399.58 2.56359931267798 1.84767928281799 2.86268609389663 1.85391816888005 4.40175958536565 1.59796064803377 8.52426144853234 1.39631949812174 9.99326844327152 1.5204026739113 3.44049830175936 2.19725787490606 7.7836570572108 2.10838572150096 2.96835039369762 2.3056258126162 5.7217478081584 2.21852943915874 6.41182097792625 1.6886342140846 4.34356478601694
1465.68 7.97313852794468 2.37790531897917 7.66786830686033 1.66524403803051 2.2626058794558 2.30533060813323 4.38474343344569 2.34257665993646 4.37762214429677 1.33435918660834 8.80634413100779 1.63768617827445 6.39897009730339 2.47584386356175 7.60603573545814 2.4605739666149 6.53116794675589 2.48990039564669 7.60324156098068 2.0623751684092 2.65912393480539 1.41097173178568 6.22971392795444 2.01322988998145 4.98691610433161
1497.67 2.03395264409482 1.76768142189831 9.06297879479825 1.90116129340604 6.67796141095459 2.03115054424852 7.71043885499239 2.28309804359451 4.19575770199299 1.38278726525605 7.65564757026732 2.15130265327171 7.84414264932275 1.48064851025119 4.71440817043185 1.92617203053087 8.11207510717213 1.58655618028715 3.29417052306235
1500.35 2.0566494166851 2.4389305668883 4.49330633878708 1.59911703299731 9.07627289742231 2.24884594837204 8.12903697788715 2.25616043237969 2.00991045683622 1.46075969627127 7.92804766073823 1.42863058065996 4.94861602783203 1.54489163449034 3.97670327313244 2.020446392335 9.52319470793009
1529.84 3.32004090957344 1.86355331912637 6.09623982571065 2.16260982640088 5.70400932244956 1.91431762585416 2.67353474907577 1.62453123638406 6.35454029031098 2.1272979577072 8.38139704614878 2.1602755700238 7.11505311913788 1.79055854529142 7.86672935448587 2.41047173021361 5.77782596834004 2.2654062778689 9.05892987549305
1543.42 7.97415048442781 2.00237725097686 2.9048955142498 2.04927174700424 7.95417298562825 2.09395400620997 2.12058264575899 2.29833291145042 2.02781947888434 1.77977738017216 6.80260377191007 2.0205126831308 3.0840017516166 1.60030448073521 9.5328608956188 1.62575482605025 7.1989240385592 2.44167040484026 9.39607539586723 1.84376051593572 9.17681756056845 1.44039264442399 2.01510087773204
1614.88 4.76522591337562 1.62958334749565 9.4215634483844 2.35404819939286 9.68168217130005 1.93035613242537 9.69294912926853 2.32105753952637 6.28621677309275 2.1778957400471 4.86287668347359 1.56817651009187 8.52742688730359 1.33221744662151 5.04515152983367 1.92017997810617 2.30240816250443 1.74764435105026 3.32293773256242
