# Using the following values to generate the workload:# num_procs = 50
# mean_io_bursts = 10
# mean_iat = 25
# min_CPU = 2
# max_CPU = 10
# min_IO = 1.3
# max_IO = 2.5
43.8399 4.98184649832547 2.04607466952875 5.33812990039587 2.33735907245427 6.3436051607132 1.91868705749512 7.36094115674496 2.29897585986182 9.51238397695124 1.33105725068599 2.64521637000144 2.14849665444344 4.33084938488901 2.16271478235722 3.59586056694388
144.26 9.818543439731 1.37041168697178 3.81700238399208 1.79766785372049 8.25867049768567 2.45495426096022 4.46347641944885 1.75790569232777 8.72719002142549 2.46301648728549 7.09163510799408 1.8358445792459 6.23871607892215 1.63931640731171 8.65906462818384 2.32923076990992 3.10325674898922
151.885 6.37023529596627 2.0752328556031 3.20216900110245 1.44692065585405 7.76654919609427 1.9482828238979 8.16541797481477 1.3383898910135 5.18925295397639 1.53640936585143 2.84821808896959 1.40642427885905 2.11760096251965 1.99003960303962 5.59066430479288 1.47960385158658 3.70560229569674 2.47397255757824 7.72797762230039 2.00242877565324 7.99897655472159 2.36230728644878 6.70483474992216 1.9548676696606 3.9276817869395
167.911 8.25001680850983 1.83647198621184 4.51362551748753 1.86771766096354 6.94282963499427 1.64515765337273 9.4948837608099 2.47988386796787 6.11266307719052 1.6658588710241 5.7914418913424 2.02675535809249 6.15686245448887 1.76728152632713 4.55771891213953 1.48258533030748 2.83214445412159 2.23600711179897 8.47407016716897 2.34034326188266 7.27058960683644
206.158 3.09574479609728 2.13403618391603 4.40350153297186 1.39501233333722 2.44390917569399 2.2258395508863 7.05203057825565 1.34918824657798 2.04794805683196 2.45916830245405 4.24801002815366 1.75097153326496 7.25584720820189 1.79927191082388 2.28449258580804 1.62145923087373 7.48573812097311 1.67149044713005 9.62147122621536 2.33744707936421 6.47958091460168 2.14588287556544 3.58128892444074 2.23168824091554 7.95452124997973
211.752 7.50961541384459 1.59542620442808 6.3270815834403 1.33841102737933 9.00809867493808 1.51319968346506 9.07546217553318 1.94307297766209 3.88160822540522 2.35949547393247 6.39763462357223 1.8934024902992 9.64976444095373 2.29791701538488 5.3798117954284
241.802 7.11284211836755 2.38659919127822 3.60461081005633 2.25784319136292 7.56159903854132 1.87985726632178 6.44984072819352 2.44350546216592 3.59018845483661 1.45619192561135 3.75872586295009 2.37859979206696 2.52208715863526 1.39778781337664 3.0995147805661 2.00140125518665 8.46657792106271 1.63122109845281 3.05665972270072 1.77253132853657 4.25343823060393 1.78516404293478 2.40346149355173 1.67348447116092 5.54116089083254 2.42249946761876 7.50331239029765 2.41587920133024 8.24198555015028 1.51407969724387 7.93261386826634 1.49785944391042 3.86799829080701 1.97013218766078 4.89153783395886
257.754 3.376709099859 1.39348206240684 9.10158894024789 1.5790918789804 7.21856772340834 1.62859124671668 6.10318181291223 1.93040844500065 6.05682262592018 1.40504898764193 3.46923471614718 1.54725212510675 9.09794229082763 1.81006373045966 8.66671379841864 1.81587726119906 7.32408333197236 1.76306650443003 9.50249494239688 1.36742617012933 5.23147251829505
259.193 3.87014160118997 1.57488470925018 7.58854877948761 1.31999242156744 2.63044730015099 1.76555269313976 7.41351102665067 1.86916988994926 5.59317713789642 2.03860425949097 5.60093209706247 2.33245400702581 3.84563768655062 1.3551302283071 9.03983904607594 1.51324723819271 6.20818600803614 2.17622770164162 3.57556891068816 2.1328737128526 5.04861600697041 2.2185901501216 2.58949787355959
264.707 9.11825903691351 2.09953803904355 7.42689304612577 2.16420177556574 2.05980687774718 2.24566693445668 8.06978247687221 2.38187578180805 8.69969283416867 2.48743632650003 6.32163217291236 1.58222300289199 3.26424866355956 1.68034893469885 8.50685648433864 2.49021889846772 6.69908559508622 1.6297658986412 5.60114384628832 2.38943471228704 5.26997669227421 1.89473315961659 7.91145976819098 1.65392124522477 2.20640629343688 2.02712706141174 5.13497538305819
310.139 6.38877903670073 2.12604687288403 5.39711092598736 2.44525206694379 6.84630270861089 1.74818077553064 3.08921850845218 2.12085573729128 9.65916345641017 1.99191453224048 5.21891893446445 1.71156326923519 3.66532028466463 2.22960643349215 5.87808523513377 2.12780962428078 6.6760947983712 1.61286637671292 3.48067788779736
323.511 8.71529133990407 1.96813785796985 4.63709491118789 1.40401589348912 7.82174216769636 1.3463475718163 4.36093553155661 1.97471049716696 2.04892483353615 2.08198987627402 7.582424916327 1.87700862819329 9.96083078719676 2.39124392624944 7.80890165828168 1.67223254758865 2.25211115367711 1.38512102877721 8.60805491916835 1.57734806761146 9.91016038507223 1.51812657900155 2.63288755901158 2.24306970927864 5.59812083281577 2.00239621335641 5.23439902812243 1.72673083459958 2.07699637487531
383.27 5.70573625527322 1.39905858673155 9.41789008490741 1.89277807539329 9.91472550667822 1.32304348964244 2.58212924562395 1.36607030145824 3.63791751861572 1.75793245015666 8.72908207587898 2.22101997751743 6.03773940913379 2.37335841255263 4.21154590137303 1.42300567571074 8.07325799763203 2.24113728497177 2.94654467329383 2.32495493954048 6.59266829118133 2.13859627451748 9.3982380181551 1.98351647546515 7.68721498921514
440.238 9.37695727869868 2.36612028097734 2.97134449146688 1.65390085205436 7.41042757406831 2.08243858413771 2.515789963305 2.15137666771188 6.61176363751292 2.20492243384942 8.29599162191153 1.69972139885649 9.33433235436678 1.58002843428403 4.3468880020082 1.53649979038164 2.51753562875092 2.27523417500779 7.59885698370636 2.44094078838825 7.36628985591233 2.03547641569749 7.96321392245591 2.05368919493631 3.45845146663487
498.559 9.86253211461008 2.44151835907251 7.41681565530598 1.85656322538853 3.08315671794116 1.59121022950858 6.54917871206999 2.38384321928024 8.76000816747546 2.09187866738066 8.53224327415228 1.54311732389033 9.95701342262328 1.79337012814358 4.28512454032898 1.81263136025518 8.84136551618576 1.91946082869545 8.39190452359617
501.712 9.30507423356175 1.36591420779005 3.82515793293715 2.2806673752144 5.16119061782956 2.16235732771456 8.32780165039003 1.31261785635725 5.61421032808721 1.86736816996709 7.49414025992155 1.47452742764726 7.95420218259096 2.41114076953381 5.54413730464876 1.45984276523814 3.3162376191467 1.6297412013635 8.13770484365523
521.757 3.05516386404634 2.49093789644539 7.62661369144917 2.26489191958681 2.66211458854377 1.62362003186718 6.75852008163929 1.61857297224924 5.32605979405344 1.3227288139984 8.08431644923985 2.47097897399217 6.90673950128257 1.46808171421289 7.45710971392691 1.79185309559107 4.84017577953637 2.11633473401889 6.35838363133371
525.536 5.19198914431036 2.00525255054235 4.08473278395832 1.30256759850308 9.17186263203621 1.61635517962277 2.31874639540911 1.91469516744837 7.12237111851573 2.38025603070855 9.98511225357652 2.14860393274575 7.21019268222153 2.26386176580563 2.01331859081984 1.40423038415611 3.97416831366718 2.11838623750955 9.62260882742703 2.24804389383644 3.96310322731733 2.33933802442625 6.35170169919729 2.35588590037078 4.10303653590381 2.29174293261021 7.52296390384436 1.46855937233195 2.43263813853264
547.314 8.28579587489367 1.9595263350755 2.61919213831425 2.09903483986855 8.95579172857106 2.01803156128153 6.84942310117185 1.60500373858958 3.1876354906708 1.94607322625816 5.81059191375971 1.39464345723391 6.50788919813931 1.68215262331069 3.69527756795287 2.15692690890282 7.34617346711457
568.777 5.87914862297475 2.29202490625903 3.46747312508523 1.43781003812328 7.39379795081913 1.3943400317803 9.90177549235523 2.06142101418227 3.37318962067366 2.24950077645481 2.24686753563583 1.88297307146713 4.55470185354352 2.30707127265632 5.92350353114307 2.19082553340122 3.62479434907436 2.32641913453117 6.37306553125381 1.81402721758932 2.41452576592565 1.3506091135554 2.29678726755083 1.58545167790726 9.93217692896724
570.543 9.25910508073866 1.58725646343082 5.44619229249656 1.43408440928906 4.31991088204086 1.59684899365529 3.2865152861923 1.95168416332453 4.56750788167119 2.2739566645585 3.63228732347488 2.23587672933936 3.6885472368449 1.74501558504999 2.55607060529292 2.23641618750989 2.94564159959555
618.869 7.51645347103477 1.62199903381988 9.14420769549906 2.32448766967282 4.45340028963983 2.47292220843956 4.93351355940104 2.04393178652972 2.73844126053154 1.40625435253605 4.15021209977567 2.42251476179808 3.93690607510507 2.17360566742718 9.67705446854234 1.4857094053179 9.98761712387204 1.77505080960691 5.24284571409225 1.92071210993454 3.36414369568229 1.953347735852 3.56740129366517 2.01126652248204 5.60179211199284 1.5722490625456 3.46279241144657 1.87683219974861 5.0445817746222
687.199 6.36934597790241 1.45671312827617 5.26418563164771 1.69649046491832 3.35521690919995 1.72705551711842 7.54706388525665 1.30637246202677 3.97738790698349 2.31517992103472 6.64944211766124 1.93402888737619 4.23967094346881 1.7154333668761 7.93943184427917 1.84657550575212 2.07669830881059 2.37681631334126 3.21808351203799 2.27244578124955 2.27844204381108 2.42587592508644 6.80052657052875 1.65395446298644 3.88707143068314 2.4432294793427 8.35662859492004
700.232 7.61889149621129 1.95559075549245 6.27830639109015 1.72089062035084 3.29289447143674 1.65025107022375 7.34473367966712 1.36974054770544 9.61570397764444 1.37812347821891 8.77499908953905 2.21273959232494 3.89136006869376 1.47854903461412 7.95611987262964 1.97535009728745 3.62998452410102 2.35006298301741 7.7330604493618 1.39738082699478 5.5960604660213
706.021 9.08638747222722 1.72452906006947 9.04949022457004 1.42436202187091 8.2851727027446 1.33370498130098 9.27632447704673 1.47563522383571 6.86222262308002 1.42243891824037 8.5320612154901 2.24611230129376 8.87664495036006 1.69945185696706 8.17810275964439 1.66249594474211 7.47890301048756 1.6257558433339 3.5805838778615 2.10887705609202 5.30412494204938 1.82284410465509 6.85798111371696 1.47439416488633 2.46486269682646 1.60644698049873 2.92104273661971 1.80737807145342 2.29410638473928
739.949 3.90164071135223 1.46991793354973 5.8911254145205 2.41234691394493 2.21362233348191 1.52247575214133 7.88888947851956 2.44971512081102 7.1801147647202 1.56444199169055 4.54956805147231 1.91702517308295 4.45779903978109 1.576314025186 7.75604429654777 2.33336356393993 3.84271511435509 1.65244930787012 8.56349078938365 1.54240183597431 3.71203232556581 1.64215482035652 9.61303946003318 1.76347836796194 3.47006135620177 1.77722788462415 6.9626327175647 1.36648984113708 3.38553982041776
744.992 6.78278781846166 2.23415866661817 5.64003461040556 2.46079462468624 9.34962928853929 2.03682521702722 6.57607930153608 2.06814213991165 3.60210031270981 1.65943188108504 2.07965733855963 1.71505948649719 9.45412622205913 1.89210941689089 9.89049851894379 1.59670158475637 3.39810229092836 2.11535784108564 2.21992316283286 1.62253705225885 5.26370258815587
769.969 7.91340919584036 1.95244379285723 8.5766843482852 1.63094274969772 6.28928173147142 1.46332550970837 4.53302056156099 2.21366695575416 8.52225780300796 2.45005734860897 9.01536084339023 1.82052662493661 8.83292426168919 2.10424454752356 3.07039019651711 1.36750539168715 8.75369404256344 1.75279396716505 6.65070382505655 2.23559644995257 3.39829067699611 1.96005699308589 4.64179326593876
858.441 8.04264826513827 2.27673239130527 3.73688556440175 1.97858714219183 7.2295608241111 1.51194779509678 8.14823146350682 1.49318033279851 4.27712596207857 2.17044465057552 7.26803606003523 1.46189577970654 4.63132542185485 1.4174340617843 3.65984612330794 2.42902165083215 7.78311166353524 2.33897984726354 4.66777480579913 2.33427907871082 5.6162116844207
866.713 8.66906118765473 2.20644854707643 4.79443181492388 2.41801578952 2.46197553724051 1.78360738018528 3.66667051054537 2.43834837945178 9.21308954246342 1.49096668446437 7.39114640653133 1.80743711972609 8.21398944407701 1.50114594455808 7.91212323307991 1.43129426958039 4.68268457613885 1.98325761072338 7.66082272678614 1.6754177518189 2.43214078806341
869.956 8.5949512924999 1.42399121010676 3.8475683927536 2.44744001189247 7.49451686628163 1.31474721208215 6.10893061570823 1.9235878361389 7.62679795734584 2.13776977611706 6.89813351258636 2.12908444162458 2.19365942105651 1.8516983224079 8.96523108147085 2.37130172541365 6.98645322583616 1.78292733235285 6.46298265829682
876.118 9.13279500417411 1.31703426269814 5.28971907868981 2.42717946246266 7.89814754761755 1.43805361315608 8.560720782727 1.94780415743589 6.6433367729187 2.32913957284763 3.46545535326004 2.16564516667277 3.25929593667388 1.76746127931401 8.98469357192516 1.49766657939181 2.41268728487194 1.69665480945259 4.48457161709666
883.518 7.76439086534083 2.13439228767529 2.6241554133594 1.43495415495709 9.2544213347137 1.85118201449513 2.21912601962686 1.78506763065234 6.04720604419708 1.9775306773372 7.66195588745177 1.31875469386578 5.47980705089867 2.29738738080487 9.20013088919222 2.14490198697895 2.0158614423126 1.85602581966668 4.34550259634852 2.06077989079058 2.60306082293391 2.48857895703986 8.30832656472921
897.437 5.37656335346401 1.54140785429627 9.69455363415182 1.64557822681963 9.43748281151056 2.06181303551421 8.73150998353958 2.34987821290269 2.57893882319331 2.18413614127785 7.81352708116174 1.83094129161909 4.61678788438439 1.7642082830891 9.39171192236245 1.95615908736363 7.27268250472844 1.52423531506211 3.36487999930978 1.79291852880269 2.38943632878363 2.41823179172352 9.12172563001513
909.468 8.4917866922915 2.01917597437277 2.72970636002719 1.73493706956506 4.39636764861643 2.11169611644 4.9160518925637 1.51126329703257 9.14437891170382 2.43051190180704 6.33778528682888 2.07841652510688 6.25564737804234 2.47835288345814 4.12473229132593 2.35640450967476 8.43785174936056 1.35917675774544 8.39891303703189 2.30729717556387 8.5364780779928
910.526 5.06324780918658 2.2074618479237 8.41688784584403 2.49609289681539 4.20650650560856 1.5495542938821 4.97804894298315 1.52439714306965 6.81095872446895 1.68573097903281 2.00656043924391 2.32809134181589 3.92162616550922 2.31253190683201 3.96320725791156 2.08059599231929 4.10859292186797 1.59129016352817 8.31051853485405 1.35316553479061 3.91277589462698 2.13579417327419 6.11774439923465
924.647 4.2334657125175 2.08896447774023 4.62691647000611 1.75666610775515 3.16574127599597 1.43949426729232 3.29648025520146 2.10532253878191 4.12729975394905 1.49685679785907 5.87536410614848 2.49899230245501 4.84162023663521 1.35421355264261 5.71039648167789
961.595 9.41948742978275 1.78003414552659 8.7107242718339 2.12666016444564 6.01300052367151 1.47613460421562 5.40043674223125 1.61868641208857 5.06060595065355 1.60562122892588 8.82446191087365 1.37525942353532 4.52846197225153 1.37243373785168 9.89079322479665 1.67318669483066 5.29271861165762 2.09716619485989 4.58213322423398
977.305 7.49631184712052 2.09483418287709 5.03660723939538 1.93664333848283 4.65272590331733 1.77466708915308 2.85334323346615 1.80522200260311 8.87458393722773 1.49576388541609 3.8258834797889 2.12598385298625 7.9450413249433 1.83796286750585 9.68957629427314 2.07504763649777 2.68482540920377 2.48719658926129 5.19103498570621 1.60187124982476 5.00598816201091 1.88312608283013 6.64310913160443 2.26385706579313 9.46721091866493
1076.36 5.67583008483052 1.82760689901188 3.51571911014616 2.3753138625063 7.07417717762291 2.03390736812726 4.73768215626478 1.95766030019149 2.96200138889253 1.48432289464399 3.98150791414082 1.63256590329111 7.9608472045511 2.26979752928019 4.63809061422944 1.37030898462981 3.02596292644739 1.33517639534548 6.44056310132146 1.34830678300932 8.40268601477146
1086.33 2.23204988986254 2.45056159468368 2.60808001831174 2.32585888030007 4.80902227759361 2.02839797586203 4.64926929213107 1.68973171198741 2.0479294732213 1.36988889453933 5.07803132943809 1.44027590407059 7.67246456444263
1107.82 2.28297721967101 1.7828004239127 3.27134713158011 2.44265532931313 9.67838207632303 1.5172007676214 9.13797143474221 1.59674507202581 7.87141549773514 1.61732311677188 4.87004355341196 2.49514354988933 3.94156502373517 1.93432544078678 3.41098482906818 2.40691476035863 5.82151312567294
1118.73 9.56648925878108 1.57442455505952 3.48507349938154 1.35236415723339 9.00001153349876 1.99589474517852 4.70768835581839 1.72524297386408 4.42090689390898 1.82354333419353 8.35402856953442
1137.35 2.36398721672595 2.20596581706777 8.1482542604208 1.93880457142368 4.59423365630209 2.03792099636048 2.90343692153692 1.57822825517505 6.54408522322774 1.48026427319273 3.90648646280169 2.42296212185174 2.91343458928168 1.58267689496279 5.82570431567729 1.99316923581064 5.46986473351717
1177.51 9.47487808763981 2.16440105754882 5.3757673446089 1.50214360924438 4.81960067525506 1.58261297764257 8.36008073017001 1.8425056103617 9.62155510671437 2.45267125405371 3.27905284427106 1.75547770811245 4.01074593886733 2.27513070907444 6.99383283033967 1.4804002170451 9.92763841897249 1.30577573142946 9.26993072777987
1233.36 3.32380994409323 2.338853458222 7.39860825799406 2.09908878942952 3.03942405804992 1.7910260903649 2.37709188461304 2.44980792049319 4.70674575865269 1.3719336441718 9.73235358297825 1.55220200438052 5.19605119712651 2.24610109133646 4.22422206588089 1.68859021635726 9.8104368057102 1.52518636072055 8.02317567169666
1291.6 6.03914524428546 1.30938048344105 4.83855743333697 2.09243497597054 7.66031498461962 2.40179025782272 3.19969012029469 1.43671455075964 7.53661208227277 1.67770855668932 2.31246831826866 1.31013664202765 4.71276172436774 1.90621739514172 2.17801681533456 2.33038823502138 2.748142125085 1.60867302343249 2.54991749487817
1307.61 4.57411053031683 2.29460324589163 6.81231281533837 2.23282912690192 7.09813768044114 1.41252618506551 9.67851261235774 1.43577452115715 9.41235002689064 1.75479789245874 6.26186903193593 2.01786397267133 6.96302224136889 1.53130723740906 3.64497626572847 1.57153996778652 6.31313626095653 1.90127042410895 7.23630899190903 1.78192342454568 2.40549730882049 2.28344108024612 7.22418175451458
1325.04 6.81416221894324 2.29221693258733 8.28111703880131 2.20911350864917 6.6637923233211 2.26542973490432 9.1529494561255 2.04646053882316 9.48828227631748 1.38607315374538 3.98707851022482 2.2605990066193 7.79157523065805 1.51454819058999 3.30829407274723 2.40174389025196 3.03681918233633
1397.25 7.64528757333755 1.38028138270602 6.83359185047448 1.35858334414661 8.35835549421608 2.10403831414878 6.91983472183347 2.29671641057357 3.80340471304953 2.01453592041507 4.51209550723433 1.84324713610113 9.1676655896008 1.87533054994419 6.48784541897476 2.11050460459664 8.86217674612999 2.24307664111257 8.15465358644724 1.60774337593466 6.6104968264699 1.59539275867864 3.89592284522951 2.37041108449921 3.17590561509132 1.92778493724763 2.71209309250116 1.90233921566978 9.82025264017284
