# Using the following values to generate the workload:# num_procs = 50
# mean_io_bursts = 10
# mean_iat = 25
# min_CPU = 2
# max_CPU = 10
# min_IO = 1.3
# max_IO = 2.5
17.2577 4.24052019417286 1.92228989703581 2.29867473430932 1.84515395844355 3.98096249811351 1.5827249805443 2.4935463834554 1.34492411566898 3.97242627665401 2.1900502464734 2.41536296159029 1.84133459087461 5.64555122703314 1.49818401690573 3.24466640502214 1.72503351960331 7.50187130458653 2.15581347113475 8.29562267102301 1.73957901000977 6.39833661541343 1.30813044244424 2.84477225132287 1.41342670489103 5.66549640521407 1.34811483323574 6.57432952895761
18.0879 2.1782555244863 1.69749606391415 6.36139278672636 2.20939382659271 6.19044941291213 1.5247978634201 2.64243193715811 2.2451882484369 6.1916302293539 1.3898695752956 6.00050601176918 1.33524493975565 2.90850154869258 1.74270963771269 9.94357420690358 1.52473321240395 2.72999630309641
66.2534 6.01126769371331 2.06711203893647 9.58585256524384 2.28322870321572 3.40846576914191 1.52518148776144 9.50205662474036 2.49651098391041 8.53853084892035 1.94946507541463 7.90591697022319 2.33130101645365 5.77480746246874 2.23325904393569 4.54172611236572 2.25391777707264 2.97725446522236
84.1363 8.56890974193811 1.82949313204736 6.73513577319682 2.05566980568692 7.30627859942615 1.35448649618775 3.18624733574688 1.7448586601764 9.01651265658438 1.48208264131099 8.49774557352066 1.34103239914402 6.99826199188828 2.17354084234685 4.34116264805198 1.96519174892455 7.24192490428686 2.43673565434292 6.2402356415987 1.71076168548316 2.05193481594324 1.62013721391559 3.95283958874643
89.8426 4.67032867856324 2.14561538891867 6.10747522115707 1.66313018910587 3.25071882456541 2.41337286615744 5.41176450625062 2.05653407853097 9.40564305335283 1.36402834942564 6.21506862901151 2.28195058871061 4.70625722967088 2.36457463176921 9.70214021205902 2.06028734864667 4.30963221937418
146.869 6.19733941182494 2.43592039719224 3.2608252633363 2.19499341016635 6.99217431247234 1.49490869743749 6.58330717682838 1.88059045402333 6.13104603812099 2.07083141738549 4.04397570155561 1.38760739937425 8.336989171803 2.01082178540528 5.65217017754912 2.47162080174312 9.16975679248571 2.15683361832052 8.05513176694512
167.699 2.86731540597975 1.37940355744213 2.53986637480557 2.05928966021165 2.41814512014389 1.79626737404615 2.72526568174362 2.40216323044151 7.08323619514704 1.98612435152754 6.7403950355947 1.9872427594848 2.41114720888436 2.26989759467542 8.28115036897361 1.3354754127562 8.11308239027858 1.45261858953163 3.13959104195237 1.32884425306693 2.27895688824356 1.68936828663573 4.3960034865886 2.05123625360429 7.04282317869365 2.36236300515011 2.24166961759329 1.97621852755547 6.96049439162016 1.69928062697873 5.23026616871357
173.13 2.9464693274349 2.10701379422098 5.17163276858628 1.32905227793381 9.55590758472681 2.04177076816559 6.61387859098613
191.059 6.64992849342525 2.30657085934654 4.32323141768575 2.15804741540924 5.21824589185417 1.68469707574695 7.8003882560879 1.83300704490393 5.64449231140316 1.95023391526192 4.40085226669908 1.38257580213249 8.38326512463391 1.59314972255379 8.31742757000029 2.26499936329201 2.58443555422127 2.33827418936416 4.11139339394867
204.77 2.23402353562415 2.29295745724812 9.67687285505235 2.19497339613736 8.71092894487083 2.3952255398035 6.98476376757026 1.55878062993288 3.25635270774364 2.30443813744932 2.32140683196485 2.33440551245585 7.59982992708683 1.39671808835119 4.56453053094447 2.33012439450249 7.63177102617919 1.76632912503555 8.57917930744588 2.32244635857642 7.77054871991277 1.48118682065979 3.18726395443082 1.41939572356641 8.64644990116358 1.58728908440098 8.87742907181382 1.8133556955494 8.74443591199815
218.146 4.24872989952564 1.70243985317647 5.4185516834259 2.41748602138832 5.75983956642449 2.49034831812605 7.17477546073496 1.85364855546504 5.37447657249868 2.32284913640469 9.37106349505484
223.298 9.8963710218668 1.8540477855131 5.24751490540802 1.75373739199713 7.72467685490847 1.43506713574752 6.00543342903256 1.69650572082028 4.16466215625405 1.39363853633404 7.21520631015301 1.3031450423412 4.59832501411438 2.41868197899312 4.12464428134263 1.42291386704892 4.84253743849695 2.29190595895052 6.9302711840719 1.9480083970353 6.0654894374311
231.744 5.35260877199471 2.40053079696372 7.35418625362217 1.40862955786288 4.68576960079372 1.92736723739654 7.31591442972422 2.29311180273071 9.71141838468611 2.0444776118733 3.00667390041053 2.23162313252687 5.94192873314023 1.47774869976565 9.36933817714453 2.45751820160076 9.0638988185674 1.9404513980262 2.67786444164813 2.12705651475117 7.5665029399097 2.46320848818868 6.63082063384354 1.62858588704839 5.81966794095933 1.42904200470075 4.42593414895236 2.15074720885605 8.12642206251621 2.40729912063107 2.36217531003058 1.81474394239485 2.67269785143435
262.361 5.6288229059428 1.6991054049693 5.35525844618678 1.63528224676847 5.83755687996745 1.77813752312213 8.81982028111815 1.88753504659981 3.270652577281 2.34400003170595 2.36410316266119 2.00693935602903 3.73254020139575 1.67740294104442 9.63612789288163 2.08743380252272 5.3043883126229 1.74798211576417 5.79102278500795 2.31297022141516 3.42931712791324 1.51305607352406 5.02591952867806 2.08437647847459 9.67604675143957 2.40262819137424 3.86950518190861 2.42113458057865 2.17351443693042
272.124 9.70650042593479 1.41109806103632 6.78789019957185 2.07349517587572 6.27443985454738 1.50431150663644 8.8204433079809 1.83444824637845 3.99317776411772 1.59208527421579 2.006387475878 2.22098094662651 2.16069184057415 1.77716200901195 9.79548347368836 2.33291090121493 2.55555942282081 2.24873325424269 6.36684279330075 1.32658860078081 7.62578208558261
290.51 3.89649462513626 2.0059584626928 5.57960095442832 1.665475485567 7.54525785893202 1.37977427169681 5.46818486228585 2.34818539870903 7.06962874159217 1.78311331449077 2.57478266395628 1.89112291410565 7.45470760576427 1.85566223394126 9.97231419943273 2.28386105215177 8.18089607357979 2.06477562896907 3.20906554348767 1.42763742180541 7.56124913878739
296.371 4.21819633059204 1.34465358443558 2.19693240150809 1.3998339834623 6.3279822897166 1.82246801704168 8.61119162850082 1.99832071997225 3.18278526887298 1.93057433124632 6.33427356369793 1.97014697557315 6.33227844536304 1.57152999918908 9.21607931703329 1.87722003767267 7.0880669541657 2.43629348659888 6.59457350894809 1.90914443954825 9.40667716413736 2.45632418273017 4.37409504130483
317.128 6.416627895087 1.82468150528148 4.16352355666459 1.40114621119574 7.17043742351234 2.30595305301249 6.26684531569481 2.44850035058334 8.94026891514659 1.47214603200555 4.79172703064978 2.27705842833966 4.24405445344746 1.80946390610188 7.87000034935772 1.98492719279602 4.47522954456508 2.31167208310217 2.19387441687286 2.09421035777777 4.44675306603312 2.39442668017 4.83999693579972 2.40648837378249 5.81608110107481
366.412 2.37840544246137 1.61568338628858 8.67722238600254 1.50185941690579 2.87322477437556 2.00734270215034 2.88692951016128 2.00319977886975 9.12968325614929 2.20647304626182 2.71137772500515 1.66949122045189 8.15800741128623 2.04600268797949 7.33399333618581 1.50049718106166 9.90411559119821
467.768 3.36549150198698 1.9674845864065 8.23813913017511 2.26511967573315 9.31219977885485 1.87586833508685 6.82226067408919 2.3659049294889 8.74744137376547 1.89751607719809 8.16470400430262 1.98760220734403 7.37622082419693 2.00890178726986 2.9615265596658 1.43842063769698 9.17991439066827 2.47531738756224 5.97359126061201
497.229 8.25998815335333 1.37818255834281 8.78613173216581 1.63043377455324 5.73473994247615 2.04694976536557 3.23854708299041 2.21248865798116 8.25969018228352 1.98703794404864 8.15340035781264 2.26238859463483 9.69471641816199
533.645 8.26661950163543 1.33490944905207 9.15937603265047 2.14965876173228 3.21640579029918 1.83206246141344 6.22067073732615 1.62506772931665 7.16698919981718 2.0049013803713 5.92642864212394 1.95545033263043 7.55104914493859 2.20515131512657 7.94640808366239 2.13427423331887 5.79286388121545 1.47589890314266 8.62747123464942 1.3018623130396 7.15416518785059 1.92614034777507 5.70497608743608
555.541 8.64326689578593 1.7118732216768 9.23218051157892 2.30615735072643 5.89513398520648 2.15166728729382 4.84216873720288 2.21501986142248 3.8552661780268 2.31503576124087 4.71128679253161 2.10279246214777 3.74810058996081 1.5444505832158 2.99091669172049 1.95031351037323 8.02531781420112 2.09201411362737 3.14256190881133 1.75850156098604 5.14785169437528
556.335 7.51428084075451 1.83095828704536 3.69564126245677 2.2021278668195 4.75706076994538 1.92779568899423 3.47231848910451 1.52857660613954 4.99307334981859 1.53473077379167 9.93029453419149 1.56774756144732 7.5099916998297 2.07217721464112 4.65194650366902 1.85092695709318 4.28783961012959
558.052 4.61070724390447 1.56331029282883 9.01381810754538 2.23250459190458 9.1488753054291 2.48337222803384 8.03967375680804 1.7555141990073 7.75535217486322 1.49064389904961 8.63774986751378 1.93043329399079 6.16087280027568
562.404 6.26967131532729 1.96647356459871 2.14249082095921 2.46384601099417 5.13615646027029 1.30376565437764 7.43473619222641 1.97072460073978 4.46937723271549 1.93426351863891 8.80616183951497 1.67917828317732 3.27979306690395 2.36999174403027 7.07972716912627 1.48938229605556 7.45924820564687 1.78823637003079 4.47126392833889
640.758 8.33448709361255 2.4579256657511 8.50202378071845 2.07246596058831 6.36001622676849 2.25267017716542 7.27342605963349 1.65786429252476 4.83461365103722
652.291 2.94768170826137 1.36345519376919 9.60977112688124 1.42211455339566 5.084681622684 1.79760743500665 6.03057203069329 1.30913139423355 8.83550529368222 2.01793871773407 6.33412363193929 2.34524302911013 6.93666294962168 2.44578087842092 3.9716156963259 1.56569353109226 7.52128120139241 1.32546618375927 4.5307638105005 1.83381940275431 8.61920643225312 1.9311647198163 8.57749238424003 1.31884233253077 8.94534346647561 1.33476517051458 3.75487677752972 1.64581398013979 7.6305325049907 1.92480520363897 7.72419695556164 2.49203059766442 8.96918925456703
677.4 7.21133318543434 2.47587819974869 3.32876723073423 1.78659689519554 5.48263537883759 1.4571812226437 6.87348542176187 2.37515405872837 7.79254991933703 2.05068836435676 7.11449173465371 2.25576920537278 3.14906836673617 1.43515974935144 4.42660845629871 2.34780779704452 7.82970570586622 1.50141856651753 9.57126226276159 1.69311463832855 3.7882590983063 1.39114893311635 4.59896237589419 1.82247075708583 2.11544117704034
687.505 5.00079176947474 1.80227984171361 9.57747343927622 2.36046221023425 3.45617905072868 1.72738992096856 9.85328077897429 2.04004922891036 9.14573506824672
693.98 5.40361716412008 2.12503975564614 6.77382462285459 2.45089019462466 2.04784798808396 2.41610845867544 7.48136019520462 2.35046180179343 4.75409663282335 1.90840045427904 8.33363512158394 1.73552701389417 5.48042371124029 1.73151841424406 6.52264128252864 1.77427166393027 2.98369861766696 1.4283419447951 2.54511182382703
749.706 8.11192948184907 1.46610510889441 7.69456348754466 1.57010087128729 9.87611647695303 1.34700329061598 9.79881020635366 1.54179101847112 5.86149263754487 1.80200241804123 9.40902887657285 1.61459120223299 4.18850567936897 1.71744349617511 6.54595841281116 1.52780542913824 2.5007274094969 1.31709071118385 4.19044599123299 1.45714159244671 6.91106662154198 2.04058052031323 6.33901287615299 1.91895348550752 7.09323401190341 1.68323515504599 2.64043495617807 1.47752206847072 7.87668381817639 1.65853645997122 8.72861446626484
803.171 6.32014398649335 2.45749414581805 2.59476916864514 1.56704376377165 6.36819441244006 1.42570037376136 4.80400656722486 2.04401059849188 4.56456388346851 1.38255812050775 7.06839157268405 2.38411022620276 6.04382579214871 2.42159579508007 3.98205062001944 2.13359250715002 5.34738254733384 2.24510591998696 7.48202507570386 1.88466104427353 7.35571363940835 2.49919732380658 7.29647913016379 1.38020797399804 3.00584931485355 2.1345054090023 9.80675724521279
851.022 7.45389687083662 1.57041344363242 7.94896996952593 2.40300576761365 3.79760777205229 1.87085101613775 2.88909012638032 2.16414663940668 2.50550673529506 1.98312942907214 3.87060025520623 1.37431936794892 5.70102315954864 2.48638087110594 8.20188732817769 2.1480185710825 4.89148639328778 2.10432896586135 7.16541112959385 2.41020305808634 9.27730422280729
894.403 9.24413465335965 2.34434214914218 7.29875013045967 1.32602079054341 2.41720776073635 1.60284550022334 6.03100479580462 2.32567229187116 5.83619126863778 2.13418938554823 2.84193460270762 1.64150534216315 4.72278193570673 2.33318696925417 7.23080362193286 2.21092667495832 6.25999869406223 2.09640489341691 3.94945226050913 2.3196309725754 6.28374827466905
929.13 9.09420154243708 2.41054142937064 5.21946563571692 1.3782097235322 3.1667375266552 2.38828497249633 4.97732376493514 2.37442864300683 8.43146612867713 1.92037175828591 5.12794017419219 1.96254442287609 4.34720818698406 1.47191435201094 4.63153059594333 2.32763925716281 7.42080259136856 2.07737089525908 6.2066568788141 2.04457216924056 4.50463753566146 1.32344998205081 4.24732700362802 2.30871606748551 4.88101462088525 2.24850890533999 5.92142251133919
1009.69 3.70058639720082 1.81949924696237 4.6801121737808 1.965143545717 7.54371887259185 1.91671669390053 8.9207350704819 2.09715247619897 2.0146596878767 2.10272202678025 4.26843370497227 2.24816980119795 6.84755778126419 1.32451798766851 5.31201995536685 1.53359022727236 8.01117549464107 2.41056688018143 7.35846224799752 2.4551586676389 3.10478520207107 1.38458883464336 4.90226609818637
1015.5 2.10490662790835 1.98265068661422 9.71327616274357 1.96543945819139 7.18393661640584 2.48138398695737 8.42555213160813 1.86347998557612 8.92001104168594 1.93820239091292 3.08811521716416 1.76895255483687 5.46840981394053 1.61065805312246 7.29829255491495 1.75946393478662 8.69956048391759 1.45340115083382 2.80026143230498 2.43505354663357 2.86645084433258
1027.81 6.62898702733219 1.5038626733236 9.59698342718184 2.29242871953174 6.42921270988882 2.2919803542085 4.38248120807111 2.489067134168 5.22959350794554 1.741634584032 7.57167308218777 1.76207930343226 4.89998028799891 2.4022071977146 9.97958484850824 2.32971897413954 9.4375123269856 1.3458641606383 4.92986795119941 1.51837992342189 8.85394028387964 2.11943910541013 7.14953183755279 2.00693981368095 8.2882751878351 2.01032181465998 2.48207626119256 1.50708178738132 5.30376866087317 2.19405848039314 2.91419559158385 1.5018158307299 8.08746925741434
1100.59 3.22633263096213 2.27560047563165 4.57797894626856 2.45495818676427 5.16697915457189 1.66564429290593 9.3117001503706 1.30176119878888 7.02728165499866 1.47581671075895 8.70638154819608 2.33116086935624 9.04366999305785 1.94257970377803 2.76062863133848 1.62625640360638 8.32354017719626
1108.95 9.48770988360047 1.86039358302951 5.2913607545197 2.02287337267771 3.68064132705331 1.75743836937472 7.15436908602715 1.97126936716959 4.70198725350201 1.919041722361 4.50161017104983 1.79508280577138 5.48312922380865 2.01019886191934 4.86551164090633
1113.59 7.23544389009476 1.41735772779211 6.96369565464556 2.36263175969943 8.28657094016671 1.34206548379734 7.78132321313024 1.64904643930495 9.78543614782393 1.7910394994542 8.02943914011121 1.30552855664864 4.64345263876021 2.20374730834737 6.76945583149791 2.3399804495275 7.68729894794524 1.97435911633074 7.99348149448633
1146.64 3.99246440455317 1.63765106648207 5.37406731955707 1.31020131763071 9.07751918397844 1.86914594452828 9.4537789169699 2.38209394654259 4.84049271047115 2.22873826250434 5.07528870739043 1.57902073254809 4.44767067581415 2.11298446720466 5.96964613348246 2.42033564019948 5.3431808706373 1.69397395886481 2.8384414203465
1157.84 6.25784004479647 2.31911434167996 6.49728605896235 2.33075213227421 7.36418211460114 2.38657772690058 3.45931800827384 2.246673200652 7.97648923099041 2.14121593553573 2.16148105449975 1.47066582031548 7.4175769072026 1.54401413584128 2.38959648087621
1197.73 7.68473078124225 1.40549444667995 2.07729613035917 1.97098508318886 9.08105325140059 1.52362938392907 9.11108044534922 1.50402746321633 5.62607607245445 1.66330440863967 5.07535761222243 2.39558450318873 7.77112718112767
1272.08 5.49600161798298 2.14008397236466 2.76586469821632 1.59392934627831 2.78300556354225 1.76543457591906 2.60817256756127 1.41139947008342 2.316117817536 1.97293454287574 8.73414924740791 2.4170666705817 4.23446745984256 1.84966367827728 7.80914628878236 2.42881638277322 6.52185126021504 1.71428658226505 8.39187921211123 2.15527079319581 5.77715593203902 2.01914787739515 3.94668781757355 1.53902615802363 5.64217674359679 1.83830218035728 5.83346516080201 1.87661285707727 5.41121577098966 1.47312488267198 6.30531962402165 2.49029995566234 4.17779230512679
1312.32 5.89771820418537 1.97685355674475 9.43790318630636 1.53490860257298 2.0376876629889 1.98093124702573 8.00389879755676 1.41472571017221 3.61683852784336 1.48551820460707 2.38732196949422 2.29454466616735 7.86138390004635 1.6291346963495 5.26094128377736 2.11244568321854 2.69764675758779 2.4218946130015 8.32041828893125 1.38074257429689 7.99422167614102 2.31255223602057 9.69924049638212 1.52982392776757 3.29627741500735 1.71281993165612 6.54804159514606 1.50154614467174 4.38178910315037 1.72719226060435 2.61374351009727
1368.26 7.70278027839959 1.58794354898855 2.17038081772625 1.75110484603792 3.88838094845414 2.03174756262451 7.24437867850065 2.27520954506472 4.63514175638556 1.54392600068822 4.07709486223757 2.31233414616436 7.30957582779229 1.93072692966089 8.30341851711273 1.91238686423749 2.7047756742686 1.65320500629023 7.05901963822544 2.01542211528867 4.1945067346096 1.84389978321269 2.59858179278672 1.87999302102253 7.12215765751898 1.30516366865486 3.38014735840261 1.8849349190481 2.68313018977642 2.48040841333568 2.21113886497915 2.26107898205519 3.02440479211509
1371.76 8.42140489444137 2.28368300739676 8.42361760698259 1.61652945196256 8.30648177862167 2.12185930535197 8.75833630934358 2.25857680374756 5.05294419452548 1.39901885371655 2.88869516737759
1434.02 6.94772877730429 2.10382397826761 6.91432351060212 2.14414025414735 8.15737611241639 1.89820891078562 7.47225222922862
