# Using the following values to generate the workload:# num_procs = 50
# mean_io_bursts = 10
# mean_iat = 25
# min_CPU = 1
# max_CPU = 2
# min_IO = 0.3
# max_IO = 0.5
20.249 1.47032673307694 0.360056692967191 1.00218136468902 0.370261089503765 1.79814031324349 0.423551889974624 1.40576897584833 0.456622202228755 1.0834776267875 0.419895561551675 1.36992137506604 0.324889456247911 1.75282887229696 0.453927279589698 1.20778162404895 0.312548512406647 1.32229937729426 0.405605752626434 1.5587158864364 0.405961996177211 1.45630284980871 0.484991404414177 1.91716643888503 0.497785203298554 1.90261518349871 0.362878163671121 1.3778825935442 0.470812084292993 1.40021333470941
59.111 1.11287169810385 0.43889271998778 1.30700047081336 0.307826471189037 1.56437901686877 0.419210085831583 1.10704294429161 0.454921381687745 1.30664467206225 0.31184991565533 1.11026712227613 0.401096473168582 1.27704838942736
66.7373 1.51817651861347 0.479035916086286 1.77858722070232 0.36084116762504 1.5298809253145 0.495298076421022 1.56605466990732 0.32771112639457 1.80245165899396 0.331622479204088 1.78145156195387 0.448877408541739 1.6545363899786 0.377207830781117 1.99813797930256 0.427481164364144 1.25679200119339 0.415267774835229 1.95582996448502 0.394271786278114 1.37834255071357 0.362414344120771 1.44205867918208 0.450587636930868 1.45094456756487 0.387683160649613 1.48409897950478 0.383642250066623 1.00572007149458
89.2972 1.79495133692399 0.342992604756728 1.62845975556411 0.445080273458734 1.58666458446532 0.300214484566823 1.73539541801438 0.39756749663502 1.04172700410709 0.450054048700258 1.20434380159713 0.499881573580205 1.8510648063384 0.337293959315866 1.5629616943188 0.497217064537108 1.19160900171846 0.438669870235026 1.88016430218704
127.806 1.45534895383753 0.303837801283225 1.93103385623544 0.497623798856512 1.7776452449616 0.394994795601815 1.05952782556415 0.453364572813734 1.57623592787422 0.484313775831833 1.11643317970447 0.477254402730614 1.1326891167555 0.336096270475537 1.02138677192852 0.458736004075035 1.57751331082545
138.792 1.40695323748514 0.357182274572551 1.89665665850043 0.335922133224085 1.80975307454355 0.497006856650114 1.58855202700943 0.489576957607642 1.30108707142062 0.40799550563097 1.4942822677549 0.491138816438615 1.4225846095942 0.339271251671016 1.92332121729851 0.360899492213503 1.07310112146661 0.482098830863833 1.00692428532057 0.321554583450779 1.13157750293612 0.41537109548226 1.67876133788377
139.628 1.69014427252114 0.340575481113046 1.96748997783288 0.498405531281605 1.82692009303719 0.44224613676779 1.39479249319993 0.411436692764983 1.90168798621744 0.449518152000383 1.41845557419583 0.35253529236652 1.04599684197456 0.407214251533151 1.42404996976256 0.481064938521013 1.70067325094715
146.574 1.03401734866202 0.368524376209825 1.3769879299216 0.409945234283805 1.27052373951301 0.39145772238262 1.02325058053248 0.336684852279723 1.44439452933148 0.406335606426001 1.44090057443827 0.436458228575066 1.50136200385168 0.476856239140034 1.44805589062162 0.48332868735306 1.08152979309671 0.34656541980803 1.84848639252596 0.40463029211387 1.41045979922637 0.498318544775248 1.12865691748448 0.471887081908062 1.38670205301605 0.326837105536833 1.5772790745832
191.539 1.21870687115006 0.377114251349121 1.99577918485738 0.48372457632795 1.17888721567579 0.425423625065014 1.4837918842677 0.357929482031614 1.86377560836263 0.430431019514799 1.16324713686481 0.384774143481627 1.86014751088805 0.338437742646784 1.44312760932371 0.413727080216631 1.95820188056678 0.478231246490031 1.26844596397132 0.437626134883612 1.64495545602404 0.453894900670275 1.43180294753984
287.13 1.42712057405151 0.439318536128849 1.21430279989727 0.355017186049372 1.145865511382 0.493205953156576 1.96323863766156 0.301769893337041 1.63491452392191 0.305101272137836 1.21130475704558 0.400869219982997 1.37920949026011 0.359669317258522 1.54702203976922 0.419703955156729 1.35648261313327 0.317847406491637 1.77517778309993 0.353618782619014 1.56571380025707 0.312716238154098 1.4307791183237 0.433650101162493 1.25573431886733 0.419951927196234 1.92784847668372
310.529 1.63832430844195 0.31821541916579 1.70817792206071 0.456833329191431 1.24079543189146 0.388760285126045 1.47958028293215 0.452143846359104 1.53709790622815 0.304632826801389 1.48333721840754 0.306002740003169 1.58710815338418 0.490952798444778 1.87062089447863 0.342932653054595 1.40777712222189 0.47159992265515 1.43607041332871 0.457712973048911 1.57279173261486 0.486204831907526 1.91362341190688 0.487044027028605 1.16736264224164 0.464816646417603 1.8843894188758 0.371367607312277 1.21454765438102 0.466664056712762 1.48803400970064
333.053 1.21709807612933 0.357206448214129 1.54376098606735 0.349322256958112 1.35669346270151 0.36167638595216 1.40851856791414 0.483276947075501 1.2672102516517 0.348995736381039 1.03036023164168 0.470874335756525 1.35300270072185 0.342683805152774 1.95228385529481 0.379471836984158 1.36976001830772
363.952 1.23353607999161 0.419146549375728 1.76514974352904 0.450458836508915 1.11870145401917 0.417458348209038 1.17527493811212 0.409962749527767 1.18772775493562 0.478097468288615 1.79116182844155
384.347 1.47388367331587 0.468301667366177 1.90289575583301 0.308912194613367 1.68189513240941 0.399044753285125 1.3084450007882 0.444348239339888 1.88671254389919 0.346751614566892 1.11919551994652 0.375579758221284 1.3146161918994 0.458011869713664 1.71694459090941 0.472467137780041 1.35793096059933 0.382792152045295 1.64455920970067 0.444129813928157 1.95245663030073 0.472038788953796 1.83480589929968 0.323701361985877 1.70908926008269
404.683 1.60730022401549 0.312800977239385 1.75312023353763 0.325576107762754 1.71493943058886 0.404266063449904 1.906479784986 0.308663646643981 1.11821067985147 0.382706097466871 1.9939289491158 0.380434365663677 1.90705778822303 0.33447836744599 1.97586096357554 0.361473593907431 1.32958661136217 0.41551607423462 1.89207142940722
409.88 1.10603538504802 0.341299129882827 1.37368380697444 0.316472720121965 1.19112632493488 0.405070274462923 1.40031313174404 0.498601663764566 1.50613203574903 0.478292828379199 1.39793036575429 0.333530140528455 1.71149750426412 0.335519807692617 1.09989730129018 0.35237800385803 1.88405075762421 0.422421720903367 1.59038379089907 0.405314389010891 1.72458458459005 0.456817049952224 1.83361656824127
437.101 1.81591812102124 0.499957965221256 1.25997271528468 0.365510670561343 1.97766644624062 0.323424518574029 1.7915619420819 0.446543652005494 1.64322385936975 0.322496918449178 1.5019454031717 0.33121442804113 1.66065301303752 0.488968962291256 1.8735756597016 0.32469093836844 1.38655609311536 0.42734049144201 1.46825463301502
449.527 1.12111353036016 0.336849663034081 1.47030303394422 0.409406980359927 1.92630135966465 0.344165116734803 1.42333225556649 0.425431736838073 1.77027205261402 0.450786569621414 1.77704182453454 0.335763005446643 1.8904527509585 0.319411824597046 1.20672375103459 0.466977718379349 1.19037981750444 0.308866605581716 1.79121915786527 0.366443509375676 1.61367188580334 0.455966083751991 1.58962130337022 0.34967307462357 1.03282837942243 0.498055128753185 1.35627804789692 0.356359591893852 1.84533252520487
450.708 1.90162191959098 0.40718383686617 1.8577089223545 0.4327624946367 1.79999851481989 0.384929183451459 1.41087165265344 0.435599660314619 1.00593610783108 0.363619510084391 1.66920400387608 0.342464074678719 1.90928765758872 0.367681237217039 1.80811159219593 0.415386992646381 1.57171117747203 0.483992996392772 1.74961090972647 0.372650239616632 1.50516234873794 0.371424071677029 1.97566160466522 0.404691313579679 1.51822369499132
462.508 1.95606705825776 0.411061112349853 1.97111184289679 0.485716468235478 1.51140340440907 0.386076953075826 1.59274094458669 0.336740401294082 1.82206011423841 0.448295715171844 1.33807039936073 0.419528733985499 1.9216260900721 0.304563448578119 1.69146016472951
462.729 1.07089222501963 0.307096737343818 1.05485629360192 0.418293599225581 1.42489054170437 0.475420841621235 1.15240012155846 0.498670715373009 1.46121893660165 0.374885451281443 1.35184903210029 0.405007399106398 1.89875985914841 0.37358376015909 1.02313403040171 0.358152014622465 1.5958327059634 0.312232472281903 1.56158602167852 0.356554712355137 1.20649591111578 0.410330810630694 1.59322690893896 0.483260886231437 1.95690101594664 0.389711530227214 1.18972086068243
477.988 1.82814129139297 0.349268876202404 1.00902972277254 0.450332538969815 1.27065517916344 0.386183797568083 1.07292440766469 0.459138189535588 1.19814531016164 0.490058993920684 1.04730500164442 0.433102956134826 1.6856286926195 0.414609854435548 1.60175811639056 0.304694500239566 1.41579524986446
515.026 1.40841980976984 0.476287220790982 1.32705553015694 0.39405064387247 1.05633395374753 0.353032226068899 1.40257169422694 0.354300642665476 1.18572911224328 0.38482204368338 1.176310144132 0.358259002771229 1.20399232255295 0.431298732431605 1.51179970894009 0.414508781628683 1.50741073326208 0.310592520842329 1.06908789719455 0.425476889079437 1.42591718561016
523.529 1.28740788833238 0.400266487617046 1.90937185497023 0.326812194241211 1.15888906014152 0.354755041236058 1.13569840788841 0.441907026013359 1.19412776175886 0.428224726626649 1.50014381948858 0.363635721802711 1.86760952044278 0.444399596517906 1.00537468795665 0.430919195711613 1.17879949184135
525.147 1.25400198763236 0.38859755420126 1.74975740443915 0.4637209657114 1.07531390339136 0.390026156464592 1.73209461639635 0.313324327114969 1.38319433107972 0.469418451050296 1.05324187641963 0.386866992525756 1.40947922202758 0.368614957109094 1.89091913378797 0.477748456597328 1.69839480961673 0.469039236009121 1.56416319706477 0.32941407286562 1.73680438287556 0.416631907830015 1.83383607980795 0.382803904078901 1.8870150691364 0.335210714442655 1.22017071885057
541.273 1.81753467814997 0.373231801902875 1.14997813594528 0.483423699205741 1.00236366898753 0.436695775343105 1.83776195719838 0.35800851918757 1.96033202577382 0.313629475003108 1.24053018703125 0.417129175132141 1.22144728410058 0.437315507605672 1.09546121698804
576.43 1.37110430723988 0.40390177811496 1.93787841382436 0.456805696338415 1.10691352793947 0.411042174836621 1.91075134510174 0.363005853490904 1.6804691599682 0.49437095914036 1.64072260679677
590.052 1.90379830775782 0.346099356980994 1.74460307694972 0.437246105726808 1.22787289321423 0.43156812353991 1.25525408983231 0.336004018457606 1.69559681485407 0.32413394828327 1.9356380244717 0.434760292060673 1.06844214093871 0.478522258484736 1.96335596824065 0.318289432581514 1.75892894528806 0.46246056961827 1.02584811719134 0.37322217207402 1.9551307009533
610.937 1.26092768739909 0.455130685260519 1.14563726540655 0.453655285434797 1.40920306066982 0.325123683921993 1.44843341014348 0.471984672965482 1.37837482173927 0.368053857190534 1.97056587552652 0.419665758917108 1.70094529143535 0.32731341519393 1.75045485165901 0.336065858881921 1.72357413196005 0.377758174808696 1.37832993897609 0.366401589475572 1.67647313768975 0.453004542039707 1.59224294451997
619.921 1.72169556515291 0.471421479666606 1.31678097136319 0.341227325983345 1.04103838349693 0.318112620338798 1.81412997585721 0.376973676821217 1.12360655982047 0.372385614831001 1.55560490931384 0.389362837560475 1.39897913392633 0.383333155140281 1.79832480242476 0.365078770462424 1.31458056345582 0.354701882321388 1.14622379653156 0.315387107012793 1.6624384841416 0.349817716702819 1.61889322474599
645.218 1.44496332318522 0.486506662098691 1.35421302891336 0.327496963273734 1.50073993112892 0.372445767419413 1.84402648173273 0.45913821994327 1.80407430790365 0.417964280908927 1.95466104359366 0.384968797443435 1.06789938453585 0.367295933607966 1.41069884155877 0.412072311434895 1.20039341342635 0.350789408059791 1.64889721455984 0.376453801803291 1.00540167046711 0.314757782686502 1.51970051298849
662.193 1.63482965296134 0.344868122367188 1.36181610939093 0.450899661378935 1.35532326903194 0.400301572401077 1.92163998121396 0.429859071969986 1.34576105279848 0.395228935033083 1.75925549562089 0.439311872702092 1.13999186758883 0.486501342058182 1.04377901111729 0.433610749011859 1.01955728512257 0.442452296242118 1.34562187083066 0.49995214487426 1.41566335456446 0.38485535341315 1.71091577550396 0.322643727716058 1.76563244778663 0.346423523081467 1.54612267878838 0.448676225543022 1.03605500631966 0.325596521049738 1.99673785944469 0.390143086574972 1.61806027195416
685.283 1.76322978036478 0.425717529514804 1.26148131000809 0.319761590799317 1.89619764499366 0.469759832229465 1.92116520274431 0.31183081981726 1.03561425651424 0.377635274035856 1.58072147890925 0.301811710884795 1.93992689042352 0.454916823701933 1.50884597375989 0.402960423240438 1.5965371907223 0.398019004566595 1.11812164774165
695.642 1.45467200316489 0.391093047615141 1.06626779004 0.491465907683596 1.76232343376614 0.328800463862717 1.44471105793491 0.440510368300602 1.25174629758112 0.310985967842862 1.56328309257515 0.327362716244534 1.84556686459109 0.314430985134095 1.21736367372796 0.426366565888748 1.16747538023628 0.485597192961723 1.87786643323489 0.458834244357422 1.78584714629687 0.407640520995483 1.27022147877142 0.444776343647391 1.52427802351303 0.451826604036614 1.7258257442154
709.336 1.3675948092714 0.465531615074724 1.28916413406841 0.49389695324935 1.83447259827517 0.380049898196012 1.14050010871142 0.350060518132523 1.56822517840192 0.469778907578439 1.76176635269076
760.176 1.60140073369257 0.389792891778052 1.9998878154438 0.328802269836888 1.91847134311683 0.409615613752976 1.08404670609161 0.429777613980696 1.63622893672436 0.309157155966386 1.31768655218184 0.368677083775401 1.1776314789895 0.475352062564343 1.81967905117199 0.346874984400347 1.21659863507375 0.362437740061432 1.07410996570252
773.291 1.82065705326386 0.443374018603936 1.25801649480127 0.454354612855241 1.017066932749 0.302074665715918 1.6050966065377 0.311885874532163 1.60381108918227 0.42739638290368 1.1355335295666 0.397666891850531 1.34385062777437 0.337306488398463 1.1518097629305 0.351299386192113 1.29673932562582 0.336252635391429 1.30009208293632 0.339021874964237 1.55642005987465 0.494463023310527 1.33225138811395 0.467291612224653 1.33903957204893 0.397557760123163 1.39004757371731 0.374104974232614 1.92930990923196
809.912 1.09074788517319 0.461995360068977 1.72696768282913 0.448156769759953 1.12019809591584 0.451311925193295 1.95658367080614 0.492145509552211 1.32184784743004 0.390212385449558 1.73661900707521 0.385530665889382 1.81066608056426 0.382663991302252 1.89297885168344 0.396493578655645 1.98276850744151 0.425142340408638 1.07297001662664 0.456608974654228 1.44500146363862 0.454838852584362 1.41124864784069 0.41710876468569 1.28019055374898 0.428495402913541 1.47964449692518 0.441866794088855 1.93603321490809 0.351323483837768 1.72000653389841 0.401988995168358 1.22395391971804
817.689 1.95883916364983 0.310384063934907 1.89924588031135 0.468370035476983 1.56081122369505 0.353644444281235 1.63266518921591 0.492871098779142 1.35467419587076 0.340804573753849 1.10565496655181 0.479134646384045 1.76701580570079 0.440541300596669 1.3713958254084 0.451000387780368 1.42116140574217 0.39135819869116 1.98692822176963 0.480049913562834 1.12147698993795 0.491514150099829 1.67663450050168
851.651 1.43108050338924 0.403190439380705 1.81260658218525 0.35482438034378 1.51894963299856 0.361115503869951 1.97830183152109 0.481780690466985 1.76192411989905 0.317556945979595 1.80219132616185 0.356170260999352 1.64021529164165 0.301213682070374 1.75339277135208 0.330365684209391 1.45332947256975
905.842 1.4770128922537 0.304787466907874 1.13805450242944 0.462352826585993 1.41537774424069 0.339008895726874 1.54623852926306 0.302253841422498 1.01672187680379 0.325792568270117 1.42588435229845 0.374581506196409 1.76638355641626 0.494296275777742 1.16333532915451
918.298 1.56421960494481 0.388193210028112 1.31473037274554 0.38210025257431 1.12332480959594 0.379496026271954 1.33243861794472 0.424992503970861 1.41100715915672 0.477052826108411 1.28216604655609 0.428606875659898 1.52386074955575 0.367188621172681 1.7366673448123 0.35426142080687 1.83913489780389 0.385740627534688 1.87043756921776 0.361885881517082 1.00803347327746 0.328001548815519 1.70123158046044 0.383080562995747 1.19009864307009 0.300712706753984 1.01435932191089 0.384696232294664 1.29738573310897 0.49789926619269 1.54289452731609 0.325904637482017 1.35681718657725
921.914 1.80925730522722 0.459594190958887 1.85121812764555 0.447916061757132 1.88466055807658 0.461263918690383 1.8179585407488 0.486104135494679 1.24003745126538 0.309561445377767 1.16990698641166 0.451387531077489 1.58594802417792 0.322463593259454 1.29143957747146 0.423710054438561 1.24905182933435 0.381749795284122 1.31237870361656 0.317963690729812 1.59631082275882 0.372021652571857 1.71792693180032 0.382388455281034 1.52657401934266
943.328 1.16335146944039 0.385315076960251 1.391989443684 0.406332205748186 1.72700736136176 0.489910460123792 1.64849914330989 0.303869116632268 1.72593360277824 0.379065791890025 1.01113993884064 0.480972594022751 1.96858718036674 0.453387047536671 1.10488759400323
958.811 1.13044065702707 0.318791056424379 1.84344171360135 0.444341793749481 1.78543471661396 0.409153181221336 1.98053316446021 0.396434515807778 1.51221614307724 0.303136876551434 1.84507932537235 0.39526799088344 1.96345395105891 0.373727979790419 1.51325199287385 0.304793734056875 1.68590214522555 0.36815845570527 1.71204637060873 0.360965359397233 1.82964391144924 0.382937351847067 1.96670698141679 0.412314293393865 1.97370529710315 0.425303740985692 1.93041625223123
997.844 1.25782925519161 0.428804170014337 1.3122785994783 0.44808140816167 1.04494214453734 0.307213510107249 1.93479482131079 0.384245370421559 1.17755178036168
1033.19 1.44189106370322 0.403697100654244 1.70022193505429 0.486956350225955 1.76931074238382 0.42468691165559 1.98458805680275 0.437320397654548 1.54761356348172 0.339790573623031 1.40329175209627 0.450409200321883 1.29172069742344 0.48242065878585 1.33811117126606 0.426300981175154 1.09020976675674 0.322630929946899 1.23839787929319 0.40857500503771 1.81920282379724 0.377839725231752 1.27842069184408 0.447856032056734 1.77535847388208
1061.96 1.89085413469002 0.391584092518315 1.43490821192972 0.319853063905612 1.96456690039486 0.436219225311652 1.46554227429442 0.49947235644795 1.14338070107624 0.427869328670204 1.1592704008799 0.441275800950825 1.80297920363955 0.446669560531154 1.15211875946261 0.402748679928482 1.93804971291684
1062.52 1.01963395345956 0.399626711616293 1.914013389498 0.365553846769035 1.52768237469718 0.374553681351244 1.3998362030834 0.402518133306876 1.24811285035685 0.37823571106419 1.24535928014666 0.357103547547013 1.34682367020287 0.375416685082018 1.52088636113331 0.497372093284503 1.7262586329598 0.413169485516846 1.75293677044101 0.358497494272888 1.70714073558338 0.381773084774613 1.59683395340107
1079.97 1.3040301320143 0.406393416272476 1.27750259591267 0.393499955907464 1.2237233009655 0.406445348309353 1.91550978785381 0.450763179687783 1.19783115573227 0.45682456176728 1.71294663590379 0.391979660326615 1.80494521767832 0.322955012647435 1.64169846707955 0.442778822826222 1.22744814306498
