# Using the following values to generate the workload:# num_procs = 50
# mean_io_bursts = 10
# mean_iat = 25
# min_CPU = 1
# max_CPU = 2
# min_IO = 0.3
# max_IO = 0.5
23.8837 1.12149660475552 0.460400180891156 1.08541172952391 0.443258271412924 1.43373914272524 0.477214789297432 1.77330338978209 0.415188520541415 1.69056174065918 0.329979358799756 1.29463636153378 0.373048329120502 1.91837966674939 0.367917921487242 1.53143697907217 0.322988538816571 1.60730649996549 0.328109957743436 1.27320197690278
28.1612 1.37746493704617 0.321439029881731 1.5928966011852 0.378652058634907 1.23521572793834 0.491159600950778 1.07822783780284 0.408116678101942 1.39356111711822 0.343571728141978 1.5877246230375 0.363648442970589 1.61808629450388 0.395984939998016 1.71923565771431 0.424868439231068 1.43875694298185 0.323543601250276 1.59150099940598 0.414141115173697 1.22486474225298
138.862 1.43029792606831 0.494132512388751 1.89520906284451 0.351500757224858 1.5668932122644 0.474228721251711 1.48075193283148 0.3059107019566 1.33538009878248 0.44826809996739 1.34030076581985 0.499346756702289 1.46354202996008 0.447329807421193 1.15490329824388 0.495224978309125 1.55279046413489 0.482015842106193 1.99690233985893 0.407149754278362 1.8448909742292 0.417414568318054 1.52248232392594 0.499889563722536 1.7424784572795
145.456 1.48856645263731 0.417571397544816 1.85906549217179 0.416600046679378 1.1441372029949 0.334610454970971 1.03498449386097 0.308193596731871 1.6943300019484 0.422944934573025 1.03166223922744 0.334607805497944 1.5011888621375 0.346603030245751 1.24944659834728 0.390614722156897 1.60652518970892 0.422117023868486 1.77316863369197
156.39 1.95003707916476 0.425429837824777 1.72813568310812 0.307393201626837 1.18433772563003 0.371807508915663 1.842341971118 0.354460861161351 1.47176590492018 0.47894176999107 1.89705200586468 0.321613916102797 1.47417721664533 0.379643159871921 1.40428508236073 0.440587994037196 1.50984420534223 0.417304550390691 1.42123302002437 0.484350128658116 1.0733534838073 0.353598872106522 1.00986544182524
176.244 1.7004399637226 0.387022130191326 1.1335041327402 0.401809751568362 1.47887662402354 0.483957116305828 1.67209609993733 0.376922641834244 1.03119743941352 0.306002503354102 1.55367766786367 0.328875930886716 1.5321207717061 0.411218931525946 1.94733614521101 0.498513676133007 1.43361495365389 0.373545851418749 1.83098208112642 0.363320307526737 1.55576118035242 0.48287566001527 1.30639549810439
240.097 1.94606036646292 0.377576840948313 1.02374879946001 0.464498054794967 1.30304044368677 0.399257359560579 1.72931108390912 0.39336381489411 1.73289869609289 0.444248485285789 1.86421606922522 0.482788109080866 1.22717262431979 0.380148671707138 1.05258576502092 0.446944644674659 1.53051461093128 0.46953949755989 1.51846593385562 0.33588188663125 1.48058869503438 0.419820350082591 1.31012388714589 0.425352495070547 1.20166211365722
277.839 1.84450404159725 0.309977589221671 1.86658443091437 0.34461931725964 1.03454592963681 0.42560573569499 1.67940923944116 0.462908698711544 1.71965421386994 0.479742847708985 1.94589058961719 0.474871901283041 1.26687739556655 0.335391258448362 1.37932253303006
325.123 1.47947412682697 0.420310316886753 1.7671224696096 0.374846004182473 1.25753350229934 0.31028470210731 1.44835184700787 0.317041661730036 1.13219572487287 0.3868067514617 1.33223162544891 0.371547705354169 1.52418927196413 0.322051628446206 1.05231306352653 0.370574440481141 1.37048766086809 0.339082880364731 1.73217559768818 0.47669311510399 1.25134518230334 0.401304300082847 1.43099820800126 0.329811067692935 1.80173035268672 0.377825673250481 1.8651023155544 0.309326872974634 1.02431854908355
385.952 1.49844130710699 0.349464718624949 1.0504396322649 0.400042350310832 1.44524759170599 0.313017759378999 1.17728890874423 0.374443754926324 1.89993766788393 0.338639758480713 1.08102466166019 0.391436220565811 1.92879100423306
398.184 1.44539303495549 0.311540930531919 1.73678496014327 0.41510846321471 1.92988824751228 0.478873316897079 1.05335152195767 0.356081838393584 1.12798361247405 0.343904034234583 1.59296881523915 0.378733006492257 1.57231129566208 0.342260066187009 1.39128693728708 0.478774796100333 1.00297621381469 0.303065913496539 1.0296097972896 0.498044023104012 1.01343761873432 0.421118163131177 1.46380674815737
438.35 1.45009192242287 0.359072543960065 1.26811705506407 0.353200381435454 1.18388081062585 0.333185777720064 1.70083135692403 0.36408103168942 1.07876626751386 0.37450390951708 1.95287654618733 0.464928285451606 1.62202161131427 0.473622229276225 1.30340722831897 0.414731352915987 1.38054625224322 0.488829748518765 1.34351452765986 0.403102369559929 1.4714678961318 0.333828308107331 1.59767671953887 0.394693914288655 1.45615295786411
447.96 1.35217696102336 0.365462359599769 1.87815320026129
452.053 1.62017458723858 0.366936432011426 1.48722133063711 0.452692553773522 1.43788504460827 0.434531110618263 1.25067236507311 0.40040350612253 1.6671353536658 0.446429930208251 1.63862983323634 0.309873716114089 1.68944884068333 0.357126737758517 1.70826873951592 0.39185331040062 1.07638564286754 0.344635493028909 1.86834364500828 0.468352237716317 1.53757229470648
495.846 1.56263168761507 0.451624840684235 1.26968278782442 0.405272268829867 1.92064969683997 0.323229443933815 1.27787157450803 0.368253788445145 1.2422855461482 0.425226787757128 1.00546843581833 0.359989861911163 1.43681389209814 0.393577630631626 1.70250894315541 0.397173971636221 1.98455659439787 0.414334802841768 1.8825511704199 0.398942809924483 1.37571478588507 0.426344670029357 1.24470004346222
529.371 1.83087755157612 0.41622124267742 1.05073140701279 0.499612386478111 1.33079010201618 0.308957619545981 1.56441600969993 0.304486575815827 1.04695596173406 0.446830646134913 1.45520124770701 0.468099193228409 1.22731329570524 0.430372337158769 1.41939751524478 0.368313885340467 1.06916438741609 0.49571496238932 1.25052655022591
539.727 1.24648371734656 0.460284596867859 1.91403011698276 0.402679100912064 1.28107669949532 0.375177518790588 1.94569212640636 0.308165687974542 1.63741272990592 0.402462378935888 1.93855286878534 0.358101634448394 1.27093947748654 0.356947965361178 1.85844109882601 0.395995067618787 1.05170208425261 0.386325626401231 1.92958482122049 0.380571188079193 1.2858921084553 0.351111783273518 1.55451202322729 0.332064467063174 1.4810382318683 0.438593297218904 1.68388289911672
575.764 1.5309224864468 0.326983506185934 1.05824714363553 0.358872132468969 1.25368528114632 0.340227974066511 1.7840605401434 0.482719796895981 1.84449663432315 0.352820512559265 1.09016767260619 0.305842023948207 1.11107288510539 0.39153456944041 1.73101872438565 0.357878417614847 1.80257573537529 0.339719160832465 1.7975966851227 0.41717224586755 1.12407692940906 0.365064602158964 1.79183070315048 0.323704749019816 1.93811139813624 0.447827489627525 1.48704205430113 0.389149192953482 1.42754515144043 0.334805497247726 1.31377966329455 0.376635555224493 1.00452428869903 0.332771811168641 1.60844434075989 0.459149773977697 1.53462007432245
588.978 1.90671892743558 0.47414831398055 1.44692125171423 0.487893666420132 1.38552651554346 0.399526892788708 1.5096207621973 0.477688472718 1.10530381300487 0.371662886068225 1.25992908910848 0.366899554990232 1.71527080098167 0.482848659018055 1.3277352207806
614.257 1.79801856889389 0.446866048546508 1.31011173082516 0.379179763421416 1.65517865121365 0.332525652647018 1.44158220756799 0.459462839737535 1.00709269125946 0.328823137050495 1.18966235662811 0.34397240979597 1.74757434055209 0.415505377249792 1.91133340797387 0.406251327414066 1.5887211507652 0.408490079455078 1.00770788057707 0.39928824333474 1.01099738804623 0.326100877998397 1.21369371283799 0.313396162958816 1.40884591825306
619.317 1.70571336057037 0.499676673859358 1.89423846337013 0.41843316257 1.69928877218626 0.447293619671836 1.39891368616372 0.385658809915185 1.60509820492007 0.374496308481321 1.94948206096888 0.396275970852003 1.45968870446086 0.306982192583382 1.98427366209216 0.42328898627311 1.14386246819049
626.662 1.52780922409147 0.378602626407519 1.26895742979832 0.486975283548236 1.46200616238639 0.353698628628626 1.05708632688038 0.330750633217394 1.90688283299096 0.426185422763228 1.45339078549296 0.424808417214081 1.98838226310909 0.41263037933968 1.03595641464926 0.435682303877547 1.79794291686267 0.499369777645916 1.57336794422008 0.385634609125555 1.8129219901748 0.465236123511568 1.71374363848008 0.491471686912701 1.73147865082137 0.426135647716001 1.28365477360785 0.487110475357622 1.81467005540617
626.678 1.8498415267095 0.491344649810344 1.66212795721367 0.443644874729216 1.75792973884381 0.431565522775054 1.99880831199698 0.475154072185978 1.94250836316496 0.314808671595529 1.84032793808728 0.442684423783794 1.23417267599143 0.371457312023267 1.63842796697281 0.317908413894474 1.78666031174362 0.35367989060469 1.74433148908429 0.459122327016667 1.80491791688837 0.444227896165103 1.02688627387397 0.327063902607188 1.06893377169035 0.32246255800128 1.10503069683909 0.366850445326418 1.50527405133471 0.45659778774716 1.79057074943557 0.486205068230629 1.56811309186742
636.845 1.74761003651656 0.388384391507134 1.46132078790106 0.465344782546163 1.19240656495094 0.453530116239563 1.43058568821289 0.427962484490126 1.67799302772619 0.409486629394814 1.92064395640045 0.371532338252291 1.94649207289331 0.326395773841068 1.72785679809749 0.453716808231547 1.03581224451773
700.421 1.03524476732127 0.361501344200224 1.4947555642575 0.464818108920008 1.63192451698706 0.322231157356873 1.08040561364032 0.437833069078624 1.49106508283876 0.385010553011671 1.52569075091742 0.325548151368275 1.88422373007052 0.321739936061203 1.57385983038694 0.416932414472103 1.23227401543409
706.616 1.99411838501692 0.492300702398643 1.50802848278545 0.381919126445428 1.57061994634569 0.339127059606835 1.76736197900027 0.468135787919164 1.58672400959767 0.392929899832234 1.9124111533165 0.346446837531403 1.361032175133 0.321041529206559 1.32145975227468 0.321565024089068 1.73266607522964 0.495048288209364 1.1749308637809 0.389275339618325 1.95694444514811 0.384292283607647 1.98191240662709
746.623 1.60525362519547 0.471657218504697 1.50118269491941 0.383813133044168 1.16672285925597 0.434641407104209 1.86504818731919 0.481614640168846 1.43222588137724 0.417847656225786 1.38195026735775 0.492626022268087 1.07047225465067
763.935 1.71627651806921 0.323442679131404 1.88093503075652 0.48167534545064 1.08332780119963 0.414838165557012 1.49042571568862 0.358009660802782 1.46141429897398 0.370907578663901 1.79290964989923 0.33057360178791 1.70751445740461 0.337760010827333 1.99347472912632 0.431896742992103 1.13320528599434 0.402661105943844 1.370446694782 0.406170095829293 1.56300551793538 0.335747498134151 1.96634108945727 0.323890109034255 1.04188182996586
787.287 1.21900361939333 0.487941265944391 1.89702400611714 0.416499937744811 1.95110271382146 0.41790043739602 1.58273791032843 0.421232821140438 1.40598086453974 0.415224135480821 1.5203760350123 0.405755678005517 1.32219519838691 0.388127433042973 1.70768305007368 0.415017535816878 1.6261982077267 0.305687351990491 1.63253393187188 0.351878860965371 1.82450277195312
789.833 1.28017944050953 0.396951975906268 1.81411724886857 0.443908249679953 1.84930069744587 0.484216269198805 1.38891913485713 0.425979345850646 1.8639193221461 0.33869921984151 1.17708414210938 0.340150007791817 1.7142299299594 0.37901707678102 1.5063911920879 0.465672779083252 1.71382249076851 0.31728776562959 1.93530599586666
799.147 1.94721272261813 0.362384443171322 1.31162550766021 0.371763319382444 1.23766305414028 0.467793284822255 1.34307635831647 0.46180968247354 1.78445012075827 0.367394135892391 1.65494658704847 0.486402332689613 1.20094572636299 0.499360931385309 1.22706502815709 0.329200871428475 1.12373531935737 0.474024195130914 1.99165742401965 0.408677415549755 1.26887658867054
804.681 1.03841604106128 0.325795151712373 1.97117734374478 0.44085415317677 1.83459111163393 0.437973819766194 1.5951515994966 0.456560953799635 1.69646768434905 0.337020728876814 1.99629765143618 0.491936737298965 1.6964336570818
806.746 1.6771944409702 0.342317238962278 1.65889219706878 0.329702371638268 1.73343792022206 0.377126201149076 1.14670854783617 0.305759890284389 1.73935288167559 0.433929414208978 1.40989118791185 0.414097544318065 1.04633554886095 0.431925826100633 1.24880573013797 0.328790955990553 1.49972618324682 0.488638253323734 1.23773719090968 0.334699572343379 1.31488285562955 0.403653825866058 1.17567783407867 0.356970576895401 1.36178973503411 0.402908935910091 1.33164550550282
817.468 1.75237609515898 0.488531257398427 1.82032800302841 0.345198725257069 1.22951741609722 0.452640660014003 1.20679407985881 0.486373396217823 1.74238378624432 0.360271104704589 1.32214053231291 0.456804201984778 1.14909977000207 0.381332994252443 1.30964768282138 0.376094510126859 1.81798878218979 0.384559278516099 1.09341319953091 0.318683655653149 1.79983601719141 0.493312171380967 1.33999312622473 0.388420222327113 1.74123065336607 0.304643263900652 1.31192955910228
822.748 1.67729902570136 0.345261009875685 1.11820462415926 0.34304746943526 1.65432732389309 0.451977198850363 1.64387956191786 0.364986075880006 1.32895981217735 0.378196651069447 1.96123024867848 0.321402251906693 1.33114758855663 0.328606375446543 1.85866213473491 0.307334020873532 1.98926984751597 0.301361616002396 1.62224817508832 0.489406415633857 1.86854288959876 0.334842145768926 1.9263370980043 0.411683863820508 1.81735344789922 0.433776892628521 1.85873354249634
839.976 1.71038225246593 0.353914040420204 1.43742548674345 0.30608364213258 1.80962881352752 0.370755931315944 1.20440196804702 0.484834791487083 1.91370313451625 0.329559303587303 1.17161149322055 0.457393201300874 1.3824794520624 0.361130535509437 1.42695902474225 0.480568540701643 1.01580646727234 0.440297317365184 1.28672167262994
852.596 1.56517842900939 0.497194853099063 1.93057292397134 0.464490250172093 1.94791241828352 0.47628982802853 1.97244935203344 0.321401687944308 1.44140067370608 0.332820280408487 1.53098654421046 0.457161425519735 1.58905263245106 0.300143393082544 1.73898479435593 0.326091538881883 1.51845898595639 0.369031727686524 1.53859908343293 0.322576247621328 1.31399388448335 0.36862975647673 1.38175577647053 0.338626847276464 1.88858220214024 0.437433148222044 1.199506446952 0.303958934731781 1.47315097576939 0.453141579171643 1.48047720501199 0.389301118301228 1.72140053263865
856.332 1.4619965092279 0.480109072709456 1.43698973930441 0.31467116442509 1.29551716637798 0.450635637436062 1.00042818672955 0.468190761469305 1.2811595578678
871.055 1.28316697780974 0.439385539153591 1.8086725405883 0.313017524685711 1.70644009974785 0.46859680544585 1.73321921285242 0.348851187573746 1.90679580857977 0.326647705305368 1.0283849411644 0.481381214922294 1.20101474481635 0.453829331835732 1.37847484112717 0.438276332244277 1.8948120335117 0.476919162739068 1.7087546044495 0.420769580686465 1.10373941506259 0.467218217719346 1.39598698308691
926.889 1.07367122056894 0.387410909170285 1.33703477028757 0.429145088745281 1.88936989149079 0.355203410610557 1.90305555984378 0.467971291206777 1.75469767698087 0.359738342929631 1.78811259171925 0.458178803790361 1.49609896750189 0.416765704425052 1.63590688863769
940.705 1.71257206518203 0.312159156287089 1.8947509995196 0.32936522886157 1.78396728402004 0.416383526474237 1.8703850642778 0.467709093121812 1.01045882934704 0.387252686498687 1.72024984890595 0.380042504006997 1.11120400135405 0.395586625440046 1.72510664071888 0.360529406834394 1.32752047223039 0.499908497976139 1.35461654653773
943.873 1.13063207431696 0.305481434520334 1.36288643372245 0.311354265548289 1.02668165881187 0.439823180250823 1.55495433835313 0.42789249997586 1.301625079941 0.35310343070887 1.02088697254658 0.499113472690806 1.67131702252664 0.323844908503816 1.0523479685653 0.46152886771597 1.79501904174685 0.368443077569827 1.77316759945825
963.248 1.54666781867854 0.404258300270885 1.31260993564501 0.324713987018913 1.24376120511442 0.304189398931339 1.64022882794961 0.324153632624075 1.87399079673924 0.355199562571943 1.27030424936675 0.391919202404097 1.85539876902476 0.373434158088639 1.07864981424063
997.452 1.12994018848985 0.449108383106068 1.39466977887787 0.386677136644721 1.96955010876991 0.465680073713884 1.39344055647962 0.451336486637592 1.3010661075823 0.341013632714748 1.32435375428759 0.318484700238332 1.78008975088596 0.361412151064724 1.84658607584424 0.366352669615298 1.12955905753188 0.4537151676137 1.34525868156925 0.4303359889891 1.68931350763887 0.468372709723189 1.01545306993648
1026.28 1.76094506285153 0.449010814493522 1.84689958207309 0.318987710447982 1.04639683431014 0.483240682305768 1.04389826231636 0.383884447300807 1.561239448376 0.420546479150653 1.1795236247126 0.394740169355646 1.53626287658699 0.372095521632582 1.92131205438636
1034.18 1.15576981590129 0.449664548086002 1.39259847858921 0.404934479901567 1.36503001162782 0.397801167238504 1.04919182881713 0.494389393599704 1.88694069394842 0.47738912277855 1.28158548451029 0.366693021403626 1.84892283147201 0.35578665942885 1.26033780630678 0.333362213429064 1.08397633722052 0.330273248162121 1.72313076863065 0.355242350976914 1.22961718332954 0.45688776508905 1.18758345278911 0.461333017004654 1.15604645037092
1057.93 1.96964460029267 0.43194256532006 1.82377421623096 0.338291477505118 1.41258413693868 0.39602752267383 1.45584836928174 0.421019463893026 1.45423860475421 0.339780913153663 1.62806446570903 0.389935745671391 1.00615790695883 0.462208885326982 1.57277027121745 0.328479258855805 1.39701852970757 0.457610319880769 1.26726216683164
1062.71 1.09618198056705 0.367149023152888 1.50145975896157 0.460549138998613 1.52358173625544 0.423517487943172 1.33032065397128 0.393797436868772 1.31515867193229 0.483619979489595 1.79488797113299 0.387799924379215 1.17295806179754 0.359281692933291 1.6641755530145 0.38435911051929 1.14418038656004 0.425663260417059 1.28617676580325 0.379471203777939 1.8900605707895 0.41252580457367 1.24296187236905
1069.66 1.1404940946959 0.408579988358542 1.51804071944207 0.365583005687222 1.77959634643048 0.401566950557753 1.60572631214745 0.33098418423906 1.41695340233855 0.317949619423598 1.71583898807876 0.486343906493858 1.95448185224086 0.416184390708804 1.26994427712634 0.415277123590931 1.8458625250496 0.468270656792447 1.12477269070223
1088 1.25281622633338 0.462318595824763 1.91153752780519 0.432622743351385 1.02736513479613 0.420962770516053 1.78618388762698 0.42941490416415 1.47550874808803 0.404948195023462 1.02611928782426 0.474077013134956 1.00400142092258 0.401238262839615 1.45336845703423 0.306582120852545 1.28469005110674 0.425020450819284 1.13680406077765 0.39717111364007 1.45495442370884 0.315097908582538 1.64208352076821 0.445564536657184 1.471718829358
