# Using the following values to generate the workload:# num_procs = 50
# mean_io_bursts = 10
# mean_iat = 25
# min_CPU = 1
# max_CPU = 2
# min_IO = 0.3
# max_IO = 0.5
4.21968 1.24540095450357 0.432213033596054 1.84090390661731 0.373627692228183 1.81020747614093 0.465944476146251 1.91101027233526 0.442104109516367 1.60536556062289 0.366350037092343 1.41495675756596
33.7017 1.65389626775868 0.419834410445765 1.50329753593542 0.392595592048019 1.7273891873192 0.440377773158252 1.66974201565608 0.318454600078985 1.12604108685628 0.49263952197507 1.66458982159384 0.448529510712251 1.68533528945409 0.478256668010727 1.25317011331208 0.469730150094256 1.61631529778242
39.7197 1.91066854959354 0.312861477443948 1.13197861425579 0.354429954383522 1.47977350256406 0.457385006640106 1.8427726009395 0.411369983106852 1.37246788083576 0.442206763988361 1.76794441323727 0.453371105529368 1.96786388801411 0.421199240954593 1.76868801447563 0.472552580432966 1.94986708345823 0.416960644116625 1.33941791113466 0.484184166043997 1.09267263114452 0.391382299875841 1.57083898899145 0.479636787902564 1.95168838417158
39.7631 1.64809154788963 0.387668750900775 1.77249465044588 0.478801587270573 1.92053999053314 0.464282843703404 1.80508315609768 0.325258509954438 1.842236694647 0.497320819506422 1.41731087514199 0.403064256254584 1.55834542377852 0.402276322850957 1.94457357656211 0.339565614145249 1.17949271108955 0.45302794361487 1.21954478370026
46.2252 1.98478270927444 0.366976149380207 1.14789202506654 0.384856943739578 1.19685579137877 0.380079682031646 1.17701194039546 0.325741730071604 1.49999151495285 0.331568313622847 1.11998002999462 0.301595342392102 1.84916484099813
70.6683 1.06022769585252 0.454953112080693 1.26477499934845 0.370769656682387 1.34347082325257 0.340501534659415 1.21517585217953 0.455613927729428 1.98846007185057 0.453086936660111 1.106309478404 0.43737879791297 1.62231490458362 0.431287908460945 1.38110118545592 0.376738282293081 1.97074073902331 0.415574868489057 1.71984936553054 0.372203278588131 1.53824671031907 0.392476861923933 1.58812333038077 0.394330083904788 1.0342763713561 0.462966063758358 1.19859952456318 0.332422813819721 1.81357545475475 0.445045379549265 1.01790570933372 0.302464847033843 1.94826558488421 0.402554436447099 1.5165137425065 0.456647786404938 1.75912510370836
125.18 1.4830113989301 0.437311044195667 1.94577102991752 0.436181974690408 1.83701468724757 0.395099776796997 1.3762419775594 0.425132531160489 1.48253357433714 0.403287959611043 1.65555407083593 0.393808278115466 1.71501066396013 0.47638644175604 1.60850503481925 0.314712972845882 1.08678440121002 0.419353373302147 1.03004879201762 0.495408704364672 1.55262737604789 0.304590023122728 1.56595827057026
210.473 1.6730400796514 0.381100577861071 1.03560949652456 0.440271328156814 1.19489145698026 0.300855581695214 1.69116300414316 0.408352306345478 1.23431483143941 0.412801243318245 1.0626868980471 0.385493410471827 1.07114051864482 0.460712263919413 1.6082039186731 0.455993516929448 1.6804685194511 0.457237856695428 1.4428051514551 0.476693801674992 1.6778708177153
212.47 1.52561999368481 0.484876862540841 1.56317862821743 0.492994482256472 1.65393934538588 0.402951686223969 1.54287719773129 0.359842829452828 1.39320303290151 0.340081829437986 1.0016594438348 0.489031321601942 1.57020011777058 0.381577357603237 1.79793747188523
230.203 1.28213971527293 0.409756433218718 1.54978581122123 0.434649177407846 1.20201287721284 0.476283692056313 1.4503398926463 0.366846421221271 1.04464954440482 0.393199875485152 1.18075806298293 0.469693480012938 1.33882194827311 0.402817134745419 1.6977093052119 0.428095732722431 1.47980529535562 0.436179154599085 1.06710596010089 0.481687458232045 1.44289358356036 0.310113206645474 1.2898877824191
242.337 1.06791810318828 0.303718355111778 1.8624697746709 0.402993019577116 1.18191738100722 0.37277362216264 1.46969996881671 0.403604666050524 1.39430341147818 0.345717721711844 1.25871252524666 0.325310898246244 1.24736407538876 0.353109221626073 1.09668212966062 0.312865230068564 1.55374700576067 0.415882132062688 1.57425080914982 0.480595060205087 1.32992615015246 0.337821303773671 1.60750640998594 0.454482106538489 1.83802050468512 0.369994341908023 1.41407743655145 0.468060872703791 1.94876751326956 0.495836052577943 1.13251718622632 0.389396427478641 1.62483576335944
243.055 1.11582816578448 0.499581103259698 1.6564820969943 0.355231782188639 1.07480992958881 0.46302147526294 1.48523829923943 0.333684183144942 1.26926805218682 0.43763998169452 1.99092483241111 0.322118974430487 1.45638357405551 0.388775657536462 1.76484630769119 0.303667712956667 1.88143759244122 0.403199226455763 1.98322834353894 0.302419637423009 1.49187812209129 0.421950233867392 1.68654312007129
249.715 1.05227720481344 0.346542811160907 1.6590137318708 0.342721680738032 1.050798447337 0.460803596116602 1.2319276612252 0.388210545107722 1.38090144563466 0.48411700562574 1.37659416813403 0.46768928845413 1.1606037938036 0.459771491587162 1.34349681972526
275.44 1.63960435776971 0.400795088941231 1.22744378703646 0.48412222424522 1.01297184918076 0.339135614410043 1.93912147032097 0.352401303639635 1.93372083152644 0.337352039571852 1.05351017066278 0.474002666724846 1.29546702932566 0.36466667233035 1.78179410402663 0.386954596312717 1.05444099335 0.384217261243612 1.66886548581533 0.423216552659869 1.84662527171895 0.311575025506318 1.10089493100531 0.410447706561536 1.32464451855049 0.319536798167974 1.56899201101623
283.293 1.03616572893225 0.482889290945604 1.62424875423312 0.331971145421267 1.67631924781017 0.462050548475236 1.17123333015479 0.401270143548027 1.01073861331679 0.37874233815819 1.4171614900697 0.318553843116388 1.25535848666914 0.303385463403538 1.52670115046203 0.30348093137145 1.47367017529905 0.331759706838056 1.38359510735609 0.348828243091702 1.38029274344444 0.484765065973625 1.58326231804676 0.364011467760429 1.56499071931466
306.667 1.4248196806293 0.338430494442582 1.39241587533616 0.498925557406619 1.74939133785665 0.303227065876126 1.28231745492667 0.359562903502956 1.98052432877012 0.41521585569717 1.50490649836138 0.383446850907058 1.49995830818079 0.458874730858952 1.98087697708979 0.428854445787147 1.70365572092123 0.37528228033334 1.55600660620257 0.429258614452556 1.83780002733693 0.309505522157997 1.40618812828325 0.452608233038336 1.40339054493234 0.419950087647885 1.33677349146456 0.397996321739629 1.56316419504583 0.458481085626408 1.92896932782605 0.426415226748213 1.64186272933148 0.35511893844232 1.63322529755533
341.473 1.99222656246275 0.434933022828773 1.09073913004249 0.305754736671224 1.77875891677104 0.486841096496209 1.00289428746328 0.380227163759992 1.25397376762703 0.42785014747642 1.08374318503775 0.444577722949907 1.79875410557725 0.303360282862559 1.02976454934105 0.437219332391396 1.72886583930813 0.32796766795218 1.74546591448598 0.405954923992977 1.09667802671902 0.308931876206771 1.59845790173858 0.441617642948404 1.40883711539209 0.463927886914462 1.04284243378788
351.437 1.7854740973562 0.39397450638935 1.15965586784296 0.484526769304648 1.87206405983306 0.351322325598449 1.80483482172713 0.444155034050345 1.37135428818874 0.306390515388921 1.12833520094864 0.395879309251905 1.61780050676316 0.401016749301925 1.36446588416584 0.49464229051955 1.78833787189797 0.314564213436097 1.17509078909643 0.352407367853448 1.46865972457454 0.36438912441954 1.42490292922594 0.445234537031502 1.73398741451092
372.575 1.00107408571057 0.305457279039547 1.02307665743865 0.469130366062745 1.18012899998575 0.326791397901252 1.2951171877794 0.495507767237723 1.80231096805073 0.466802275972441 1.68286588834599 0.485155655164272 1.37214276962914 0.335458934959024 1.5568034471944 0.465883885044605 1.42124135559425
388.45 1.87687146267854 0.421439100103453 1.56998953758739 0.331057245051488 1.90673540206626 0.367340466752648 1.70882571162656 0.444540513120592 1.24496345454827 0.318406023830175 1.84207705757581 0.345491071837023 1.96774306427687 0.329982913564891 1.29025187250227 0.383728342177346 1.61416436592117 0.380948997754604 1.37227059993893 0.354029324697331 1.66034277225845 0.408869272703305 1.13020850624889 0.487558361003175 1.84946573735215
421.478 1.60183592024259 0.447990938974544 1.68829550314695 0.398151592444628 1.59563735779375 0.372498997859657 1.65214693499729 0.464170206803828 1.28118594107218 0.322216927818954 1.13062565797009 0.459158895583823 1.3353753676638
485.426 1.07184070325457 0.460563908237964 1.82746843015775 0.488817727053538 1.20003081485629 0.403156143147498 1.60348040331155 0.432511419383809 1.63482131436467 0.400477309012786 1.73051230423152 0.430883175320923 1.61752699106
496.962 1.88138060830534 0.347554372111335 1.83087986661121 0.405022454774007 1.5633293678984 0.434152306197211 1.34099982236512 0.476523448387161 1.74867852358148 0.310867330385372 1.92778718587942 0.383764454163611 1.90407103905454 0.465922804875299 1.22737260954455 0.378385507548228 1.21133859502152 0.312514591496438 1.08543039415963 0.376906139450148 1.89671507524326
497.76 1.37161814211868 0.408861276553944 1.96332655637525 0.460533152520657 1.53307420760393 0.454230092186481 1.09111231868155 0.449604919645935 1.42975877085701 0.334444317035377 1.66321529517882 0.41956502944231 1.44158284692094
538.398 1.50232874695212 0.464910665061325 1.97906759148464 0.489990243455395 1.08677554898895 0.387010874738917 1.72771850787103 0.454923406150192 1.94135958980769 0.422410114621744 1.69940066477284 0.37307755718939 1.41334600234404 0.474908160232007 1.00690477527678 0.320554331736639 1.43760517635383 0.477037380216643 1.92420115158893 0.407892895583063 1.44035805901513 0.366827370366082 1.28683306556195 0.419089607754722 1.07100807176903 0.412683241162449 1.38416054449044 0.305778513615951 1.8265667646192
549.38 1.93797122035176 0.496297266986221 1.88610069616698 0.488315854873508 1.56235938705504 0.431055298494175 1.12360395630822 0.37552454653196 1.34504782967269 0.423172199120745 1.04996518744156 0.441165107069537 1.44140156335197 0.416890111425891 1.00910305976868 0.420012174872681 1.10038387891836 0.336279440158978 1.13430112181231 0.492633914155886 1.72387808328494 0.355045086378232 1.16591657907702 0.30978658599779 1.92491418262944 0.319329569721594 1.89610023028217 0.49944883431308 1.0968995958101 0.317863556975499 1.91254698601551 0.446324253315106 1.39316955348477 0.421611399296671 1.6946370229125
558.165 1.07925666449592 0.334068187884986 1.23502038023435 0.34681436708197 1.40032530482858 0.418250023154542 1.47278463980183 0.314747203653678 1.48519623302855 0.395707198651507 1.54502094909549 0.374217309104279 1.78248396306299 0.349885203316808 1.59967822907493 0.328122343635187 1.33659761818126 0.309206372406334 1.05099647981115 0.418436056887731 1.31565497000702 0.452705038851127 1.38019972480834 0.348282259562984 1.06324279308319 0.378955415263772 1.2899022246711
575.656 1.08333345782012 0.364450600603595 1.20615843357518 0.426970285689458 1.64869613363408 0.454216780140996 1.90598516119644 0.450665163435042 1.95286135817878 0.403400658164173 1.66920037544332 0.463306950079277 1.66963136801496 0.354710359079763 1.97809955314733 0.329742451943457 1.65540598123334 0.302719299588352 1.36033253488131 0.496470663975924 1.99734379840083 0.461847165552899 1.39949193410575
642.686 1.33624454936944 0.314761135540903 1.57813655282371 0.309377117920667 1.53965022903867 0.354329116456211 1.7658322523348 0.433212697599083 1.39334006444551 0.394843582157046 1.56221876177005 0.332203206652775 1.00375537248328 0.312804798362777 1.00971057382412 0.384542643139139 1.63191466568969 0.47352599571459 1.98951093922369 0.386909894552082 1.76454480364919
654.106 1.19023707672022 0.455309258727357 1.29613896389492 0.412856983859092 1.91630007745698 0.456227107625455 1.4175117474515 0.361077540088445 1.91773338452913 0.374389096768573 1.04857110790908 0.481375157134607 1.3782070283778 0.440656098397449 1.18012289749458
663.91 1.86522442940623 0.388098119432107 1.25500401831232 0.342945021996275 1.6361554923933 0.408742871321738 1.91182427527383 0.450690517481416 1.14995851088315 0.429378907056525 1.7458354618866 0.415488713467494 1.22761834529229 0.437509862380102 1.05775447702035 0.383410372165963 1.39197486266494
672.517 1.18434268143028 0.451029741857201 1.4081676020287 0.482156212814152 1.30936769605614 0.451635895064101 1.19955078791827 0.312472581584007 1.06241252971813 0.478787034284323 1.93752937531099 0.471690678410232 1.20163263892755 0.445997054828331 1.41294684191234 0.377564995130524 1.9589604374487 0.335773729626089 1.7026041157078 0.392542752297595 1.762332852697 0.322735892981291 1.98022619099356 0.371581063605845 1.08632029197179 0.301093454193324 1.63515372620896 0.312148125981912 1.01367688877508 0.492560781165957 1.90556810144335 0.366720570344478 1.1262853264343
756.444 1.44029668462463 0.341360554844141 1.49674215214327 0.390490467473865 1.67410230217502 0.482349791983142 1.52127011097036 0.344132080441341 1.74018468847498 0.393394884234294 1.39804278220981 0.383405142324045 1.90335841174237 0.434899515518919 1.40060013020411 0.381697380077094 1.42172139254399 0.475065373955294 1.87441473267972 0.332441782020032 1.27567836316302 0.479365959810093 1.53445379668847 0.304927894100547 1.85657471721061 0.387684362428263 1.18509549321607 0.412506557255983 1.76740855467506
767.174 1.67229654430412 0.40605594329536 1.02248956728727 0.329305156087503 1.70832823682576 0.39830391719006 1.08247993863188 0.405334404949099 1.85425910400227 0.431474454700947 1.9174774910789 0.49783150292933 1.53524494846351 0.422446904191747 1.70662005478516 0.441426705522463 1.61329649295658
770.809 1.45709114475176 0.476760170469061 1.30330316186883 0.442962038796395 1.1752187886741 0.462997520482168 1.57221970194951 0.49802440260537 1.7628538296558 0.404605291876942 1.83565269899555 0.466335212951526 1.19341539149173 0.413852019561455 1.10079473559745 0.349493400333449 1.30673540965654
780.011 1.18120098020881 0.455472720926627 1.42371421563439 0.460273177595809 1.31896730093285 0.40887450883165 1.22687281272374 0.48952664155513 1.45584089867771 0.382056387374178 1.34753420506604 0.386599570000544 1.34023968037218 0.452219674596563 1.26908572739922 0.439335688529536 1.97082546306774
795.334 1.92487207287923 0.411047611106187 1.94454291532747 0.317890512570739 1.4205532874912 0.398145681153983 1.0879755995702 0.30953508047387 1.11503435089253 0.371670903684571 1.40989049593918 0.390927727194503 1.45431814319454 0.371085191471502 1.11251796316355 0.430169223062694 1.74377051484771 0.322603772347793 1.15888624172658 0.463292014645413 1.92960135033354 0.467553353775293 1.54644407285377 0.481114690750837 1.34521805262193 0.350323806935921 1.23792457394302 0.356417660275474 1.52108682948165
795.349 1.51658413256519 0.351052005356178 1.10110998735763 0.47857046239078 1.72991866525263 0.40963652539067 1.82561205350794 0.333444330794737 1.52927664481103 0.316930013010278 1.50147235952318 0.426402085553855 1.20766970934346 0.389322234736755 1.67753658443689 0.385818697884679 1.83361455705017 0.365193391125649 1.61363901756704 0.42411215887405 1.46755930199288 0.491510116588324 1.52756504295394 0.49353332365863 1.4427926375065 0.423441480193287 1.87680452410132 0.411367021640763 1.36861949763261
813.109 1.75542650278658 0.378886256692931 1.2296255605761 0.356757774064317 1.23913336009718 0.362080656923354 1.74725424917415 0.410273726377636 1.16778846643865 0.31051659588702 1.336204147432 0.479089718963951 1.74408801691607 0.39593150652945 1.04785194899887 0.34737359485589 1.60511669935659
844.563 1.28228541230783 0.345832748431712 1.14943517907523 0.302257946366444 1.59628995810635 0.477184642385691 1.27112409728579 0.473700500419363 1.92941561015323 0.309756993222982 1.0559570256155 0.307757285516709 1.44231886230409 0.3769368999172 1.50536866229959
861.899 1.90323837217875 0.360567645914853 1.77812087186612 0.359064543107525 1.04158149054274 0.415999214723706 1.66039572958834 0.492894303286448 1.96089134085923 0.462758700083941 1.10632029012777 0.469477475387976 1.58473055996001 0.495081966370344 1.60584471467882 0.346441892068833 1.60507668158971 0.360887131374329 1.8780792215839 0.394816636806354 1.25417295494117
938.991 1.81984028290026 0.418930307403207 1.91551834857091 0.478010559733957 1.3149727457203 0.393367665819824 1.61192945577204 0.445656889257953 1.51801220420748 0.361885406216606 1.83453198499046 0.477334510581568 1.31355236959644 0.328169491700828 1.29683193936944 0.447610507905483 1.12658408749849 0.343802413856611 1.28892125980929 0.357740254467353 1.74380002799444 0.424772348627448 1.55047929356806 0.491015658248216 1.49248117324896 0.375380387390032 1.58121334644966
966.53 1.3370887376368 0.387486650235951 1.89700988004915 0.441479370323941 1.24148859269917 0.470499874372035 1.00419762823731 0.454293611925095 1.68886787979864 0.436879465728998 1.56763287214562 0.369832928432152 1.16110199899413 0.420880945958197 1.68031255132519 0.43996017370373 1.73165045911446
977.676 1.50639787619002 0.363495788862929 1.6690183673054 0.368791303271428 1.79764954303391 0.35416198936291 1.84486339963041 0.406698636850342 1.13499256339855 0.419899659929797 1.74039829242975 0.341398382140324 1.35091251926497 0.448146742908284 1.1635555671528 0.379126018285751 1.11799082811922 0.343483354290947 1.42152734496631 0.357699038134888 1.73323170933872 0.430843531759456 1.84758520894684 0.471124448487535 1.56834833836183 0.363712889095768 1.00138006173074 0.310154421674088 1.65850913827308 0.406408731872216 1.52658376493491
997.868 1.33149148081429 0.329211652977392 1.04155762819573 0.497411162219942 1.4477272646036 0.498596007656306 1.71975997206755 0.331408030213788 1.26498121838085 0.465162851195782 1.50871960842051 0.319447479443625 1.24387230933644
1030.53 1.1383876465261 0.435084837023169 1.73977267695591 0.315451880916953 1.0785075458698 0.471069118054584 1.28947233734652 0.385681055905297 1.84027008828707 0.300664010085165 1.97390283504501 0.341816855454817 1.39589497819543 0.387212331593037 1.38453462603502 0.497135042166337 1.98153711785562 0.379799345135689 1.31136626238003 0.395153546938673 1.41241138405167 0.323505296651274 1.2896416564472
1041.02 1.37635248852894 0.325014184648171 1.43737067771144 0.382298485934734 1.51729947398417 0.351203409256414 1.41262641479261 0.46490769861266 1.19746884773485 0.309737390046939 1.45015292987227 0.461341793788597 1.75261891353875 0.465566920069978 1.64076957362704 0.414773124223575 1.8172379382886 0.389859438268468 1.96014814940281 0.318791788630187 1.89320334745571
1078.99 1.04956251289696 0.449089143192396 1.79414436849765 0.397676721867174 1.73068199143745 0.430764469970018 1.36767131532542 0.314552441239357 1.5622446690686 0.374158256035298 1.38587431609631 0.484899321803823 1.10976046812721 0.477776324795559 1.26395821664482 0.492530381912366 1.2443770209793 0.485001461114734 1.67846923274919 0.316404399834573 1.60974658257328 0.302393590891734 1.77382148988545 0.494807678135112 1.83557539992034
1098.64 1.26099555636756 0.415478195669129 1.97199754230678 0.334392665605992 1.60101994778961 0.473563716607168 1.51860230299644 0.490760784968734 1.15429776348174 0.390359213016927 1.82935173739679
1120.32 1.79103534016758 0.467542212642729 1.95932958344929 0.351362693449482 1.2963707393501 0.458536327630281 1.18788287858479 0.319816461019218 1.55372949037701 0.370382772572339 1.34974243072793 0.346401387872174 1.55295332660899 0.406389431096613 1.50742808030918 0.43719009407796 1.53949113888666 0.365801279107109 1.11106386338361
