# Using the following values to generate the workload:# num_procs = 50
# mean_io_bursts = 10
# mean_iat = 25
# min_CPU = 2
# max_CPU = 10
# min_IO = 1.3
# max_IO = 2.5
11.6722 9.58880275115371 2.34131960859522 7.6603880058974 1.41279816105962 3.05550180748105 1.5245842738077 8.20674100145698 1.66457096002996 8.50863194651902 1.39212720599025 2.04573291353881 2.10476292967796 8.4160892535001 1.36846785377711 3.61484519764781
21.4253 2.38329629600048 2.18239683518186 7.5320512317121 1.4285403589718 2.21199261955917 2.02853358360007 7.44746552594006 1.78865696471184 8.37671252898872 1.82507995832711 4.01909521780908 2.13982138969004 5.15812841057777 1.5998012477532 8.10414854809642 2.05776585480198 4.40078109502792 1.67834642985836 7.68885160796344 2.21288297958672 6.23261042498052
88.5949 8.25051352754235 2.21024293294176 4.97657891735435 2.4085532810539 7.10719021596014 1.37854876760393 2.65252043306828 1.77464245837182 6.73561965860426 1.89862602641806 7.5182682313025 2.25600964669138 2.58850315585732 1.46973957279697 4.3107985984534 1.39251752914861 3.65375168994069 1.49784707110375 8.93562305904925 1.66944027887657 6.30602419190109
90.3061 4.57333474606276 2.41320797484368 3.82743114978075 2.38563618771732 5.37460112385452 2.19581624260172 7.46293443255126 1.75598299605772 3.49412598833442 2.32170043233782 2.89200067520142 2.23283210946247 7.9704010784626 1.93851737109944 3.80739309638739 1.6422811971046 4.44581779837608 2.18906606631354 4.16066621616483 1.96860332209617 5.73733690567315 2.47802572688088 6.33400988578796 1.32225968195125 2.84019610099494 2.36887781508267 5.56406287290156
112.437 8.46481896564364 1.84429982546717 5.74577597714961 1.35680452967063 5.58892402239144 1.96179035417736 4.7216350287199 1.39423335613683 7.06553534790874 2.47455834057182 5.05580248683691 2.04726471733302 6.0706929937005 2.30262837419286 6.34429765865207 2.2708523588255 9.6839885674417 2.38078973861411 9.53793033212423 1.9276518298313 3.22032157890499 1.98714187126607 9.80138027109206 1.92912447741255 7.65103222429752 2.45124669317156 8.61853430233896
127.558 6.54767403937876 1.6214184188284 7.25454203039408 1.70973691036925 4.83052347972989 2.21837159534916 4.42901130579412 1.99533755062148 2.12813949398696 2.20615733601153 7.61578511074185 2.37091445075348 9.94219875149429 2.39039414850995 7.58645316399634
165.665 2.50868019461632 1.82382257813588 4.75616509839892 1.40628315778449 9.99405047483742 1.95221259314567 9.14657630771399 2.08700238233432 4.17449196986854 1.75166247757152 4.02749544754624 2.46474171876907 4.52633461356163 2.12284572599456 3.80947349965572 2.38879749625921 7.49626221321523 1.43377286763862 5.6291914973408 2.22836842248216 6.1561783105135
166.406 2.95481018908322 2.03735211296007 6.23456544056535 1.45858815750107 2.3665699288249 2.26133497292176 2.42747605405748 2.13665573485196 9.47665301896632 2.4616055377759 4.7554832957685 2.15936483014375 7.68969825282693 2.42725665448233 8.71473185159266 1.59296448305249 4.97500238567591
168.302 7.36147049814463 2.22608957691118 9.09469276294112 2.18258861089125 5.45663081109524 1.62980907438323 8.31369047611952 1.38151435060427 3.21823312528431 1.65161782726645 7.05349279753864 1.58850430361927 5.80274289101362 1.48091794764623 6.74230880104005 2.04748569978401 8.55351591296494 2.2862197062932 6.83166954480112 2.4396143396385 8.32238176651299 2.13008301183581 7.95786215923727
216.967 8.7268524877727 2.35853261034936 8.74970778077841 1.94713462665677 6.31801774166524 1.42728751143441 9.52874334901571 1.82730928584933 6.81123542785645 1.99779258798808 9.02030936256051 2.27089835256338 9.10493602603674 1.6210815009661 9.49272545613348 1.87303968053311 2.72330250777304 1.82114316252992 4.00317791849375 1.73257613135502 9.37547700107098 1.40767277982086 2.02993511222303 1.7809470789507 8.70505737140775 2.18684471333399 6.37020047754049 1.7148647592403 3.95278913900256
229.567 6.88637544587255 1.7908614192158 9.04497405700386 1.77864842554554 2.79359742999077 2.12764013605192 5.10322138853371 1.62699558995664 8.63405430689454 2.24962665950879 4.40363189205527 1.74151557413861 5.24403871782124
268.907 6.27510790713131 2.09302621642128 7.7653178293258 1.49711271775886 2.11599101684988 1.8532488479279 6.46850447356701 2.20336107583717 2.25392453372478 2.29830554872751 8.77316918224096 2.41651862040162 2.11240133084357 1.56542228069156 2.84915536083281 1.64430825728923 8.31505964137614 1.58938741004094 9.14580108784139
271.807 7.78880325704813 2.21414423864335 2.00081403367221 2.19182752147317 8.51309445872903 2.1581176484935 7.99288731068373 1.84458230650052 2.30516729131341 1.81930166706443 9.204569933936 1.61803982313722 9.45020842365921 2.26805228013545 5.17120631597936 1.86936369379982 9.70432869903743 2.355910933204 8.76723575592041 1.60104862665758 9.40643515437841 1.46237821299583 6.01045612804592 2.19815161796287 4.1244404297322 1.75823635645211 6.33944492414594
291.971 8.59581305831671 2.09360761316493 4.48259879648685 1.73228697776794 5.25372743420303 1.9700928424485 6.208541193977 1.84444835949689 9.91814027167857 1.49563630223274 3.28965005092323 1.87695618821308 5.99893795885146 1.40041646789759 4.82109799422324 2.14084076210856 5.04390917159617 2.27070675259456 5.3668447714299 2.30747213885188 5.12428539991379 2.40751484567299 9.19680575467646
297.432 2.56640501320362 1.44999046586454 5.3429383803159 1.78802902605385 6.70607514493167 2.04611234450713 7.59373941458762 2.11626801602542 7.25820526480675 2.02987134763971 9.89802410267293 1.44226380065084 7.11622607707977 1.97373801926151 9.35048283450305
329.211 3.34915536828339 1.53339051334187 3.895513497293 2.14980752011761 6.8884246610105 2.24542914489284 4.58659948036075 1.78645267700776 2.69340525567532 1.5720155111514 3.47104921936989 1.352911157161 7.04768585041165 1.84461020398885 6.63569926656783 1.94172772215679 5.61278465203941 2.28859150521457 2.99247391335666 2.39128903765231 9.67054579034448 2.00095370570198 5.21914924308658
352.274 3.93194579705596 1.90980826504529 8.79600049555302 1.91244177436456 8.42278731055558 1.53327926648781 2.92455602064729 1.56613108571619 3.605219213292 1.69128559418023 5.72242572903633 1.70680402824655 9.60136695764959 1.60622353041545 5.00885192118585 2.29081030199304 4.5599305126816 1.38905037362128 7.99753745831549 2.34853428956121 2.87801828421652 1.82738216426224 3.44507025554776 2.21063518226147 9.09851328469813
377.775 5.62363515421748 2.36129997055978 3.18198980391026 2.22099059671164 8.97286894917488 1.92658479064703 8.90606291033328 1.48908417774364 2.8440773319453 2.43186917416751 6.60129917412996 2.40246265716851 5.73834767751396 2.05689344620332 4.90221462771297 2.46685194363818 3.09226342663169 1.5942077036947 7.94346551783383 2.15450393930078 9.5840815231204 2.16157566690817 2.30405217781663
380.709 7.33050608821213 2.46341595901176 9.17849201336503 1.54273096229881 3.89331724122167 2.15320237446576 2.11198203824461 2.38760171411559 7.30912698432803 1.4516510262154 4.83132871985435 2.13297332841903 8.24007841385901 2.10438026981428 7.59815765358508
396.266 4.00044508650899 1.56070250310004 7.57071784324944 2.30211053518578 6.55956913344562 2.09230081718415 8.55539232678711 2.21423753509298 7.39266316406429 2.26254895273596 9.5955697670579 1.74268758436665 2.09566676989198 2.36010276041925 3.15394030883908 2.03026136206463 7.37241730093956 2.22375058252364 9.61566898413002 1.35657376721501 4.34437320381403 2.01060201637447 8.52512709982693 1.57866860292852 6.57194141671062 2.15648467158899 3.35600130818784 2.11705357637256 7.11204805411398 1.76939924489707 3.24972705356777
416.653 9.18680205009878 1.5029790927656 9.43038421496749 1.51253049606457 6.06771714240313 2.47646715026349 7.36045784130692 1.96493457984179 8.11342409625649 1.97964522559196 5.71089396625757 1.49607416335493 5.81814680993557 1.63626993838698 7.40601547062397 1.3141586557962 2.38116110488772 1.81844182573259 3.10455105639994
433.169 6.50086545199156 1.35624071452767 5.43012691102922 2.10126167600974 4.3984636887908 2.20404477119446 2.93195688351989 1.92512671248987 4.50303468853235 1.47800555145368 3.59435485862195 2.38264314420521 5.57992659136653 2.28293769694865 3.72605906426907 1.63089977791533 4.40649935603142 1.87838132465258 2.30741543509066 2.02306880597025 4.19001947902143 2.45164777450263 2.17885557189584 2.42474032836035 4.26813615486026
491.724 6.73141022399068 1.98920915815979 6.2630772292614 1.71369456676766 5.08179034665227 2.1019787453115 9.37521068193018 1.76214906042442 5.18417332321405 1.44412371953949 9.39436452277005 1.95407088203356 4.22437225468457 1.40093276910484 7.89963171258569 1.82528434293345 6.99828500114381 2.40189042994753 8.95261476002634 1.53560484647751 8.73062886670232 1.61150758890435 8.85124691016972 1.53274202030152 5.58285010419786 1.84151815986261 4.49699509888887
505.281 9.72054187767208 1.48960070861503 3.46451994031668 1.69205068647861 8.37093083001673 1.6843064759858 6.70839460752904 2.17789769442752 9.21269798278809 1.85321576930583 2.3293510582298 2.37749179946259 3.70856113359332
517.492 3.99588634818792 2.0120599752292 8.63777282088995 2.16557862497866 9.90437319129705 2.31664901636541 5.74218616262078 1.59507633345202 8.64338832162321 1.91496957615018 8.72741484642029 1.76945633348078 5.35010874271393 2.40284820683301 6.01028296910226 2.47092196280137 5.66111909784377 1.61399600747973 8.67171002551913 1.34002606952563 7.82300759851933 2.20173962097615 5.08171209320426
519.357 6.25268406793475 2.07394805597141 4.76606295071542 2.23657803731039 9.2769478186965 2.32048231437802 9.98707056604326 1.75505497772247 7.15363029576838 2.40676311664283 4.24505250900984 2.41526280036196 4.16111087799072 1.95520153231919 6.45777598582208 2.23608345752582 4.28113777190447 1.63813716238365 4.93154895119369 1.4507905928418 2.55512955412269 1.72372391205281 8.44091930054128
546.484 2.10770448297262 2.34741538846865 7.88451435416937 1.80521178478375 2.58925673365593 1.52778830965981 2.66030326858163 2.11174951083958 6.0903007928282 2.09395814351738 5.824158269912 2.44650079980493 2.10878443717957 2.4123161861673 3.86701772361994 1.49547572592273 8.47279453091323 1.75189833007753 9.32259519770741 2.09700798559934 5.77783487550914 2.00639965366572 7.39812785200775 2.35997505709529 5.10066452436149 2.48318781247362 9.14088879525661 1.72132120179012 9.66603155806661 1.8588580943644 5.09533105231822 1.95242339326069 7.84433977864683
556.673 6.23901376314461 1.63316370761022 4.10060541704297 2.13654131516814 4.07156920433044 2.03157693361864 6.94701313599944 2.35479364478961 2.0911379288882 1.41249470962211 2.95216686092317 1.9522877193056 7.16326481476426
568.427 2.37102423235774 2.42108511086553 4.33452751673758 2.32130138976499 9.05337902531028 2.0653684371151 6.2861561216414 2.40037439316511 2.39738395437598 2.08042114414275 6.94811235554516 2.04600182268769 7.20890772342682 1.36759593831375 7.65666529908776 2.01223650705069 6.14558464288712 1.3902492470108 7.87457260675728
573.021 7.16079164296389 2.4245031632483 6.27545792423189 2.16301325019449 4.81104169040918 1.44884594324976 8.89216428250074 1.55704422900453 7.55629859119654 2.30817743940279 3.93607311137021 2.02029743278399 8.65957295708358 1.32474688822404 4.28621054627001 1.90353971794248 2.2380950730294 1.96337197208777 9.90979386493564 1.81061415970325 8.24003367684782 2.41006588544697 5.56374246254563 1.73737130276859 2.4401038903743
583.625 4.43250409886241 1.84063811087981 9.90883358381689 1.89656890202314 4.94222338683903 1.50312873404473 9.37503509782255 1.6932221035473 3.19540465436876 2.23243480725214 3.55842910520732 1.66573608731851 3.23710978031158 1.44442478464916 4.51124359853566
608.74 4.56369333527982 2.3116466736421 3.22744011692703 2.10908417543396 4.55235533230007 2.23678700178862 2.4883647300303 1.5025485644117 8.74204652942717 2.34768815012649 9.81457151286304 1.48634057799354 6.3949163928628 1.48963388781995 8.36911383084953 2.38237209860235 8.38579555228353
654.751 9.26181998290122 1.42903077155352 9.15964711643755 2.12917522490025 8.17124220728874 2.23958895886317 6.60203162021935 1.400531268958 9.81007965654135 1.77372585311532 4.30542859621346 1.43332385299727 9.58380727469921 1.61222059354186 7.10100115463138 2.43040376296267 4.3872954621911 1.51639878377318 3.01630997657776 2.35196356140077 8.46192451007664 1.98159445784986 3.35966081917286 2.15313474535942 4.27517549693584
665.378 6.90228837169707 1.52410812303424 4.04654869064689 2.10656595025212 6.9343909714371 1.74377099759877 6.29557549580932 2.13099955422804 7.88493898138404 2.19996636817232 5.61313658580184 1.42100339466706 2.18901818059385 1.77668886454776 8.50468222610652 2.35088163120672 5.28230198659003 1.3306534262374 4.85377846099436 1.40275291837752 5.36400112137198 1.48661747276783 2.10850834101439 2.14484618529677 4.93392582982779
688.32 3.48254797421396 1.7272782066837 9.16633215732872 1.83216312611476 6.28033690340817 1.41786457588896 2.54679042845964 1.66918662851676 6.96967263147235 1.6693798542954 9.92484708875418 1.42118388945237 5.38380128704011 1.72023045187816 9.17598113045096 2.01513145687059 4.22210657037795 1.81291273403913 6.45423827879131 1.83333834633231 3.79192019999027
710.261 6.04652285762131 2.48077169815078 4.08087887987494 2.2660159596242 2.75026788935065 2.02438406432047 9.27083715982735 2.37804930442944 4.05359691381454 2.41165964817628 5.46006452105939 1.97596886474639 9.93049017898738 1.70236328588799 3.73577203787863 1.76482300069183 9.11000670865178 2.15464167520404 8.02992034517229 2.30387652926147 9.92410195432603 2.20889044189826 2.799904467538 2.11244041798636 4.72996224835515
742.872 4.20657202415168 1.54138140128925 7.87044379115105 1.94961014771834 2.09288690425456 1.92344875242561 8.00047577358782 2.02852661767974 4.11046158894897 1.68985898140818 6.15178021602333 1.89027749048546 6.24494476802647 1.95665788464248 2.11811320111156 1.7637239035219 9.85942360758781 1.48154334519058 8.95983690954745 1.34539040345699 3.7201266027987 2.22397328047082 4.8066664878279 1.52992882644758 5.35459483228624 1.84781003156677 9.07044091448188
749.381 8.3065644428134 2.34593661706895 7.17238761484623 1.38522753398865 6.75647060573101 2.18375273961574 5.13549037463963 1.58527839966118 6.7526409290731 1.35675578918308 9.75184310227633 1.99846625076607 4.06290340051055 1.64485954176635 6.13883832283318 2.23661499256268 9.73995406739414 2.22695537833497 2.20276580564678 1.54298004256561 7.70504736527801
753.501 4.30960058234632 1.47859813328832 4.97116776369512 1.41685952115804 8.92535038478673 1.94134930102155 4.63557847216725 1.59481968907639 9.7008412219584 1.65344140445814 2.13775264471769 2.2537992474623 8.49036495760083
787.478 8.83064961433411 1.56164091387764 3.12488035112619 1.76774044530466 8.68775075301528 1.35034218067303 8.81843963824213 1.85275487247854 3.8282909989357 1.42964326571673 5.0071830842644 2.01620031381026 7.76033105328679 1.60945942504331 6.88658903539181 2.02883643936366 9.22281717136502 2.33701519398019 9.90696947090328 1.43972202148288 3.50436271540821 2.04098096657544 5.1931830663234 2.45733108287677 7.16719889082015 1.72984428582713 2.50507727637887 2.2411229133606 9.2665168363601 1.68503055199981 6.56032520718873 2.24100547730923 2.42594087868929
862.585 4.64729910902679 2.19782353965566 9.58578795194626 1.90213568238541 9.35028356313705 1.47633794415742 7.43012384884059 1.74915344594046 7.75037410855293 2.03401204161346 8.13548889197409 2.16271807923913 4.19230263866484 2.27243711296469 4.10926593281329
881.787 8.18221314996481 2.2269861323759 5.03870951384306 2.18876146320254 6.32580449432135 2.20396143803373 6.30759338103235 2.3950502730906 7.99838990531862 1.61615833258256 7.5186791010201 1.85576445320621 7.64679910242558 2.4609656015411 7.9936981908977 2.22826770469546 5.55246018990874 2.04498754758388 5.60748352669179 2.09943640986457 7.32481593824923 2.17849072581157 5.940842743963 1.70428455751389 9.94852435588837 2.27607434066012 8.94882744178176 1.68100127642974 6.60251799412072 2.12553252633661 2.3146153409034 2.1989874124527 4.75053064525127
987.55 7.1031517740339 1.63627392174676 4.89127049595118 1.5427167929709 2.21083060838282 2.0709569612518 8.64677957631648 1.35865661259741 8.13751111552119 1.72961936946958 8.82694690488279 1.8087364602834 6.70225320570171 1.89161328198388 9.21633058972657 2.34959705593064 5.32293377630413 2.19706606930122 9.17346194945276 2.33024974670261 4.37537415325642 2.01721382224932 6.10310013778508 1.7484957777895 2.10439262539148 1.77123974571005 5.75346326269209 1.68185020340607 5.6457612644881 1.58477456206456 5.5006796605885
989.758 8.76909793354571 1.89367237417027 5.33804506808519 1.47316988874227 9.43492324091494 2.09892935473472 5.64724051579833 2.13928584866226 5.88184460438788 2.22927734432742 3.77270862273872
1048.53 7.84140274487436 2.06687875911593 2.23819398134947 2.30362116452307 6.66771077923477 2.23979632938281 4.80806165188551 2.18093959437683 9.76754463650286 2.35619680052623 6.06388483569026 1.45540737751871 3.25148472934961 2.20376937203109 2.7977274954319 1.81630779933184 6.20789734274149 1.32575447959825 3.92625189572573 1.30262713097036 8.85138286277652
1098 2.02109809219837 2.12908498197794 7.36534562148154 1.96282306304201 5.17030769214034 2.08483927575871 5.25781576707959 1.47382959509268 8.40921575576067 2.03289896231145 6.29159291833639 1.58395905597135 6.36282602883875 2.20647977134213 4.68888388201594 2.38203082215041 5.76069376245141 1.58012098586187 9.1713838018477 1.42211582576856 5.19715080037713 2.23263172162697 8.48259249702096
1098.91 4.87817646563053 2.0291989242658 7.75128155015409 1.37509905481711 9.80132764950395 2.25291684372351 6.17253643833101 2.02441602367908 9.07699387334287 1.98292733803391 6.79315476678312 2.42628875980154 2.93290237151086 1.74691081633791 6.1293536759913 1.74933603703976 5.1618192885071 1.71661758059636 2.14080396667123 2.0454340188764 9.77196180075407 2.34015804249793 4.04934089258313 2.21879109898582 2.98241236247122
1102.69 9.51575029268861 1.75462771970779 7.38510894961655 2.12215199805796 4.72039214894176 1.98942123120651 2.28620653785765 2.23518569367006 8.25491058453918 2.30839136568829 2.13903744891286 2.26541960397735 5.21139705739915 2.3760269202292 3.31256011500955 1.5438257263042 2.05803221836686
1133.67 7.55173423700035 2.23479480613023 8.37670332193375 1.69744560820982 2.34377984702587 1.96005793800578 6.90267345309258 1.52570470096543 9.01631171070039 2.18178922208026 4.7373567763716 2.31985233975574 8.37863210961223 2.34250933984295 7.32351818494499 2.25648795329034 2.92611734382808
1143.2 4.31808366067708 2.44805256193504 6.84113870747387 1.45055270912126 2.9089382942766 1.48960705371574 2.78780323080719 1.8704109262675 2.90463086031377 2.49642776809633 2.24804829061031 1.77252197265625 3.63186996430159 1.92617427324876 7.21803396753967 2.15497935079038 8.90294988080859 2.32166931284592 9.20168626494706 1.3790464120917 8.58049147948623 1.57500714985654 9.55641981214285
