# Using the following values to generate the workload:# num_procs = 50
# mean_io_bursts = 10
# mean_iat = 25
# min_CPU = 2
# max_CPU = 10
# min_IO = 1.3
# max_IO = 2.5
29.3764 7.85494237951934 2.07138910563663 6.9321050606668 2.14463841607794 5.25346354208887 2.12370665026829 8.65841400437057 1.71130874017254 4.56699855439365 1.92497729836032 7.04860826581717 1.96067483071238 3.00302242487669 1.76192097933963 5.90448852442205
59.0105 8.56378490850329 2.35226238491014 5.59050876460969 2.23357449490577 5.46747907064855 1.8713662690483 5.10325532965362 2.21604656185955 9.4806330408901 2.26981200957671 6.13456277363002 2.07993405554444 9.1249477956444 2.04515250707045 3.99013564735651 1.69522884655744 6.86534283496439 1.57625202899799 6.23707303218544 1.3156530094333 6.25169533677399 1.38480050116777 9.11855730600655 1.61476174462587 8.06660287827253
59.841 2.25386426225305 2.08621975844726 2.59580392576754 2.31905440464616 5.00298857316375 1.5132113231346 8.67526719346642 1.79107447741553 5.33280116505921 1.64543901234865 9.64462436176836 1.48108718693256 8.4358350224793
88.5658 3.24449014663696 1.96847884776071 7.42999289184809 2.27110596643761 7.28305199742317 2.43925276752561 9.50952933169901 1.74733030181378 8.49212871305645 1.66841939296573 7.0405880138278 2.17191208265722 3.70871845446527 2.49801989244297 5.41310701519251 1.35983865875751 4.57686205394566 1.52459561899304 4.28848098404706 1.6914350326173 7.68675025179982
98.616 7.15790378116071 1.97511561410502 3.60086383484304 2.4514151358977 2.93740369006991 2.2009110818617 4.68972417339683 1.99584294278175 3.2924487311393 2.43776217820123 5.98720732331276 2.44197902232409 6.98835951276124 1.83504255684093 3.03673998452723 1.36043115481734 6.42012598738074 1.58996229432523 2.27999045699835 2.02483280710876 4.97365207970142 1.61580730043352 3.30248568207026 1.56947993263602 6.7046757787466 2.18753538271412 5.97149448283017 1.56983305802569 8.04327240772545 1.61211075484753 3.90684004500508 1.49050998305902 6.79572874121368 1.65732823992148 3.61546204052866 2.47367690689862 9.56798923015594
155.545 5.09672044590116 1.41142409639433 8.20189301669598 1.65136160170659 2.25883247703314 2.08024317678064 9.48922074399889 1.91240715291351 2.43398403190076 1.81600772496313 4.41094963438809 1.40455919196829 5.60231318324804 1.30336955217645 9.67145369201899 1.81640102872625 4.85215284116566
156.083 4.55590133368969 1.36647153729573 3.05281914398074 1.6548265256919 7.82889501936734 2.01741265663877 2.24128350615501 2.28818780761212 3.92904698476195 2.17682199869305 3.18049726448953 2.0930677389726 7.81838014349341 2.20745264040306 4.95452989451587
178.717 9.94379493221641 1.98882721550763 8.99479675479233 2.42945008203387 4.37284765020013 1.48849435942248 5.67377934604883 1.96680515715852 4.37470533512533 2.08247938193381 6.67149770259857 2.21915456708521 4.22625214979053 1.52168863806874 7.87343910709023 1.42966174613684 5.45165640115738 1.92405456732959 6.34929170645773 1.87084392281249 4.917122034356 1.54035208709538 4.54132137261331 1.60847415747121 8.65209195390344 2.49922899762169 6.24270771443844
238.692 3.79610973410308 1.83151644719765 2.30251850560308 2.06316801793873 4.05799069628119 2.29329955847934 6.28904360160232 1.45214335042983 8.96977624297142 1.86553714321926 8.17915172688663 1.70728174978867 5.02914738468826
245.135 3.52970358915627 1.6886475709267 6.65671494044363 1.84925139229745 9.30883832089603 1.60127645432949 2.77984290011227 2.31381427487358 8.50396259501576 1.95889934776351 6.52991736680269 2.20675409454852 5.26001618243754 2.20137873925269 5.10394546948373 1.75041945250705 4.06862055882812 2.49698844896629 3.58119320124388 2.25559870433062 4.2089482396841 2.31105284402147 2.45828171819448
249.362 6.30244874954224 2.42651556320488 2.63618768192828 1.79086665483192 4.1818330436945 1.83361019268632 6.39551819674671 2.30927904220298 4.72484648041427 1.4666509934701 5.00046409666538 1.89080426795408 9.57773238793015 1.93978708973154 2.53225860744715 2.40214276965708 3.76617764495313 2.36984339468181 3.22653716243804 2.11741172755137 7.98026913963258 1.45881487205625 4.75041343644261 2.00704278815538 4.43211089074612 2.09064909862354 8.29027535580099 2.14224387845024 3.55031493864954 1.83086368357763 5.38410614430904 2.31965306894854 4.30422569066286 1.83913893233985 3.45705941133201
254.331 6.10796338692307 2.18808926865458 9.19568000361323 1.45299246991053 8.36221119388938 2.06974519202486 2.78423502109945 1.99478478198871 6.37238361500204 2.0168387753889 7.7183304540813 1.90629442594945 4.01390168443322 2.22614281903952 8.11236702464521 1.89560066312551 2.81796341016889 2.15478225676343 9.48548611067235 1.77884897040203 4.35036236979067 2.4582353929989 8.14570553787053 1.62228096108884 8.72916565462947
255.116 7.33377630077302 2.07782015688717 8.94984024576843 1.65434195054695 2.04665320552886 2.40628073951229 2.60068000108004 1.67351229209453 3.9402426071465 1.7881547478959 9.15686435066164 1.65459512565285 5.81316999159753 2.33491522883996 8.24291205219924 2.07066378155723 7.25113207288086 1.7770154774189 9.86104583926499
265.129 3.90588451735675 1.75413773544133 7.59511264413595 2.14952152008191 6.82533571124077 1.83521826472133 2.74628046900034 2.24791370052844 5.12982077337801 2.25471708374098 3.86241599731147 1.50020272452384 6.28368107043207 1.42611247925088 7.91379411891103 1.90570085532963 7.04460511915386 2.33435615170747 5.5539565961808
312.233 2.41218072921038 2.38950126850978 4.63002131693065 1.88355769021437 3.96737614274025 1.5485195887275 7.51109812967479 1.62708629192784 6.44389940984547 1.96376112401485 8.15368722006679 1.66304245013744 9.06106209009886
317.996 8.48748707771301 1.85355385197327 4.97270519286394 1.30677362773567 3.75243723206222 2.34182624379173 6.56595956720412 2.05235377224162 5.3469719812274 1.80626875618473 2.20668884180486 1.32392597077414 6.03924552164972 2.09280034312978 7.82218428514898 2.14343505306169 6.79522063396871
345.368 6.41176458634436 2.44259931808338 3.3171317409724 1.6579799558036 5.98937779851258 1.33246222501621 9.41509126871824 2.10495921513066 6.21772290952504 2.36514400970191 5.11044152453542
376.931 8.03188925608993 1.99922062456608 5.83934519812465 2.43026379467919 7.41111148148775 2.11096887737513 6.08579451777041 1.90337541811168 2.32850059680641 1.46823849324137 5.70775569230318 1.43819589596242 6.04771468415856 1.94011496072635 2.3796911817044 2.49879859667271 4.79206294193864 2.31668151160702 2.43201448209584 2.46882157521322 2.88150554895401 1.32788754068315 3.61197174526751 2.38453705171123 8.29224280640483 1.90809210529551 4.89008443616331 1.98450613515452 6.83255364559591 1.95418473789468 9.57299021072686
385.368 5.20443304814398 2.32342137368396 6.27932188287377 2.00417673327029 2.6810019724071 2.30531991310418 8.75327330268919 1.64969901433215 8.94651469215751 2.31909075388685 4.04217263497412 2.09842311739922 4.50561698898673 1.49615072114393 2.83952306956053
404.534 2.73591969907284 1.84114578906447 8.01432485878468 2.00084569370374 6.8596348837018 2.20693126618862 7.12874022684991 2.18840189352632 5.74484034813941 2.44649091418833 7.2006633207202 1.83378319488838 3.52314974740148 1.54594800826162 9.01417771726847 1.46519092572853 3.27864962257445 2.285376395192 2.05504413694143
432.705 7.47512530907989 2.30181497111917 5.04198919422925 2.33294768882915 4.41519399732351 1.80537454038858 6.84225756861269 1.5351922897622 3.62653823569417 2.14824983309954 7.84947430156171 1.94377605142072 8.946563269943 2.45852416018024 6.91807078197598 1.69243061300367 4.37229971401393 1.86110938722268 3.61462674476206 2.15557929193601 5.72931063920259 1.85091034779325 4.56743739545345
437.705 5.63672114163637 2.32164989393204 9.92034274339676 1.77278207568452 5.49265884235501 1.50009906357154 5.31898266449571 2.20012919139117 5.44965871423483 1.3628747777082 4.22728544473648 1.90163026088849 5.29548186436296 1.83934569712728 5.72352106310427 2.15785273592919 3.4683329090476 2.02078448031098 6.82621654309332 2.36386443031952 7.58521798066795 1.79772759238258 2.89943921938539 1.61601487156004 7.92745784670115 1.40274343593046 8.55000448599458 1.9684397992678 6.38190202228725 1.83989049652591 3.54987382702529
501.292 7.89768281579018 1.94651980679482 8.72788427211344 2.45335818650201 4.32805338874459 2.34462158838287 2.57270058058202 1.92883150558919 4.0378201585263 1.53757642293349 5.09787144698203 2.44997918205336 7.16447082348168 2.31053679762408 5.41844530776143 2.35876403106377 3.84443327970803 1.86923863776028 7.58786995150149
523.477 9.94538592547178 1.51913888743147 8.74656820483506 2.44564196513966 9.19071717374027 2.16543774195015 5.7026914190501 2.31135263508186 3.94013922475278 1.94290907625109 9.16423243656754 1.37022516056895 8.78673853911459 1.40187996439636 4.81483423896134 2.0732946251519 4.69214466400445
536.854 2.57964895479381 1.46272275699303 5.62304475344718 1.44987392500043 6.47019984573126 1.52806349815801 4.87866133078933 1.50180371748284 6.95023762434721 2.07418685667217 2.34596241079271 1.75162165295333 8.10470117069781 2.48189894147217 8.15226451121271 1.68319596992806 5.04674550145864 1.47623695032671 7.21432692557573 1.30131073156372 8.48436735756695 1.94640547623858 6.25635620579123 1.95976031171158 4.56644905544817
537.356 6.4155931007117 1.46077545648441 3.68875327333808 2.14028417384252 7.35121908970177 1.4644725035876 8.70968215540051 1.32716493736953 4.45992040261626 1.77808007439598 8.77040467225015 2.15465723201633 7.54405433312058 2.31570198927075 7.56984736584127 1.78798011317849 4.33056820183992 2.00481973504648 7.72635284811258 1.37381782894954 2.8715210929513 1.93939937613904 4.23639255948365 1.96333780381829 3.46234554238617
549.698 4.05913824774325 1.65033816378564 2.69877921231091 1.80674659339711 5.18136339075863 1.96773252533749 3.37023051269352 1.84124819329008 3.26191196776927 2.37622531121597 4.88857318274677 2.11509135048836 7.70548250712454
599.461 8.83605606295168 1.62795958342031 7.75746823847294 1.44717277372256 7.56872150860727 1.61382884802297 5.42321997508407 1.8094828707166 4.51767477765679 2.10212792726234 7.93211854062974 1.94886745577678 9.06749376654625 2.06877582604066 7.34733530879021 2.16595627302304 5.03787203878164 2.18126454120502 3.48032274655998
631.246 7.97642624564469 2.41580724325031 7.56236718595028 2.14481811989099 3.20882197469473 2.27360220197588 3.59568796865642 1.39222984351218 3.70879894308746 2.02635832186788 2.37426449917257 1.83955267649144 4.9503527097404 2.03977065999061 9.02570089511573 1.66927458597347 7.07335396483541 2.22951660323888 6.79600646719337 1.98745978986844 3.91976314596832 2.37757624378428 5.65078172087669 2.3681714201346 3.50193499960005 1.44611594229937 2.26600392721593
670.128 2.94043751247227 2.13913419572636 9.02347178384662 1.540310984198 2.45899957790971 1.71267839679495 3.6964345164597 1.65523581877351 8.41585546173155 2.09739065384492 2.8370308149606 2.12301435591653 8.182378442958 1.94120111707598 3.77983992919326 1.47545196022838 9.09032117575407 2.44501956216991 3.4157587364316 2.36685898955911 8.07549154013395 1.76912143873051 5.26286789961159 1.34156351899728 4.78293223492801
673.612 5.19069358706474 1.81947169369087 5.2703248206526 1.77703174473718 2.56621282920241 2.49752841619775 5.11973498761654 1.89943397175521 8.21820080280304 1.71922408565879 3.98119159415364 1.63471466368064 4.99785824306309 1.50329886041582 8.98967809416354
677.181 7.95481792837381 2.01590405041352 3.32365870848298 2.3205515243113 4.35472078993917 1.33727364614606 8.48918471857905 1.6204621328041 3.56356051377952 2.23849602714181 2.80694966390729 1.97917525647208 3.03746042214334 1.60248627476394 3.63426549360156 1.68126374455169 5.19270252250135 1.64096726002172 2.02764656580985 1.42807632647455 4.21948203444481 1.97519717784598 7.69401123374701 2.06088002324104 3.71678220666945
711.425 4.49380487948656 1.64555197414011 2.46118583716452 1.76346485381946 8.51854033954442 1.73384062917903 2.36208906956017 1.57091572107747 8.46400969848037 2.1845940541476 3.40371451154351 2.08307713875547 6.25322147272527 1.46352721489966 9.83474945835769 1.73119232412428 2.16796543076634 1.68164230678231 3.15067351423204 2.03947639651597 8.62253147177398
719.161 7.32927710004151 2.27237211382017 2.99720739386976 1.56793560385704 2.55981243960559 1.9161620686762 7.10813173092902 2.09891513567418 8.16970996372402 1.90209131417796 5.47614177316427 1.99064905093983 3.11621227115393 2.08692958494648 8.0410206951201 2.09661956652999 5.37530197389424 2.38832572754472 5.27411800064147
851.529 4.08009956218302 1.63907291274518 3.10122708976269 2.27430800125003 4.03112198784947 1.85311988843605 2.3807481918484 1.7656083682552 8.69183408096433 1.30991337159649 9.19787274673581 1.66852143425494 4.34803594276309 2.36306774551049 3.98932317830622 1.69119052188471 8.02197371982038 1.58299597669393 9.54333875887096 1.60308680878952 7.33868575468659 2.25372791383415 7.15620217099786 1.82539994614199 8.92646098323166
852.394 3.81510233879089 2.30705700162798 6.58531237393618 1.83142506321892 2.85146152228117 1.88818634534255 6.09487451612949 2.37551273405552 3.9571192394942 1.68003601981327 7.10571650788188 2.07707611769438 4.77199175581336 1.88061793046072 5.68843199312687
867.345 6.58472865074873 2.46164910020307 9.18440647050738 2.49777712291107 7.39826553501189 1.93280138168484 7.18743652850389 1.71573030333966 7.02105111069977 2.06537878373638 9.01819055713713 1.65486946003512 7.39795865304768 1.6910797284916 4.58132167346776 1.90475727207959 7.39901700988412 1.87495843283832 6.02229633554816 1.38547066785395 9.44245776161551 2.00188814401627 7.35296846367419 2.05076385904104 2.98553323373199
869.308 8.31832916475832 1.47773236734793 3.44059644825757 1.88793769534677 8.7701522372663 2.05313624497503 4.83350855484605 2.22357514118776 5.78021215088665 2.47593228397891 9.64631427265704 2.39556098720059 5.33636198192835 1.56281181294471 6.16620281524956 2.39685877738521 3.02245568670332 1.81257705921307 7.29449792392552 1.99174705985934 4.40261354483664
917.944 5.27552374824882 2.08101819967851 4.30969793908298 1.919168694783 9.84101276472211 2.32816565884277 7.33912110328674 1.97380634350702 4.35072542913258 1.71616783393547 5.52408501878381 1.57990545583889 7.21238161437213
938.514 5.08653692528605 1.93686822075397 2.13045473210514 2.26648356588557 2.72997842542827 2.08899793047458 3.82143115997314 2.0979114709422 6.65509444847703 1.50979100875556 9.75065738521516 2.06809366680682 8.56183593347669 1.8102716284804 6.30639084987342 2.12622715141624 4.36340447515249 2.34354202188551 7.89919430017471 1.69642927004024 3.33641285635531 1.44729971820489 4.77354325167835 2.38382480703294 5.35314025729895 1.58650338966399 3.2347582411021 2.1716468596831 3.06662389822304 1.94371517030522 2.83150856383145 2.19506307775155 9.63939686492085 1.42499580578879 7.5037585310638 1.89754149420187 5.42893529869616
952.997 6.36671869456768 1.96407281737775 5.83878519386053 1.82274042386562 2.86135411821306 1.68143638353795 4.63696510903537 1.85177608747035 2.89541918039322 1.35671512493864 8.00067330896854 1.59743764409795 4.69050014391541 1.56698039770126 9.95578724145889 1.62016959851608 2.42554428055882 1.72498802514747 4.55821322463453 2.4472277181223 4.66823766566813
953.262 3.09760045818985 1.30445018513128 7.79064437747002 1.43368188263848 8.92234425060451 2.39791953293607 2.60334197245538 1.75459580309689 2.27729737013578 2.26926566958427 5.77350675873458 1.54375773761421 5.77913198806345 2.16709804832935 3.9043162856251 1.67302732104436 3.14971960894763
975.716 2.04444061405957 2.20331946779042 9.60919303819537 1.46781607437879 7.62353660725057 1.96328214490786 7.59783024340868 2.24635990746319 4.50272429734468 1.50904124751687 2.46853690780699 2.06329734008759 8.34848055243492 1.98373438091949 3.38950519263744 1.74901237878948 4.85645126923919 2.33786379909143 8.18699946813285 1.84878984782845 5.83670580387115 2.05290741762146 3.05023387260735
1006.02 5.80247542448342 1.565122349374 4.23668072372675 1.75635624108836 2.50042128190398 1.32847442310303 2.49751975573599 1.41606966089457 4.40376102179289 2.2253503405489 5.49079810641706 1.76033985037357 9.69544617831707 1.76887531783432 7.45550105348229 1.46567485043779 5.10370683297515 1.51512840883806 7.70193981379271 1.5631693678908 5.2747918702662 1.93832704797387 8.14019765332341 1.71296319095418 7.63574943505228 2.20869582779706 7.61469239369035 1.42677116775885 6.13503973931074 1.74948536958545 9.31585850566626 2.2816657406278 4.44276610761881 1.40089417519048 6.69312864169478 2.33705769442022 7.31484294682741
1012.58 4.67034590430558 1.32319659907371 7.28597377426922 1.49749748622999 3.52122318185866 2.34569347091019 4.22117423824966 2.25485386438668 4.22913065180182 2.01352022401989 2.31192340515554 2.32314490191638 6.09859084524214 1.81996054528281 3.92447519861162 1.86045776968822 6.6698252055794 1.97695041969419 4.55292422324419 1.62217543208972 3.50792411528528 1.64358463920653 8.89716920256615 1.4019881060347 5.30120532028377 1.85805534357205 3.86262274906039 1.58792136600241 4.45935253985226
1026.44 8.87667048163712 1.36114905532449 4.37530552409589 2.1301179853268 7.64178948476911 2.05785433892161 6.01147427782416 2.34466177318245 4.06867939047515 1.47436224296689 2.7476715836674 1.76807853383943 4.38218055479228 2.24000867065042 9.75752283632755 1.57747357264161 7.02289286255836
1047.64 4.36455733515322 1.44752889787778 4.1327060982585 1.71982046086341 8.84107106737792 1.30822329828516 3.47662753798068 1.89823782248423 4.37598162144423 1.89156009154394 8.89614710025489 2.00292044971138 9.5860354360193 1.30597260836512 9.60592940077186
1059.62 3.28295316174626 1.74433136582375 4.70071984454989 2.49892902690917 2.10923618264496 1.62720296857879 4.07664655707777 2.15339041212574 5.4930144008249 2.48551548542455 9.72529056668282 2.49813290983438 6.74299141764641 1.73163591120392 8.03194859437644 2.38634196212515 5.35875575058162 1.8674037030898 2.26804682798684
1065.13 7.6083371527493 1.81905713146552 5.36304427497089 1.52611096901819 3.67147475108504 2.40798725001514 9.07264624722302 2.37975854352117 6.92067937925458 1.92542067198083 8.39382863603532 1.32390373302624 7.14703780598938 1.46194198410958 8.74500246345997 2.32740514976904 5.72430780902505 1.63517846511677 4.49031701311469 1.41508878963068 7.1717238817364
1077.5 5.50784399174154 2.18557956619188 8.77110151015222 1.84583974760026 5.58297534100711 1.3925506404601 6.27752782590687 2.14739733990282 2.81593766622245 1.41554189827293 8.53906562551856 1.41955101620406 5.38276266306639 1.78608414679766 2.94565005786717 1.34342273883522 8.39353734813631 2.00238210298121 9.48638405278325 1.82437699884176 8.14534324221313 1.65947612607852 9.72335293516517 1.85063191717491 7.80925381742418 1.6395636877045 5.66822226718068 1.33155983993784 3.19606410339475
