# Using the following values to generate the workload:# num_procs = 50
# mean_io_bursts = 10
# mean_iat = 25
# min_CPU = 2
# max_CPU = 10
# min_IO = 1.3
# max_IO = 2.5
12.8584 9.94398351386189 2.03227683678269 3.31090175546706 2.32079445449635 3.23983803391457 2.20962477093562 9.06800344400108 1.3297096831724 4.26689162291586 1.54348816471174 3.91553793288767 1.75225877622142 5.3925597127527 1.5890739123337 4.63654219172895 1.71129752099514 2.77331243082881 2.18794453665614 5.08100580051541
26.0401 5.59986878372729 1.88137943530455 2.11818083189428 1.83006377480924 6.15201627090573 1.90356560265645 9.15879956446588 1.61872861916199 5.90843128599226 1.81279696151614 3.74086314998567 2.33853722354397 9.62229319103062 1.88202013596892 8.97733530402184 1.5774684487842 4.28985260613263 2.38883817978203 4.0115588195622 2.02620565220714 7.65078729391098 2.44576561553404 7.71798911504447 1.70714856721461 2.21422386914492 1.3227976065129 5.40379502996802 2.26371873589233 5.1719453278929 1.40740249361843 2.00327574647963 1.9666441838257 9.43589043803513
51.876 6.96817508526146 1.73636268461123 7.34544494375587 1.39767979551107 6.98852740414441 1.5205000160262 9.22169657051563 1.56868654163554 8.1836270429194 1.80778751680627 6.04439899511635 2.32253534924239 9.84971052780747 2.08717913348228 6.74883673340082 2.21961136655882 4.18372686766088 1.56435311613604 3.00162843987346
59.0098 2.45053011737764 1.9981326373294 6.72084589675069 1.86525576803833 2.06988638266921 1.93370550656691 2.56958671472967 2.39743893109262 8.92316305078566 1.42876784661785 6.046202654019 2.44012670833617 2.56635862030089 2.14038062132895 7.25402608513832 2.00155635895208 6.82676187716424 1.95822526784614 7.45571857318282 1.77330753328279 7.10456564277411 1.45155544430017 6.40526880323887 2.12873871773481 7.28819310292602 1.83702004421502 6.75187642127275 1.63113365955651 7.98444557934999
67.9885 8.14213831350207 2.47313018608838 7.06324700824916 1.33740681139752 2.74442673660815 1.92904192823917 4.48968828469515
142.397 9.4171538297087 1.9823554944247 4.13889130577445 1.71856699362397 9.26027688197792 1.8968625147827 2.88286266848445 1.64001337597147 3.84034749120474 1.81796370800585 7.63831819221377 1.94990059882402 2.85762272030115 2.43904084619135 4.06376111879945 2.39777164263651 7.53573544695973 1.68528493549675 8.17736740037799
188.017 7.7462626490742 1.47623283537105 7.07654411531985 1.73568317741156 7.50656020641327 1.92347239246592 4.87504936568439 1.80180732896551 3.65195405296981 1.56288817375898 6.69558961689472 1.64533152366057 9.82055972702801 2.04604073595256 2.0995356477797
201 2.61848537065089 1.80700871339068 6.85715237818658 1.50592985544354 8.16661188006401 1.67492195498198 7.39489179290831 1.56396475462243 7.10920418426394 1.68885968029499 9.32231548987329 2.42447419511154 3.10643522068858 1.96177046475932 3.67419632710516 1.63470891565084 7.35137836448848 1.72455527335405 6.03179985098541 1.83021791828796 2.79995446465909 1.7207061897032 9.34266932867467
202.187 4.31132069416344 1.86538466718048 2.50533026270568 1.95667684199289 8.56022329442203 1.4428642670624 2.64898702129722 2.2900485990569 4.89128329604864 1.55323397479951 9.71983335912228 1.35979867484421 5.87047362886369 2.19330598860979 4.88091306574643 1.9881088970229 4.6432522572577 1.40551959127188 3.76242338865995 1.8663987676613 9.66053172014654 1.35874682394788 5.0142396427691 2.45058463262394 7.76237153448164 2.0992120151408 8.61547523736954 1.82081044400111 7.96729808114469 2.41977970320731 5.46376785263419 1.68821603646502 6.75441475585103 2.34153321804479 8.65377319976687 2.32651256341487 6.42742216400802
218.483 4.50526556186378 1.43082538591698 2.36166774854064 2.20820567980409 8.3153636418283 1.4038753323257 7.80584865063429 1.59956643627957 4.16504161246121 1.8818767182529 8.43603054247797 1.31803505215794 5.45979819633067 2.35626245848835 4.96762091480196 1.65285081863403 7.86517171002924
222.957 5.60907454043627 1.40862808208913 7.32504791766405 1.50626663947478 8.13201022148132 1.92822526488453 8.82053520157933 2.43490849249065 6.90409615077078 2.46628580419347 7.40556090325117 1.4624953025952 2.34033523872495 2.24024845901877 2.09432927891612 2.21873171711341 2.09897228702903 2.0594608633779 5.1675324048847 2.3020778295584 7.40759312734008 2.07997630285099 5.98601362109184
229.488 2.97139817290008 1.67948989998549 4.78546057455242 2.01895039444789 7.86296081729233 1.71112025910988 7.65869186259806 1.37846933370456 6.77240647189319 2.13075750190765 9.53077693842351 2.45829949053004 8.47730131819844 1.85244651287794 8.71504636481404 1.68939581112936 6.54058541730046 1.7366009122692 9.87126488983631 2.46911098472774 8.25168463028967 1.84674148363993 7.91231167688966 2.0103754571639 6.50254490971565 1.72772281412035 6.54033701866865 1.46694423602894 5.78289707563818 1.91977658225223 3.99360608495772 2.2520143748261 4.8223385065794
243.14 9.90929163992405 2.32555145667866 9.29513410106301 2.24452157421038 4.87679001875222 2.09009581394494 4.58706766739488 1.38187530133873 3.5166914369911 2.30875391010195 5.34746470861137 2.01716694701463 7.43887144140899 1.82163024861366 6.46763278543949
300.1 3.43733871914446 2.320356347505 3.13557915575802 1.6538880799897 4.32497356832027 1.99633777709678 8.52028494514525 2.30040738135576 3.78936101868749 2.32957976972684 8.90400721505284 2.48579394510016 2.81439359672368 2.13972710333765 6.86644033528864 1.3019007387571 6.01958033628762 2.11676006224006 8.37210825271904 1.45517285997048 2.62378035113215 2.33973496509716 8.804837083444 1.67276600236073 5.59476039372385 1.88202860672027 2.64827204123139 1.50497856000438 2.06666809692979 2.48618881320581 8.53581476397812
310.038 3.49223068542778 2.27594141764566 7.31549151428044 1.91691083582118 5.91428533755243 2.3032000856474 7.64540814049542 2.46320822192356 5.70191409625113 1.49251720132306 7.51768835820258 1.43485546922311 2.87977813929319
336.142 7.48315891996026 2.41364368433133 3.26815428212285 1.83319914191961 3.14155362918973 1.95142573444173 6.35694198682904 1.41607590457425 8.81820490397513
394.791 8.37303226813674 1.89445017259568 7.54608019068837 2.26416911398992 4.4147026874125 1.84491696208715 6.81837026029825 2.37312263213098 3.67623434960842 2.12153285425156 8.71723087504506 2.38981427084655 8.14288285188377 2.09307553246617 4.83631518669426 2.11038743816316 8.4219757784158 1.87568462304771 8.23976872116327
423.49 8.56884474866092 2.3410284246318 8.08409126475453 1.35283841537312 4.73979475907981 2.02043668497354 7.25128075294197 2.07331609679386 6.14646423608065 2.22477817703038 6.95825525932014 1.51522742314264 8.21965660899878
454.444 7.40566415153444 2.25714653590694 5.33079345710576 1.90772960335016 3.90920610539615 1.32173219481483 6.25580489076674 2.37911912836134 5.78026531264186 1.70643047839403 8.90829434990883 1.68122207419947 9.20637031458318 2.34254563096911 6.32052890770137 2.47488197311759 9.53462475165725
465.961 8.07248497009277 1.38254415234551 4.48782435245812 2.13006176957861 3.31192417256534 1.72400148352608 6.13357950933278 1.58899716176093 9.618337797001 2.10076011074707 2.5450226906687 1.95607886584476 7.71299713850021 2.18442210862413 9.35948825068772 2.21190982470289 6.02552721463144 1.47126664351672 7.56910510919988 2.40535272089764 7.60154088586569 2.32061095703393 6.02957330457866
484.358 3.23817623965442 2.12577822366729 9.15646154433489 2.26438477030024 9.72885737381876 2.04662841521204 3.39725970849395 1.68329102350399 8.17368917539716 1.73668004665524 6.35981399565935 1.47266730451956 8.29217577911913 1.99562630997971 7.07312327064574 1.31733713243157 3.68880456499755 1.88162837475538 9.05100167728961
495.522 8.11095027811825 2.3407679614611 9.40479404106736 2.02030089506879 6.60308848321438 2.01870280923322 8.85574639588594 2.24407576285303 2.63768838532269 1.95559682454914 8.83852598071098 1.34926803670824 4.44535781629384 1.34514647778124 2.6187786012888 2.13301001517102 8.64032726734877 2.03321544034407 5.32885731570423 2.32995057115331 9.37095730006695 1.8483819598332 8.66079372353852 1.49569485457614 5.46870973519981
497.613 2.23589391633868 1.37573777930811 3.86393241398036 1.96716140788049 6.81770554557443 1.48557366123423 9.91831558011472 1.54428962608799 5.73899511434138 1.9633510039188 4.52986369095743 1.49211898073554 9.40700916573405 2.02187036927789 2.74844761751592 1.30802181996405 8.17810270935297 1.86042267382145 3.29754719138145 2.20249110972509 5.79967687092721 2.24869016679004 2.85313971713185 2.19439941039309 7.17673335038126 1.52240737928078 8.70938738435507
515.937 2.50826187245548 2.43900088882074 3.33369689062238 2.29991602273658 9.41721534729004 2.34726703297347 3.6462534610182 2.48807349782437 2.04814885184169 1.90085170501843 4.40290072374046 2.01173632256687 8.92048408463597 1.72803979059681 5.73615107499063 1.69221496060491 3.86407105252147 1.84555541556329 3.21933334134519
518.127 7.04178509488702 2.20808454286307 9.08973411843181 1.60729230884463 8.90556113980711 2.26204458344728 4.15982503630221 1.61619781330228 3.38910255581141 1.95724708493799 6.52415309101343
532.684 9.35492710396647 2.09141627438366 4.0050696823746 1.65987732699141 2.08003586530685 1.69324231622741 5.5416517034173 1.39336020462215 9.50024797022343 2.40669714519754 2.86738050729036 2.4210826206021 5.57720562629402
579.874 6.16290773265064 2.23680599182844 3.95512390322983 1.95414419099689 5.78399460949004 1.53822808489203 8.07692732661963 1.34188492167741 9.93512902408838 1.9451389413327 3.37302906066179 1.50512887546793 7.25303458608687 1.4339700113982 5.06056781113148 2.20782970953733 2.39125932380557 1.46325990790501 6.20309350267053 2.31260852441192 9.90151526033878
588.036 8.24226331338286 2.06660871654749 4.55842292308807 2.11087551526725 8.54514744877815 1.61655277684331 7.20622269622982 1.84853105181828 9.13310063257813 2.321900917124 3.11479521542788 2.27679525306448 8.29610658623278 1.46944390870631 4.72230739519
628.312 9.12295720912516 1.55681372163817 4.16096675395966 1.76513582644984 4.20525552146137 1.86298963250592 4.76336637698114 1.4551337050274 6.56475289724767 1.3287285274826 9.5087049305439 2.05254599358886 8.66471697948873 1.904847020749 2.99044505506754
683.512 7.5246913433075 2.33272488135844 6.26854612678289 2.05570800174028 9.53332163207233 2.06334706544876 7.92376692965627 1.7661260058172 2.6613571383059 1.42114821076393 6.57145973294973 1.47720770295709 7.95952899381518 1.64850223613903 4.93269398808479 1.46663197968155 9.18138442747295 1.58145832996815 3.25822798162699 2.03391524907202 8.74733982235193
699.278 9.19318000040948 1.33003034042194 9.52703595533967 1.37438640864566 7.22581861168146 2.1032493812032 3.95973629876971 1.82944185910746 2.01115770079195 2.17699050260708 5.43993592821062 2.14854377023876 9.57687095366418 1.68930350290611 4.40691489167511 1.85120493397117 7.32035050541162
736.054 6.47203786857426 1.9316331287846 5.11375631205738 1.78872052887455 5.47198175266385 2.00287814149633 4.0269736405462 2.34982530856505 7.12362264469266 1.49994386397302 7.69293061830103 2.21974864928052 9.61484855413437 1.82626934815198 3.20431236550212 2.44955341378227 2.47471472620964 2.28720178147778 9.16736118867993 1.85900004860014 3.97435620985925 1.41522298138589 4.74447567015886 1.30171428415924 5.28290219604969
773.356 7.52019768953323 1.5586433025077 7.28287303633988 1.41235483605415 9.08910519443452 1.9387769298628 2.60301274061203 2.29438540190458 3.96007370762527 2.43318995423615 4.41793127730489 1.60858639730141 9.09346282109618 1.69794425880536 3.94163710810244 2.06879879888147 7.00672447122633 2.09742997530848 3.00233464315534 1.94794828230515 6.85655857995152
791.592 5.59040611423552 1.38974999710917 2.84112431295216 1.86601570015773 5.25097675248981 2.20631759800017 4.71642639860511 1.66648257821798 4.92612329870462 2.08215570608154 8.39061711169779 1.93638027468696 7.2012371327728 2.1560747875832 6.94886977411807
798.859 3.48408352583647 2.41859211716801 7.69453653879464 1.49865757236257 8.09287054650486 1.8181641950272 9.11523716151714 1.89267732268199 5.24905836395919 1.60160570554435 8.38579499348998 2.23990798331797 2.36698059178889 1.929126983881 6.81209592707455 2.37075460087508 8.59380276314914 2.21564697138965 2.4432997237891
808.592 4.16034382581711 2.39839724106714 9.95326986722648 1.42040401678532 5.23134667612612 1.94437218550593 6.51587293110788 2.12373907901347 2.46032581105828 2.38077977728099 4.35723077878356 2.39263665517792 6.27017637901008 2.00899866055697 7.93799321912229 2.38576006889343 3.63000669516623 1.75904590999708 2.94192871451378 1.49907237123698 4.04032326117158
862.363 2.87774704769254 2.20047726584598 7.99118551425636 2.19767784904689 2.70509066060185 1.93960538264364 6.97350201383233 1.41940576732159 9.51804333180189 1.89392827730626 7.56830495968461 1.46920425668359 8.23884910717607 1.93623734619468 4.28661764599383
900.674 8.92204551026225 1.67086511775851 8.82036428153515 2.20182223916054 4.13579741120338 2.43437436996028 5.9508432932198 2.46051722867414 3.8179373126477 1.92091867886484 2.13623099587858 2.18914241231978 6.77360802702606 2.18471985338256 3.36181995272636 2.31117483563721 3.92038006708026 1.58517121551558 3.39449783787131 1.98694711439312 4.10515197366476 2.4881614879705 7.28191842883825 1.94329282352701 3.78437640331686 2.01259471327066 7.96511080488563 1.40631025591865 8.74886903725564 1.65044314656407 7.75167959369719
937.861 9.60590929910541 2.49809311255813 9.82296809367836 1.78421724885702 2.13588387146592 1.49701316757128 3.32749369554222 2.33932768143713 2.93278170749545 2.49357637120411 5.98515927605331 1.65007513631135 2.5307343993336 1.97117882361636 6.79994104988873
939.064 3.42121041938663 1.44914667671546 8.75576518289745 1.41367372181267 7.6128594558686 1.77390619646758 2.07923389226198 1.44265464767814 3.00278943777084 2.35027337297797 8.94912716560066 1.78180435514078 5.97579852119088 1.89917403301224 7.10182892903686 2.06349899498746 6.23036775551736 2.3973449844867 4.73872916959226 2.26884502936155 6.54832863993943 1.90192107353359 2.50718683749437 1.90651845354587 5.04938697256148 1.71607485571876 7.05845994316041
954.376 6.92303933575749 1.99640368875116 8.17167836986482 1.35476764896885 7.49496490694582 2.20553416609764 4.20197279565036 1.98072986481711 6.68800971470773 1.55803591180593 3.60496698506176 1.38156108614057 8.85645722411573 1.96857434110716 9.50038619711995 1.6334257401526 8.56943843141198 1.47873474797234 6.44141699746251 1.75588023113087 5.15287337824702 1.74951468249783 5.05371691472828 2.40202723685652 8.48952753283083 2.26362116970122 4.83671940304339 1.61342223519459 3.96711426973343
986.29 8.19120207801461 2.4868074381724 9.36417505517602 1.63140794504434 2.85341020487249 2.34769443264231 9.74174555204809 1.93265019087121 7.15623908117414 1.31636698860675 2.00125218555331 1.67300682002679 7.89934249408543 1.71398740056902 8.20645209401846 2.31320808446035 4.74714890122414 2.1133313450031 6.921690935269 1.57377239549533 9.15673372894526 1.52845978112891 6.36022957414389 1.75811117244884 4.65610508993268 2.35540160294622 3.43773593753576 1.81106433747336 8.21878530830145
993.975 7.96315612830222 1.62476296192035 7.33648237027228 2.12879926385358 9.21647726371884 2.09152181372046 9.81749939359725 2.2297084543854 9.87061165831983 1.79736010767519 3.43532852828503
1032.77 6.78274215199053 2.241524658259 4.31407303363085 1.46378465918824 3.79531653784215 2.15133045017719 4.2672815490514 1.57897860761732 5.67144741117954 1.65834465017542 6.06715587154031
1043.37 3.63426420651376 2.35197641840205 5.97225318476558 1.32844523787498 6.60928435437381 2.17234363220632 4.88140221498907 2.10510255489498 5.48472106829286 2.37543325852603 7.31444005668163 2.38475454421714 4.78644907660782 1.80297916345298 6.16634684801102 1.86098090941086 2.02904127165675 1.84834349611774 5.50129007361829 1.94601466860622 3.43159330263734 2.04044142514467 5.84567427448928
1055.27 5.09768285043538 1.74721580864862 3.31798047944903 1.58697163546458 3.21273558214307 1.46345989564434 6.18259062990546 1.61830310625955 4.22138139046729 1.87713160831481 2.0333795864135 2.04959046887234 6.508570516482 1.61341245966032 5.56523447297513
1077.77 9.30122523009777 1.90315758697689 2.21688737720251 1.68852593079209 3.09589345008135 2.33650569049641 6.06262014620006 2.42068645861 2.54126841574907 2.23550274474546 7.08767773769796 1.43474901486188 3.69838540069759 1.59950445042923 5.79413024522364 2.02213885476813 6.56108900904655 1.68933969289064 5.74021327123046 1.71857009967789 2.88314856402576 2.05366080906242 7.18344245478511
1092.96 2.84830936603248 1.31964595336467 9.60216685757041 1.83945375187323 5.17319651134312 1.47953946460038 6.34651440195739 1.63272688947618 2.15228140354156 1.38901593210176 7.2025017477572 2.24885743996128 7.59460113756359 2.42474397923797 7.42158945091069 1.80927917901427 9.41062766313553 1.98904933119193 6.87734034098685 2.41263929987326 4.62803280167282
1111.06 7.66991367377341 2.33854526737705 5.42186997644603 1.99305828819051 5.85595923662186
1155.83 3.98652328364551 2.42100001052022 6.80669426172972 1.3517594945617 6.15852958895266 1.35203612223268 7.5859385561198 1.8554699530825 6.00374196656048 1.73381337933242 7.49393761716783 1.60934441499412 3.71444941870868 1.99560992643237 6.40454856865108 2.10558875892311 3.98506821133196 1.50427610762417 4.13497028686106 1.85060579022393 5.09127134643495
