# Using the following values to generate the workload:# num_procs = 50
# mean_io_bursts = 10
# mean_iat = 25
# min_CPU = 1
# max_CPU = 2
# min_IO = 0.3
# max_IO = 0.5
6.01512 1.26278899307363 0.354472636478022 1.37821805360727 0.404823381733149 1.6834526900202 0.37517449897714 1.13723104540259 0.499190741218626 1.43860749388114 0.37462404454127 1.41387038584799 0.415407226094976 1.77193362941034 0.471617274405435 1.39425208372995 0.489963571121916 1.41536003444344 0.330981650948524 1.63229880155995 0.423358634859324 1.2735613475088 0.321455489937216 1.72052579536103 0.310439583612606 1.02170515456237 0.408496608259156 1.29744724743068
9.86844 1.5532778033521 0.484307730989531 1.81204000045545 0.380393906123936 1.36268534255214 0.323017490422353 1.09604077320546 0.430044005392119 1.12733128876425 0.328408174030483 1.39178590429947 0.48780025606975 1.15499873040244
40.1456 1.4381579933688 0.46229097628966 1.72383826924488 0.447792146122083 1.29349253419787 0.468457700870931 1.98710724827833 0.448898575920612 1.59813660359941 0.323976062936708 1.14437915198505 0.338125602249056 1.1337615577504 0.35750462943688 1.223212844925 0.463478432456031 1.43614184274338 0.44766381890513 1.91448362660594 0.421972579183057 1.32095124945045
86.4865 1.29035938670859 0.327985545108095 1.89391892706044 0.460547818569466 1.63665838888846 0.444571249606088 1.05718260118738 0.499220631457865 1.68121060100384 0.409485847502947 1.73421516781673 0.351650130143389 1.70687423832715 0.388870765687898 1.05631386837922 0.430113398004323 1.98350566369481 0.427997517120093 1.6238131779246 0.31361086955294 1.80660033645108 0.367603244632483 1.8051568903029 0.372673514392227 1.11677948175929
140.646 1.28098382102326 0.3002180299256 1.17560357414186 0.423566922312602 1.32645389507525 0.33519722786732 1.56174110574648 0.406921235052869 1.24629139481112
200.876 1.43470760481432 0.302902583358809 1.86446776101366 0.314039642456919 1.11007251986302 0.431892467383295 1.89948496758007 0.367566205188632 1.74716774211265 0.431122077163309 1.69082095427439 0.490280085615814 1.50317587074824 0.394314968213439 1.12849283311516 0.448131001042202 1.85539364558645 0.327332619996741 1.29609807045199
231.985 1.11295522958972 0.348172880150378 1.23215015092865 0.321014353865758 1.73772027133964 0.360367155680433 1.04156999127008 0.346706238714978 1.67717381333932 0.327795959822834 1.27287682541646 0.456434210622683 1.21827862900682 0.354487038543448 1.08535983669572 0.435592669574544 1.31912944442593 0.358276480250061 1.63616821612231 0.470999320223927 1.063759036595
234.178 1.73232198716141 0.397349240118638 1.65840300661512 0.366205399762839 1.86126401647925 0.345223505562171 1.83768564742059 0.318386472063139 1.57602395862341 0.476941201044247 1.50830049277283 0.375600386969745 1.07256350340322 0.365379870450124 1.30620057159103 0.357058786367998 1.65211643604562 0.336340519366786 1.53982764831744 0.460756895365193 1.91793457162566 0.497125833388418 1.92368631577119 0.362553156120703 1.71674021263607 0.322231074701995 1.90628852578811 0.416009421786293 1.94765826663934 0.422847620630637 1.06910493248142 0.49834204511717 1.3223194621969
295.066 1.76344907889143 0.402370748622343 1.82631592778489 0.445694018620998 1.60523609514348 0.450597197748721 1.99297558679245 0.459429136337712 1.69743724516593 0.406048487918451 1.2608259441331 0.339254537131637 1.71506730187684 0.327042460581288 1.10998527542688 0.40744005558081 1.27142730168998 0.465394028881565 1.2088210657239 0.400830418709666 1.01269027777016
339.744 1.83955083112232 0.402958001475781 1.94078666553833 0.312568027013913 1.93517471873201 0.393640354741365 1.59556032391265 0.383769778022543 1.06788109475747 0.412483938783407 1.9461545094382 0.391708155348897 1.10527932480909 0.306817504717037 1.816252554534 0.35899896887131 1.76507752970792 0.391772337723523 1.40580655797385 0.422937897825614 1.24367708526552 0.447394283348694 1.70992732443847
344.65 1.93043240066618 0.473213672451675 1.47066111722961 0.308012828091159 1.12839968968183 0.383227237872779 1.77755009080283 0.475780447619036 1.30053318734281 0.393457281589508 1.85436377371661 0.429986393079162 1.29688019212335 0.347131657600403 1.79393057245761 0.438950643315911 1.78608997049741 0.474263570085168 1.60546316043474 0.388245698018 1.94076485163532 0.397777108894661 1.16018471890129 0.452109958650544 1.44945623609237 0.436921550193802 1.46763371210545
348.175 1.74478601291776 0.338574649114162 1.5259077930823 0.385622515436262 1.37898424640298 0.457391269830987 1.54401999106631 0.469051094353199 1.52547945128754 0.334136965405196 1.05575069738552 0.393092884728685 1.05028394330293 0.365183984395117 1.8173389788717 0.374907167628407 1.60776847577654 0.300783537048846 1.44522146834061 0.496598386950791 1.81218041037209 0.471448567789048 1.92987568234093 0.381916187377647 1.75562289333902 0.366993635939434 1.40263463789597 0.431587773794308 1.0746368104592 0.315769825177267 1.94464191445149 0.321355316834524 1.62966825114563
351.132 1.29955347813666 0.461554996389896 1.88827051408589 0.435391395818442 1.77007813774981 0.306853348575532 1.71676001884043 0.322047638799995 1.90298148593865 0.3028590047732 1.08052752958611 0.347139942180365 1.67785871727392 0.43011367614381 1.16230139741674 0.359467154182494 1.3013960714452 0.313934214180335 1.12465119548142 0.373813415737823 1.82676750258543 0.367805412877351 1.403960600961
363.678 1.68668898916803 0.467550176614895 1.45159494690597 0.370825873827562 1.30258461763151 0.454320073220879 1.12862055725418 0.492575835483149 1.97301416797563 0.492225325386971 1.84165151091293 0.493197064613923 1.35604455810972 0.4611896651797 1.19645806122571
368.041 1.8626510980539 0.399827001662925 1.92655003163964 0.329797954205424 1.82032501557842 0.383787711756304 1.79399016080424 0.421297887479886 1.02827483182773 0.42312844847329 1.24490751908161 0.479277768963948 1.03218573285267 0.494959154911339 1.26672014803626 0.429863279592246 1.87204075721093 0.312051221588626 1.93499154807068 0.496453139418736 1.04165053344332 0.415702126221731 1.11336309462786 0.355222770664841 1.25212672911584
385.96 1.70595038426109 0.369658351782709 1.85604011104442 0.415883113211021 1.60048315417953 0.343696078285575 1.30270656431094 0.379429716710001 1.41210623900406 0.396466887136921 1.02609839988872 0.356916543655098 1.30970431654714 0.3592322898563 1.85340633871965 0.441980690509081 1.98442417779006 0.31912144171074 1.85540158278309 0.40467340182513 1.31579745048657 0.487648608256131 1.83887159475125 0.459915510704741 1.32363702426665 0.38595104822889 1.53555309749208 0.306060159765184 1.67396007571369 0.400116225192323 1.7285672146827 0.461041773762554 1.47037846315652 0.39350159005262 1.11747690360062 0.35836511044763 1.92167742550373 0.423374589299783 1.89543518843129 0.313021143851802 1.15197212132625 0.392125209188089 1.0964022364933
391.018 1.92335529369302 0.341911551402882 1.26028279378079 0.493040990829468 1.42446457687765 0.310100388433784 1.349208999658 0.335564072709531 1.38322433084249 0.382280456647277 1.74927421030588 0.492150146467611 1.70995082147419 0.480606976291165 1.09170738351531 0.456092225760221 1.89876667107455 0.467321467027068 1.68400922277942 0.445704976702109 1.72086002258584 0.308584166737273 1.6022172390949 0.482173887919635 1.58558363909833 0.432558353524655 1.4533968004398 0.397564877057448 1.96372114517726 0.366502183349803 1.92238369048573 0.348976118164137 1.15329091087915 0.355109727755189 1.16570733813569 0.496949763363227 1.4831311982125 0.353675331827253 1.58852756395936 0.403789852932096 1.18396500917152 0.374185436964035 1.66038472158834
406.441 1.51178447157145 0.376794183440506 1.03165111877024 0.448801098763943 1.99974985653535 0.470101787848398 1.26008710474707 0.427195950644091 1.18449258059263 0.406245133699849 1.87091370346025 0.427017901139334 1.95719271968119 0.376996499765664 1.01264549326152 0.423605296621099 1.14581534359604 0.445076018944383 1.4991186754778 0.314625850087032 1.4795892641414 0.441546763200313 1.09501801035367 0.481017688568681 1.6975012307521 0.44557675793767 1.96363193471916 0.452428731368855 1.18428150890395 0.478453803574666 1.38349713920616 0.449390257382765 1.18287230469286 0.479536927770823 1.45467416150495 0.30330458865501 1.38105526706204
410.136 1.15589566482231 0.418088988400996 1.97166589042172 0.364634637581185 1.71463338774629 0.397010074695572 1.51378327375278 0.38801791574806 1.9152328488417 0.396871320065111 1.22937349625863 0.370346970343962 1.60379704157822 0.337114827986807 1.67358645866625 0.384772367170081 1.66103569394909
446.114 1.02111554518342 0.489624127419665 1.15946871810593 0.37065067589283 1.43206508783624 0.344795630918816 1.77600029739551 0.413637974020094 1.55467210174538 0.358874700265005 1.37549162935466 0.345549691980705 1.85255748638883 0.427388175902888 1.59437272697687 0.487420374481007 1.51317031099461 0.463375900639221 1.96017935452983
469.319 1.91259654704481 0.401920608896762 1.80010695080273 0.304286975646392 1.44887872203253 0.45287213451229 1.51296828850172 0.314181726565585 1.17659962549806 0.379881814448163 1.0780505721923 0.406527556944638 1.03921011695638 0.37347139371559 1.87229746999219 0.4407422717195 1.87991862953641 0.323148677498102 1.17505185771734 0.466524951113388 1.69935559364967 0.482124091964215 1.46814822102897
538.348 1.24412938463502 0.41883476539515 1.75620986591093 0.374293266283348 1.10563472867943 0.46831406163983 1.71962393890135 0.3241377631668 1.75073471246287 0.36400531581603 1.99900579731911 0.467647203616798 1.35278341616504 0.420735100237653 1.95115982694551 0.41266469634138 1.81839560694061 0.463880915287882 1.11664667935111 0.387602696940303 1.09976415196434
550.246 1.3407876896672 0.497695013927296 1.82547881128266 0.36418704832904 1.60462587559596 0.322500045085326 1.2353430246003 0.33166516367346 1.90163989155553 0.382408802909777 1.83170533971861
578.466 1.23684879741631 0.46198676135391 1.20620444021188 0.425507239857689 1.09145443025045 0.383706467598677 1.94955924944952 0.359489066526294 1.10391983692534 0.482180259935558 1.6455703037791 0.381337311351672 1.42876753024757 0.437929206015542 1.91999504482374 0.435640145698562 1.42372444365174
586.714 1.64213809999637 0.306244576442987 1.9087825359311 0.473938824050128 1.39854009635746 0.306015635794029 1.55841166083701 0.301240428350866 1.97444865619764 0.440516083408147 1.96343635511585 0.319569890806451 1.87359739257954 0.314552243519574 1.68041684827767 0.450697590922937 1.29251356981695 0.486642117844895 1.3955195308663
599.191 1.35146035579965 0.437542737787589 1.50344758247957 0.42412017704919 1.34407587815076 0.475863190088421 1.5281447917223 0.477463863184676 1.02977273031138 0.382314051967114 1.84473283891566 0.408995988126844 1.83786823251285 0.4434889129363 1.53083415096626 0.49706295710057 1.45934602385387 0.481362181575969 1.22253836272284 0.386501635983586 1.2048156845849 0.376527295960113 1.65944594540633
647.236 1.93535658996552 0.315365350199863 1.78589280322194 0.405328563926741 1.72716284450144 0.456121315155178 1.14645716641098 0.316339319851249 1.3482888136059 0.416683432320133 1.9303329566028 0.362559897871688 1.52628964395262 0.433581803785637 1.45840267650783 0.301692992821336 1.00236744340509 0.491406619409099 1.53007232723758 0.324432459659874 1.14134303620085
684.367 1.44725197344087 0.4442208616063 1.81774754286744 0.387106020376086 1.2647816312965 0.442221391713247 1.32677535153925 0.450547342514619 1.80272598518059 0.435582402674481 1.71886621182784 0.409382264409214 1.61970917391591 0.384684762777761 1.92025819607079 0.400836951378733 1.47419777140021
693.631 1.02794274920598 0.453195939864963 1.72721237898804 0.378222189145163 1.12356924940832 0.365801697736606 1.93085007113405 0.440295125124976 1.49135310482234 0.342482191696763 1.11130831786431 0.405618174280971 1.64548963680863
708.928 1.3681517613586 0.401430781232193 1.38597348192707 0.337738088378683 1.55857243645005 0.447848414396867 1.97954356623814 0.403380720457062 1.19128577434458 0.335725566744804 1.89558695885353 0.446588047361001 1.91573862219229 0.453981133690104 1.75972643075511 0.367483894014731 1.43521750345826 0.303713454632089 1.61568151973188 0.350001326808706 1.75195024139248 0.335969032347202 1.68458163551986 0.394747128849849 1.65948668215424 0.380515490984544 1.90363583154976
710.295 1.30855327425525 0.363363502454013 1.34887041966431 0.358699510386214 1.00844649295323 0.495609067194164 1.49603668483905 0.35995967015624 1.68270567525178 0.411562688322738 1.75418197945692 0.35819636345841 1.04334434005432
746.421 1.90926678176038 0.314142124867067 1.36774450843222 0.468519831821322 1.27594396984205 0.320562513265759 1.90351311117411 0.362610109662637 1.25461239786819 0.437316997302696 1.6189946422819 0.39518493656069 1.87726720189676 0.470909586409107 1.81386951031163
771.645 1.26489893300459 0.41044572009705 1.41368972184137 0.307505072792992 1.76377215841785 0.360483983438462 1.57232712605037 0.475510059576482 1.7916075300891 0.480720134405419 1.41179393976927 0.395573455793783 1.98201832082123 0.428020387096331 1.05014966172166 0.496408469276503 1.49576693982817 0.333103569876403 1.44798918860033 0.373888846067712 1.62179336696863 0.322045922605321 1.70853956672363
791.417 1.35447008116171 0.30621879491955 1.45031037111767 0.352795535232872 1.9804499137681 0.465931148547679 1.64221611153334 0.442714685574174 1.51804790622555 0.301392734982073 1.71500325738452 0.423777524195611 1.16406097821891 0.453253808617592 1.03526660683565 0.380491861794144 1.05352249438874 0.370431040134281 1.68271285481751 0.477290771901608 1.26814793003723 0.420581313595176 1.88161952444352 0.399338405020535 1.32024098257534
891.471 1.00088379671797 0.315955518651754 1.46497836476192 0.45175679246895 1.86543277837336 0.48773404113017 1.49466370535083 0.436707625491545 1.39975526416674 0.416708713164553 1.43435267102905 0.442121941875666 1.50860093999654 0.324200086575001 1.98878186522052 0.445441025355831 1.56330346036702 0.338113550050184 1.78887677635066
976.716 1.7267109930981 0.49428881960921 1.99376404401846 0.308853345923126 1.24810749944299 0.316610970906913 1.0882486931514 0.328498403448611 1.67860134923831 0.474432383943349 1.21455076569691 0.403840080136433 1.4311020213645 0.315349600976333 1.83628095919266 0.360978438099846 1.39568694285117
985.471 1.32114375568926 0.495418533030897 1.36846089572646 0.496172490203753 1.09595085633919 0.445071581751108 1.91221093432978 0.41958335917443 1.23803041665815 0.400936446385458 1.0815988664981 0.470281984237954 1.72004264267161 0.329257422173396 1.41224443609826 0.329366620955989 1.82894404488616 0.379486420890316 1.77098741056398 0.353031052462757 1.54835524503142 0.408772591967136 1.67332283616997
1029.23 1.70261180214584 0.402832937799394 1.66134667093866 0.3108059364371 1.00187611673027 0.350771765084937 1.27270475053228 0.334048098651692 1.82224508794025 0.490380302164704 1.47600871603936 0.366480366373435 1.79290074971505 0.408596339821815 1.321452842094 0.410217863507569 1.38950636121444 0.399413173971698 1.35124149685726 0.433772175526246 1.3163130658213 0.336535169137642 1.52441694471054 0.433338966034353 1.79023004043847 0.484147293912247 1.79785345238633 0.31192340166308 1.35702394717373 0.397654544375837 1.03160934406333
1031.7 1.11076137772761 0.467809244384989 1.63966122409329 0.344034246634692 1.30875425389968 0.410487355897203 1.2048551000189 0.342489500623196 1.96679189242423 0.395430110348389 1.74662115820684 0.420679355412722 1.55027479375713 0.404019733052701 1.06097514601424 0.318849655613303 1.9165011504665 0.450783106544986 1.56686266278848 0.497883245628327 1.32086749142036 0.452255174983293 1.1171810971573
1045.78 1.86268510762602 0.497451140778139 1.6213658421766 0.374773541744798 1.25289647141472 0.423924981337041 1.3907864918001 0.388636716268957 1.65937476162799 0.423514318559319 1.68706303997897 0.488370295101777 1.88850341713987 0.488728999253362 1.6406429335475
1067.95 1.50774496770464 0.424076127773151 1.36943311011419 0.409873864706606 1.24437775393017 0.442268886370584 1.56288741971366 0.436234161676839 1.9042667071335 0.306154374266043 1.46558443130925 0.45017809686251 1.46782132796943 0.475304044503719 1.1832062965259 0.390813869191334 1.36538835638203
1071.92 1.62750485911965 0.4469808481168 1.29479185305536 0.407474851049483 1.70691401604563 0.442143649514765 1.01010109251365 0.32436541756615 1.64025814738125 0.383727780450135 1.00778951635584 0.49836656274274 1.8422876293771 0.446518819127232 1.39860752271488 0.347655368922278 1.60355249000713
1132.94 1.99318271223456 0.482976107485592 1.76655199914239 0.411868583923206 1.20259306952357 0.377922313753515 1.18912875605747 0.341371396370232 1.76022052229382 0.484705792088062 1.74276691768318 0.329787610378116 1.75202364171855 0.377418656414375 1.12215352081694 0.482754910457879 1.5055223070085 0.453163230558857 1.28285869443789 0.423097596876323 1.39280147175305 0.481662068050355 1.54603083292022
1137.57 1.14504254609346 0.487544999597594 1.4596606688574 0.445978725934401 1.61731135589071 0.30159205798991 1.20005233911797 0.488272366300225 1.47236672719009 0.394520777184516 1.42955792997964 0.378613016055897 1.94436577358283 0.446062613790855 1.9523282230366 0.379686302086338 1.35131620871834 0.385991739481688 1.41733776428737 0.439179327292368 1.656526284758 0.302090016333386 1.49125251127407 0.499641174357384 1.72392805013806 0.345234866440296 1.08129818877205 0.336259501613677 1.16748854750767
1203.83 1.04589369427413 0.433135577104986 1.08695412380621 0.475042100902647 1.14310027169995 0.343915645312518 1.67303309356794 0.487337816832587 1.61371572501957 0.422567780734971 1.30902868113481 0.438302368205041 1.32735926192254
1235.2 1.22075797989964 0.39127730904147 1.69892077636905 0.400838070781901 1.98246215749532 0.468398637138307 1.96048261318356 0.304045924777165 1.51242685387842 0.323181659914553 1.15631173620932
1238.34 1.06756681832485 0.304995622625574 1.87879687384702 0.323135944874957 1.93106486834586 0.330581088457257 1.95857063424774 0.471299530565739 1.0598202040419 0.339073918387294 1.95962563343346 0.400504889572039 1.81008872343227 0.320855305157602 1.33150870190002
1243.55 1.20252311392687 0.405315847322345 1.87636297824793 0.445016929274425 1.72459569340572 0.434285050351173 1.04801090620458 0.353706079209223 1.38049684441648 0.406050980417058 1.60731254681014 0.393694974062964 1.79410756239668 0.379575849417597 1.0795858388301 0.470404379721731 1.61091646528803 0.329809880070388 1.8048069186043 0.459958246070892 1.17136342660524 0.493170430324972 1.02461543027312 0.370375465694815 1.64517039200291 0.389156343275681 1.62758008018136 0.304151251120493 1.49143719347194 0.30704706851393 1.88220402807929 0.459720636811107 1.79585830518045
1267.25 1.25841971300542 0.394157247710973 1.69840693008155 0.424993672501296 1.73946757079102 0.304014349961653 1.92401523352601 0.382410039845854 1.02713879779913 0.404530949844047 1.85012276470661 0.490801135031506 1.56082792393863
1296.24 1.06337956525385 0.304951443057507 1.84825706714764 0.349986213678494 1.531115738675 0.308345570368692 1.60771797387861 0.394410059228539 1.00473622768186 0.493467675335705 1.17763347760774 0.363927006488666 1.56703501800075 0.307649720041081 1.80419989931397 0.405915854265913 1.67891360539943 0.338319798186421 1.87595229735598
