# Using the following values to generate the workload:# num_procs = 50
# mean_io_bursts = 10
# mean_iat = 25
# min_CPU = 1
# max_CPU = 2
# min_IO = 0.3
# max_IO = 0.5
65.8537 1.95803887513466 0.408576484210789 1.33559948322363 0.467310000350699 1.86825911328197 0.47787290615961 1.15140530909412 0.397162319906056 1.89424446155317 0.429711712663993 1.86721803527325 0.344610667275265 1.19629103317857 0.397053887043148 1.34412820939906 0.412986442958936 1.24484737426974 0.338350993022323 1.44067014288157
145.432 1.40267008310184 0.356676228437573 1.47431917628273 0.343633435061201 1.93738257372752 0.358208580454811 1.40406415564939 0.346089172922075 1.49113108334132 0.457159192115068 1.91293241875246 0.352399479039013 1.48449088586494 0.376124967914075 1.38131220964715 0.390246948087588 1.16874291771092 0.327962281368673 1.70749889663421 0.389732665801421 1.37323201959953
156.582 1.61495309998281 0.484225944103673 1.02868171175942 0.466274320846424 1.86855041352101 0.471801348542795 1.16014819242992 0.379072113614529 1.91804997902364 0.404538464779034 1.14691681275144 0.338617350766435 1.28663204237819
164.421 1.87059241882525 0.341851155553013 1.13682970055379 0.484375201351941 1.3922637924552 0.357111623790115 1.5712784754578 0.491897870786488 1.84225958865136 0.438711909065023 1.90135680278763 0.408074913686141 1.41105683590285 0.410558660235256 1.95187281328253 0.43918888065964 1.05931458016858 0.34519877396524 1.8940971842967 0.405183833232149 1.13289422355592 0.300807219278067 1.93412307067774 0.305335401883349 1.70980067341588 0.39385941401124 1.33561762049794
180.39 1.41813505766913 0.439699690230191 1.68614908657037 0.346738151181489 1.48233370645903 0.399487228505313 1.99002956761979 0.424977875687182 1.77797345025465 0.421083859493956 1.74683065642603 0.422634368343279 1.73444091132842 0.387267793482169 1.27087309490889 0.491032833745703 1.9258352634497 0.320447921566665 1.93595001613721 0.306230881856754 1.13832450704649 0.413071650778875 1.9755864397157
206.964 1.15931734838523 0.325208083633333 1.90270381304435 0.314689965778962 1.24568262207322 0.346421737363562 1.10511255986057 0.352770654531196 1.75595962209627 0.474311260692775 1.13062891270965 0.359677388565615 1.23242490575649 0.438087450712919 1.70322569576092 0.442348932474852 1.38529457873665 0.412878688005731 1.95006482303143 0.337090627662837 1.15833058767021
211.52 1.7799809880089 0.464643216924742 1.52914355695248 0.400790602108464 1.55453093606047 0.471656706091017 1.40316065587103 0.31651005949825 1.18627674295567 0.396108621871099 1.5126444872003 0.421513819415122 1.58779184124433 0.335838244250044 1.97328239469789 0.331614792812616 1.36479652905837 0.302027405845001 1.80552362464368 0.350747807323933 1.58637731825002
267.314 1.28783938521519 0.451855372171849 1.88193292636424 0.479895028052852 1.29136144416407 0.472000053571537 1.54606150649488 0.379943256825209 1.82421466778032 0.319945042347535 1.44693639548495 0.401878885366023 1.40372248506173 0.473656311212108 1.8324973906856 0.357668645074591 1.78329443722032
284.079 1.64937708061188 0.391719651361927 1.85269340057857 0.414371328474954 1.57064170204103 0.356286050286144 1.89777123136446 0.400088104465976 1.89820252824575 0.334253482706845 1.16658950969577 0.3683434789069 1.29907485074364 0.44218868445605 1.01978704240173
326.527 1.25798249687068 0.421441495092586 1.04955577314831 0.31569720832631 1.26228431775235 0.425804636720568 1.79915944486856 0.481258588796481 1.43288173596375 0.402335190586746 1.93716269754805 0.440666685905308 1.17905976669863
338.366 1.68098930898122 0.352298066252843 1.60520679713227 0.450511363660917 1.60331722092815 0.437583257257938 1.70784809603356 0.419454190135002 1.63168263039552 0.34164008772932 1.82707855361514 0.443304972955957 1.76040252111852 0.376652233256027 1.52975685754791 0.351410491811112 1.54813923127949 0.400689286226407 1.98801432736218
375.829 1.54887614282779 0.488523335009813 1.17705646646209 0.302209526766092 1.62727117887698 0.305001661647111 1.4459943426773 0.402563131181523 1.51535976771265 0.383380930498242 1.44282112806104 0.321778535051271 1.66007333784364 0.328827384393662 1.49141832557507 0.479980243043974 1.35905298264697 0.385335099278018 1.09581578173675 0.383310768334195 1.17203745082952
405.138 1.5551851443015 0.350377276865765 1.00370402820408 0.367407344747335 1.81605454697274 0.471868290938437 1.05900175310671 0.330243884492666 1.01418111822568 0.418224364565685 1.88504602154717 0.43253957265988 1.14549839682877
411.075 1.38394218473695 0.455330807622522 1.54430239461362 0.35081694489345 1.5989159042947 0.344815573515371 1.94725797045976 0.4745764545165 1.56395292305388 0.374595763906837 1.57283809175715 0.427472787676379 1.25922167045064 0.448947848565876 1.26676920964383 0.341080865915865 1.91628934908658 0.370618183165789 1.44741560332477
470.168 1.99646939313971 0.374180493876338 1.39128907560371 0.308347645727918 1.01602388056926 0.333671578811482 1.9928491471801 0.304124776646495 1.59178944234736 0.47674097972922 1.85185076645575 0.382624163711444 1.72163160564378
502.465 1.69742240337655 0.473943854728714 1.0785150246229 0.479475165996701 1.24536464293487 0.393012163043022 1.64855019468814 0.440410814061761 1.45241895946674 0.471323583088815 1.27220186032355 0.311848692642525 1.04986950918101 0.444756925990805 1.36924327095039 0.375651589501649 1.22391986474395 0.313908360619098 1.85694956290536 0.37108611036092 1.55561115778983
513.414 1.03313972591422 0.467016889713705 1.17556347744539 0.424697975348681 1.44451516168192 0.46463343561627 1.55368186440319 0.384775501908734 1.37891120743006 0.441221482725814 1.34397134301253 0.475787040824071 1.86172813316807
562.14 1.59943468822166 0.354618741292506 1.67713407054543 0.436842138459906 1.9503044183366 0.350826733000576 1.85779411252588 0.330103619210422 1.23785112588666 0.483888243185356 1.03099110070616 0.440136803034693 1.56851615943015 0.494778650999069 1.45813183812425 0.395939669990912 1.71588754002005 0.438518088962883 1.03756419266574
627.17 1.94607867137529 0.49531775014475 1.88634243304841 0.401901776716113 1.40617545228451 0.457073949417099 1.09075105958618 0.48199881631881 1.19868923770264 0.481329283863306 1.62297343020327 0.430582970334217 1.43991640140302 0.478448691125959 1.27291573700495 0.386710038688034 1.28896150016226 0.329486275603995 1.05413940385915 0.331494934763759 1.92555939615704 0.482623417023569 1.30942607740872
655.514 1.39480716711842 0.494964201562107 1.84936049184762 0.495745722483844 1.08722331235185 0.307137516653165 1.3974837558344 0.378584227338433 1.18838809477165 0.396558752236888 1.51160018960945 0.465411713020876 1.00201089633629 0.454604204650968 1.88065813947469 0.383752913400531 1.61553764203563 0.457869670586661 1.40439272695221 0.365085095865652 1.06185571593232 0.404028645530343 1.78052663826384 0.41317404191941 1.39272343693301 0.467077789735049 1.92516624112613 0.327369650406763 1.34841034770943 0.447456087637693 1.81053299945779
661.131 1.51140167028643 0.387937343493104 1.08525766083039 0.305953262094408 1.10272388765588 0.37761225104332 1.22570407344028 0.31284903800115 1.04741870635189 0.447397896694019 1.70024661370553 0.471689767157659 1.01341185602359 0.478242415934801 1.37160762841813 0.361921299016103 1.29277112311684 0.318407812155783 1.73321266192943
695.236 1.31782085984014 0.453007273981348 1.72548065776937 0.480428976519033 1.19191791210324 0.31431175111793 1.31513963406906 0.307336491253227 1.64900710294023 0.418808371433988 1.33592635765672
711.414 1.20892981765792 0.338536264421418 1.6965334166307 0.437108572293073 1.75234459410422 0.378611778048798 1.92508430127054 0.463353180000558 1.98651046631858
714.266 1.29393258760683 0.405153546854854 1.6729106628336 0.387079289508984 1.83372529782355 0.30076690451242 1.61534347361885 0.439138866914436 1.60176954744384 0.329514497378841 1.82070833467878 0.395411414839327 1.07552111055702 0.344363259430975 1.37273123860359 0.442835016641766 1.57032272708602 0.436644895374775 1.26043741498142 0.446541284676641 1.08326764241792
728.93 1.89495342900045 0.37869839030318 1.27671366115101 0.490563479345292 1.01765210577287 0.305640518432483 1.82318460661918 0.45914795617573 1.00882475823164 0.310401669656858 1.95127722946927 0.484567166352645 1.6720780050382 0.448916005622596 1.42175167263485 0.361252314597368 1.70981821860187 0.470311653148383 1.64228810206987 0.448446309613064 1.41498551284894
762.14 1.11009946418926 0.467280013114214 1.21506918803789 0.368144668405876 1.49889011401683 0.412941305804998 1.27323724864982 0.409338891878724 1.97051097173244 0.334136665984988 1.12881823070347 0.367282578069717 1.84513382147998 0.469924216717482 1.6395555047784 0.441030593169853 1.5225542911794 0.492868909053504 1.70947304018773 0.306255365908146 1.94522852310911 0.316075506806374 1.89865358034149 0.305354685755447 1.7918562265113
768.414 1.97313595679589 0.357125102868304 1.90677581611089 0.44685198594816 1.8470650180243 0.301321582542732 1.94156601047143 0.461843984667212 1.6038241290953 0.352619142178446 1.34769789874554 0.396097848564386 1.95600371412002 0.463912147702649 1.65136685967445 0.454381468612701 1.62889679195359
769.861 1.08084567496553 0.319471111008897 1.92006074823439 0.477737993560731 1.63465123204514 0.490969320805743 1.03951619425789 0.385869823256508 1.76964234234765 0.395829801587388 1.71775793097913 0.492837742203847 1.61689117923379 0.315233084512874 1.04074579663575 0.452518747886643 1.40956425736658 0.4694730152376 1.31532306689769 0.330104830488563 1.79540573130362 0.474879357079044 1.05896841618232 0.362690899940208 1.79191122204065 0.475103989988565 1.99676937703043 0.381059467792511 1.31419100030325 0.331791606498882 1.16832046676427 0.411423589289188 1.66473120846786
785.824 1.81760635226965 0.359853882202879 1.2670745071955 0.48857978140004 1.23638694756664 0.467911569913849 1.82839317712933 0.403323228657246 1.10794831393287 0.378707705438137 1.65884379390627 0.44178328323178 1.08878636453301 0.346410528291017 1.08411448076367
830.268 1.24806365952827 0.415534220775589 1.2074989581015 0.469787561381236 1.56380475359038 0.41470215707086 1.51088728196919 0.388721980014816 1.20334474439733 0.442437321413308 1.02239549788646 0.454263966577128 1.63160716206767 0.45507578458637 1.63782392581925 0.396514991903678 1.6324226395227 0.343522836500779 1.84519939264283 0.460045548761263 1.42267856374383 0.331244810298085 1.97271027415991 0.417668120283633 1.07709063217044 0.33236541794613 1.55099851521663 0.482796555524692 1.51515599829145 0.326656165253371 1.3203031248413 0.332776712346822 1.3585358930286 0.359630329022184 1.58680189517327
843.393 1.05131755513139 0.469655525172129 1.41303059156053 0.309809380490333 1.35344028915279 0.477571164444089 1.16691359458491 0.357254003873095 1.81680378341116 0.334913222957402 1.22159540466964 0.442513479152694 1.67950684204698 0.439576883940026 1.85635035671294 0.32209483999759 1.76694962522015 0.419405087688938 1.37878343346529 0.320698753278703 1.6284037833102 0.377833083318546 1.28958958876319
874.064 1.98589422460645 0.437908635521308 1.21928615937941 0.464782463526353 1.67935063899495 0.366111120115966 1.83852064725943 0.354539164807647 1.42561280052178 0.455495581123978 1.73782937973738 0.46321844086051 1.05937081249431 0.371637285873294 1.99297911021858 0.493344534235075 1.18087434233166 0.393129081698135 1.31891090446152
884.016 1.63000030629337 0.354819833068177 1.51980395056307 0.383005043491721 1.63748613581993 0.376745762489736 1.02261318848468 0.408804532652721 1.3745274504181
885.231 1.41712110233493 0.473044842202216 1.15687809605151 0.31294671734795 1.68799072364345 0.35229158680886 1.14499950734898 0.337323596607894 1.67225556168705 0.356691054953262 1.44588349550031 0.460357586061582 1.44616872514598 0.307598196063191 1.90882347500883 0.434762270608917 1.45578743610531 0.328320818254724 1.16928539029323 0.450240031629801 1.54740429273807
896.99 1.11598471645266 0.42009747158736 1.33122631860897 0.495414165267721 1.49811739684083 0.4122257320676 1.25050189136527 0.326920759351924 1.96602781256661 0.300135293742642 1.33447881345637 0.353599011898041 1.68863945873454 0.439474782254547 1.75949494633824 0.480300359241664 1.68877729028463 0.412124467501417 1.15117936651222 0.41344684981741 1.46785147581249 0.413435455737636 1.8464340781793
931.793 1.25529629085213 0.333559560868889 1.30988822411746 0.43333711004816 1.34225685382262 0.344006476551294 1.31118930666707 0.362451800890267 1.83223308180459 0.388238814333454 1.8729403601028 0.485318827303126 1.77437565359287 0.343246491625905 1.08823557640426 0.335324625251815 1.96175542590208 0.482113363733515 1.00253884773701 0.475854803947732 1.11784678860568
955.394 1.2579526649788 0.44706686004065 1.45583469746634 0.377986685931683 1.97466165013611 0.462275654636323 1.74292265297845 0.356186818983406 1.30363556253724 0.391658738069236 1.75344543508254 0.301319709001109 1.22856669174507 0.308334950916469 1.38566455896944 0.463812786201015 1.15357958059758 0.480216884613037 1.01591855939478 0.319594363495708 1.13732389546931 0.488061489956453 1.8221967862919
1019.3 1.07140607526526 0.33041134304367 1.96626120666042 0.439342366205528 1.74789767689072 0.328712679073214 1.80372056853957 0.46858622902073 1.49245692975819 0.420502608967945 1.27899813302793 0.310426570987329 1.20366556569934 0.45978976865299 1.27302536787465 0.49623550735414 1.14863914065063 0.418414824875072 1.78942064824514 0.322636164491996 1.07343589630909
1060.12 1.92865078011528 0.468300011241809 1.03298268117942 0.414136551273987 1.76994176022708 0.341055719740689 1.91461242968217 0.426229375600815 1.10322451544926 0.301736018573865 1.54542565275915
1085.63 1.05349418660626 0.407768169138581 1.44837296102196 0.361173525825143 1.51639294018969 0.48612458370626 1.63359930203296 0.445370067562908 1.50137081951834 0.43367308601737 1.76491994434036 0.340727347275242 1.94738834211603 0.474380735680461 1.89605313492939 0.42259929375723 1.85092805186287 0.482993932394311 1.86459610727616 0.309170817397535 1.29212692892179 0.424119341513142 1.43398864078335 0.383177079213783 1.90523566678166 0.364306056918576 1.04419016651809 0.309736332809553 1.13284208578989 0.479487751889974 1.5641600866802
1123.99 1.16165875107981 0.4730785345193 1.84798637591302 0.464253820525482 1.01563064823858 0.361257678363472 1.50139220873825 0.312624752521515 1.5230706660077 0.400572820613161 1.37609164929017 0.30410853032954 1.83803478302434 0.385204231226817 1.56104412907735 0.39207383999601 1.84326811344363 0.410580072458833 1.29877923801541 0.367077840259299 1.17749283905141 0.353189839143306 1.14498286671005
1124.72 1.09200658719055 0.325010796170682 1.49561663903296 0.482689515687525 1.49414098099805 0.460640867613256 1.59873922728002 0.438122799294069 1.42546945577487 0.438605827651918 1.48785555618815 0.4815061731264 1.55896952562034 0.367846494028345 1.13989877980202 0.426389639591798 1.56021166429855 0.359018508298323 1.63086867309175 0.362873579422012 1.86795418779366 0.464458395307884 1.51275653531775
1135.29 1.11057820287533 0.412608290882781 1.74252735730261 0.460236733267084 1.15852214512415 0.318141465680674 1.58842142857611 0.49083726699464 1.97492794366553 0.342534182127565 1.76365574635565 0.453778939135373 1.48461306840181 0.411407647328451 1.94811381865293 0.359119310136884 1.85177554981783 0.434680608985946 1.73798736045137
1182.82 1.71158061432652 0.454285911191255 1.13444484607317 0.382067045290023 1.35870861983858 0.355014139274135 1.72550612385385 0.399125381745398 1.7790312722791 0.392920851195231 1.69629262923263 0.336885801889002 1.40922690066509 0.446326678944752 1.6037563632708 0.391463414346799 1.76427273382433 0.406959845731035 1.04383191629313 0.414320838544518 1.24377570231445
1184.49 1.27242567879148 0.347571981884539 1.69671050948091 0.309956483542919 1.01662943628617 0.485562338540331 1.21349981380627 0.445261686760932 1.83287708088756 0.330448964424431 1.83875446277671 0.376298323646188 1.50273711630143 0.32721946737729 1.05503824097104 0.320893332036212 1.12806980242021 0.462968858797103 1.67480498203076
1208.41 1.624351891689 0.322621840937063 1.8230746590998 0.422213795501739 1.17842598166317 0.457883458631113 1.27053524949588 0.301257724594325 1.2426864921581 0.3872498748824 1.5303448534105 0.410036705620587 1.42252829764038 0.329174866387621 1.53486088849604 0.415943498490378 1.60040358756669 0.443527255160734 1.94558097049594 0.329108848515898 1.89189474773593 0.32987478422001 1.7848024382256 0.389594917139038 1.39059341023676
1260.19 1.26418268750422 0.441352427052334 1.85371430683881 0.301142541598529 1.05729145230725 0.351906088972464 1.29822910856456 0.343397734407336 1.42458743555471 0.338936666212976 1.61802933271974 0.422350124036893 1.95150765730068 0.488793907966465 1.98492805054411 0.457313260808587 1.57100191921927 0.479009536048397 1.87871085782535 0.385859303269535 1.31170398159884 0.463762108841911 1.66805166658014
1292.9 1.42275105579756 0.309059759601951 1.00847542379051 0.324641101062298 1.9127054864075 0.382286788336933 1.34129339805804 0.494168603001162 1.21104602632113 0.33472366631031 1.87769310642034 0.493810289446264 1.67832637857646 0.384873269917443 1.70009649125859 0.347085644165054 1.93964581820183 0.364723017252982 1.02775546698831 0.399801173107699 1.00669000484049 0.426860411837697 1.74272728152573
1299.81 1.3835037946701 0.451333946641535 1.13315695873462 0.460825346130878 1.73294189129956 0.35510959061794 1.70136022777297 0.449658771138638 1.2109988918528 0.355860193958506 1.03613834618591 0.419010975910351 1.27336962544359 0.462568790605292 1.13871994893998 0.417533951345831 1.37765925447457 0.338963561970741 1.90712097473443
1300.03 1.00329320365563 0.445215347316116 1.14035412459634 0.448891432676464 1.45957540767267 0.385191596625373 1.21506201149896 0.375723480433226 1.02142450190149 0.465039119403809 1.47952303662896 0.454152338579297 1.43004689435475 0.410318528255448 1.60324939596467 0.342454903619364 1.95937826996669 0.423011855827644 1.04757943283767 0.489481729315594 1.87103269435465
