# Using the following values to generate the workload:# num_procs = 50
# mean_io_bursts = 10
# mean_iat = 25
# min_CPU = 1
# max_CPU = 2
# min_IO = 0.3
# max_IO = 0.5
6.55348 1.86013759230264 0.369292674632743 1.30044290004298 0.434436175134033 1.36115583195351 0.330501954164356 1.4083839058876 0.331226581195369 1.65536457882263 0.473649742174894 1.85013747774065 0.427300275443122 1.69098193151876 0.441890226723626 1.98670191550627 0.381691703712568 1.46729766507633 0.481947889272124 1.11507118027657 0.464299626741558 1.95924019836821 0.341749327583239 1.42816089838743 0.383123194891959 1.53178829792887 0.404261588212103 1.04237687005661
16.0471 1.17495037405752 0.449215638684109 1.9917627281975 0.344594206288457 1.783734731609 0.480610279226676 1.17596212984063 0.332096867077053 1.71640566643327 0.420490286685526 1.34067467111163 0.386590484855697 1.60665873927064 0.309777321387082 1.32908367319033 0.320532414875925 1.02226319466718 0.463760651508346 1.84513494605199 0.307412049220875 1.09138679527678 0.33226118045859 1.62671301118098
30.2058 1.56725935335271 0.326864319248125 1.26671778131276 0.302675607707351 1.12627634755336 0.34989757668227 1.32691415189765 0.493609424540773 1.74564296449535 0.327482046140358 1.93969009188004 0.381811511237174 1.07584645901807 0.454625388793647 1.16271529556252 0.468131613638252 1.93920483626425 0.402403732202947 1.74886468634941 0.479524846142158 1.30637846793979 0.306619126629084 1.23069240711629 0.411644356511533 1.39675481291488
31.7767 1.18959993263707 0.427819657325745 1.12461251439527 0.359953486127779 1.36913130199537 0.34594883271493 1.2539469441399 0.418147295573726 1.89103253907524 0.428063522139564 1.34540382050909 0.340266205230728 1.41253647743724 0.480987132480368 1.52485642046668 0.451016630232334 1.12347725895233 0.336524412315339 1.05801832396537 0.401308107189834 1.89792494871654 0.413327202713117 1.78893453232013 0.40733575290069 1.30192061048001
34.4024 1.47583875316195 0.341934563172981 1.75159055739641 0.325602455856279 1.75881260354072 0.32810470550321 1.49808853073046 0.483952917251736 1.54991610930301 0.364458355214447 1.34553795913234 0.364021778758615 1.63273816439323 0.479046805948019 1.99442568607628 0.46566657484509 1.44515026500449 0.327565688593313 1.59992148797028
45.9605 1.69875538465567 0.473385888757184 1.89153024298139 0.393168901558965 1.78624931187369 0.333030681638047 1.21280830050819 0.434794550947845 1.79145092517138 0.473015741864219 1.97780711413361 0.37918097875081 1.85413033142686 0.434665306657553 1.90828448045067
51.501 1.32189218048006 0.438705855468288 1.07448650849983 0.423390553845093 1.44732413836755 0.344106728676707 1.60204852395691 0.499279322987422 1.80272553535178 0.36732506561093 1.65465551638044 0.404580852016807 1.48071434604935 0.445075889490545 1.04447447927669 0.379216406773776 1.01601738715544
106.213 1.59586870018393 0.442291834112257 1.06908660079353 0.319865308562294 1.46868839417584 0.37841236279346 1.12728705303743 0.405185270868242 1.05606296961196 0.367718113726005 1.04489564662799 0.401564998738468 1.02172571583651 0.480606946116313 1.14183237566613 0.349926807871088 1.14116315776482 0.347077850671485 1.17948653781787 0.395164630329236 1.20763186132535 0.333125959662721 1.34379373537377
124.141 1.90664435131475 0.332318744063377 1.07122028060257 0.361981413327157 1.39504835614935 0.42764657610096 1.13762208400294 0.360322702862322 1.94417876610532 0.481172225205228 1.9631353195291 0.478658070554957 1.24106168770231 0.339618463767692 1.54089484107681
200.416 1.24174457998015 0.365449346555397 1.92271263245493 0.498920763097703 1.69827565434389 0.303358199400827 1.23973767599091 0.427350506698713 1.67728882702067 0.478727144887671 1.68103099847212 0.493409873591736 1.45967021165416 0.331746424455196 1.97334788437001 0.381123590050265 1.87030312325805 0.464675389649346 1.59287248016335 0.333735118340701 1.97196989017539
210.32 1.98822572687641 0.440446362225339 1.74140111124143 0.49627528344281 1.69505891762674 0.499790533538908 1.72113184072077 0.456581313395873 1.7697402338963 0.352251737797633 1.26788895274512 0.329326613293961 1.02146017085761 0.318982083071023 1.89575781626627 0.468712533218786 1.88945278711617 0.375620762584731 1.12465465790592 0.376949968468398 1.20765469991602 0.473675914341584 1.05744081479497 0.370767159434035 1.56739574042149 0.363235306972638 1.11104549909942 0.426328121591359 1.69316738611087 0.388063962757587 1.82479549967684
224.487 1.96656738896854 0.432935228710994 1.22782613453455 0.30203518611379 1.51183635275811 0.366764561505988 1.28192364634015 0.493924368685111 1.30119263706729 0.391863733064383 1.16972658922896 0.436587528558448 1.87448917748407 0.323103750497103 1.94479396147653 0.465597898466513 1.20038968930021 0.370324319554493 1.17035996867344 0.411029369710013 1.64804990729317 0.42443672856316 1.81956483633257 0.379304720507935 1.17879749857821 0.451661488320678 1.07877107523382 0.338615933200344 1.61694889306091
229.577 1.90412150858901 0.492985960561782 1.94863661658019 0.437666348507628 1.81350081018172 0.356167281512171 1.27294814004563 0.419581544306129 1.06582981091924 0.414135196432471 1.21634747134522 0.467319115297869 1.0437956857495 0.391309903236106 1.66465423000045 0.315079466998577 1.77055005310103
237.248 1.81700216769241 0.373551819939166 1.92499756044708 0.301357606425881 1.89154737070203 0.472516105789691 1.73295979131944 0.346231976291165 1.72977183246985 0.493514161370695 1.60336701874621
254.71 1.259249902796 0.388274896657094 1.66362365498208 0.356272117467597 1.5998778543435 0.477343308180571 1.56825295393355 0.467788518546149 1.65150229097344 0.407972742570564 1.74689586344175 0.340371621912345 1.15468030096963 0.355810066033155 1.73855156311765 0.448096054047346 1.6030563598033 0.471793700894341 1.62963090464473
281.747 1.35387405962683 0.465696257911623 1.27120341127738 0.313320480193943 1.35999292717315 0.360699134413153 1.73182767210528 0.39215848762542 1.74364927806892 0.327938204118982 1.16314676962793 0.459177949186414 1.35643296665512
318.987 1.88940764521249 0.327867432450876 1.96852762438357 0.370125113939866 1.4966839782428 0.426276353187859 1.7085267030634 0.363488457119092 1.98055711737834 0.311877740453929 1.99198135780171 0.432518892502412 1.65218394575641 0.346833385620266 1.49890202470124 0.328202338656411 1.99022649531253 0.412000624043867 1.53952589817345 0.357403877470642 1.48955287481658
344.06 1.5286341982428 0.368918524216861 1.89028337784111 0.362033205013722 1.56624662713148 0.327084697270766 1.20646751276217 0.349624277092516 1.03942207223736 0.322948974696919 1.541278939927 0.470925854146481 1.02390486677177 0.301511047640815 1.22688981075771 0.470202066190541 1.69974938384257 0.330931656016037 1.59700259426609 0.382199342409149 1.76935125025921 0.387270598812029 1.42728250450455 0.45338738495484 1.72123028431088 0.468438164424151 1.42560401582159
362.04 1.48772142874077 0.462501632142812 1.44861336727627 0.37641631141305 1.05646254587919 0.482126699201763 1.12468819087371 0.324004611605778 1.61019864538684 0.465282765077427 1.99558259919286 0.344653555750847 1.35911199566908 0.33338013109751 1.57451637322083 0.444687284436077 1.69588608876802 0.383556294534355 1.9754991766531 0.368830461427569 1.13914520200342 0.419921920727938 1.58525324962102 0.43282386767678 1.2748730822932 0.429998670332134 1.03142422018573 0.421775362314656 1.77801784942858 0.32214077943936 1.95726883900352
436.255 1.84493041271344 0.32271752958186 1.21810411242768 0.468857759097591 1.6379687206354 0.325035167578608 1.25794001179747 0.400261341640726 1.4724396711681 0.360588634666055 1.5352852162905 0.38932785266079 1.97851094091311 0.387680643470958 1.80755796912126 0.468165556900203 1.69147372990847 0.394724676012993 1.01589041785337 0.34702585991472 1.48386545293033
438.742 1.55274519114755 0.307908122660592 1.99578398535959 0.412334636645392 1.96836200170219 0.372018328169361 1.64478432922624 0.358003418426961 1.65071422490291 0.437322551943362 1.6609317639377 0.357300243712962 1.00036492641084 0.420200747763738 1.27159664803185 0.335363298840821 1.71583596919663 0.447148078819737 1.81730255717412 0.366543616168201 1.38176308036782 0.377846897020936 1.95131480204873 0.42425839100033 1.16682538529858
439.162 1.05337956594303 0.356632846593857 1.96217414597049 0.441455537127331 1.76516402466223 0.37012693779543 1.29088804870844 0.454716921923682 1.95719196158461 0.402086067711934 1.13941910630092 0.433963840594515 1.10358528536744 0.360392913362011 1.62147225788794 0.493400765303522 1.75838726572692
453.965 1.61272510676645 0.309695487516001 1.42449097125791 0.380256922869012 1.68231961340643 0.479924678429961 1.37932846951298 0.328206217801198 1.84956819866784 0.345259589049965 1.70006184093654 0.368910702317953 1.26410015695728 0.313091858848929 1.55782004469074 0.470515910815448 1.47320861672051 0.407082584127784 1.84047357714735 0.415593654336408 1.16786948195659 0.396905246702954 1.02041938714683
489.687 1.66459287819453 0.452138443244621 1.39490761025809 0.415671138605103 1.59976655757055 0.34572754255496 1.77394797303714 0.335676087578759 1.32852802472189 0.445618630200624 1.22761194058694 0.434407154005021 1.28510182490572 0.410901226801798 1.41465001064353
499.967 1.64406488486566 0.439824296161532 1.18071930203587 0.475399365508929 1.17339680320583 0.43157034018077 1.40816376497969 0.379771489230916 1.0601590257138 0.396044310834259 1.27017548005097 0.439788417285308 1.18921973090619 0.402598889311776 1.17476898874156 0.447484406223521 1.79326969548129 0.410001765657216 1.30161922890693
527.921 1.51081734150648 0.300720659317449 1.81778851617128 0.338770746113732 1.94017439964227 0.476483802683651 1.04630840267055 0.327430471358821 1.90522063197568 0.408624358102679 1.29917298723012 0.431602893164381 1.53822342748754 0.311015707021579 1.63356369873509 0.408439906081185 1.35706800362095 0.453788150893524 1.19892467535101 0.429635591711849 1.15472407708876 0.434947782382369 1.28404416237026 0.366371114552021 1.05133305652998 0.335940031241626 1.84674851549789
534.439 1.23841807246208 0.307474437588826 1.88953431742266 0.358243069145828 1.35124317114241 0.340119024505839 1.49748453800566 0.434773815562949 1.88338122772984 0.478334812633693 1.46819478389807 0.372094127349555 1.54471464059316 0.351589442649856 1.52681461814791 0.427664685016498 1.41653794446029
568.796 1.63376654568128 0.439055622182786 1.46387906465679 0.399207627959549 1.12372276629321 0.497971414448693 1.04820666881278 0.493965307855979 1.77545125153847 0.38442102195695 1.8392997093033 0.425735497754067 1.74059584503993 0.334618939831853 1.02774517307989 0.42135377288796 1.52149786893278 0.399968093913048 1.16700437362306 0.337391057237983 1.94731079041958 0.464356309734285 1.84448276786134 0.400500451913103 1.90480034216307 0.479636671720073 1.78510549850762 0.447261315071955 1.6492190642748 0.340549635794014 1.62191141303629
584.673 1.20434331940487 0.494583113864064 1.08084965497255 0.38197631938383 1.28484991611913 0.377935168892145 1.47924668737687 0.363505248865113 1.28617340046912 0.469583425950259 1.93250547698699 0.453980593057349 1.52039452129975 0.475817608600482 1.778064139653 0.414576679747552 1.60971914301626 0.337615946028382 1.01528027886525 0.311279112985358 1.05221761553548
596.189 1.07529375120066 0.436906984355301 1.72506111767143 0.368433533934876 1.64588855695911 0.435351419495419 1.6672931665089 0.419538078038022 1.71980647486635 0.448803165974095 1.95811985642649 0.360488363634795 1.21666545816697 0.363541122758761 1.18811957444996 0.482520055538043 1.17796050477773 0.467227927828208 1.63600935251452 0.404771211650223 1.90575899323449
597.93 1.3976471060887 0.396602945448831 1.812137597939 0.414059924334288 1.6424790979363 0.478875578008592 1.96398307196796 0.335924978135154 1.64062554994598 0.479350493196398 1.73845892073587 0.426710915565491 1.07653100439347 0.374872946040705 1.55234897765331 0.300456559192389 1.16970894904807 0.446248938143253 1.90413137921132 0.449390130210668 1.24958200985566 0.408918437920511 1.91412137425505 0.304214943852276 1.11572921671905 0.393529431615025 1.39182528015226 0.308811392681673 1.53354599932209 0.380276297824457 1.55400554905646 0.4474785793107 1.65039961133152
609.998 1.57555264816619 0.489507454866543 1.25740769319236 0.332703382615 1.9719102003146 0.448133623413742 1.94271761341952 0.499986955989152 1.080192274414 0.324380396818742 1.02604179107584 0.486009273212403 1.97977126436308 0.38134789657779 1.69489978509955 0.394351048953831 1.89083192753606
651.722 1.1963687222451 0.386839276086539 1.30751461256295 0.47609552834183 1.05420196685009 0.452946030721068 1.35502495151013 0.325229381071404 1.54340857965872 0.391879339655861 1.59646716341376 0.464181598229334 1.35792299569584
652.481 1.4956798965577 0.46655260976404 1.47437208262272 0.326875530462712 1.58764588902704 0.433778116758913 1.73825257038698 0.322163113253191 1.58666594326496 0.341966680577025 1.70806740317494 0.362476189015433 1.63663289416581 0.492293505510315 1.773630351061 0.351753082312644 1.37501541990787 0.34977236953564 1.7800343229901
660.17 1.64315517316572 0.378021416766569 1.49792531458661 0.476344467978924 1.09504024381749 0.369751783832908 1.65114635997452 0.483667883183807 1.87932003568858 0.313379285577685 1.85342016373761 0.437607873370871 1.8286532938946 0.336139831319451 1.57408660999499 0.447116244630888 1.58217639825307 0.349070161022246 1.52656100434251 0.437524941563606 1.33344666520134 0.383460571290925 1.16444380488247 0.329252737062052 1.59815425937995 0.350968317780644 1.17968283221126 0.428492131084204 1.59518081694841 0.338727422198281 1.83061245200224 0.30984438159503 1.75211229594424 0.356909312820062 1.92809356749058 0.425158486003056 1.58291291911155
669.763 1.2491671666503 0.306402790173888 1.73244443768635 0.36163448439911 1.30879653873853 0.348535213712603 1.79805642971769 0.303764713043347 1.63501659501344 0.488907886622474 1.90612093382515 0.340883412305266 1.20382518623956 0.314047405542806 1.32259025238454 0.407833674922585 1.60506590036675 0.41395994219929 1.38495180616155 0.471997530572116 1.98123624152504
724.169 1.33473637048155 0.442203254252672 1.46867329603992 0.496019142540172 1.5431606110651 0.356727285310626 1.69361223396845 0.409865110693499 1.42012981511652 0.404073453973979 1.32273915782571 0.333342573186383 1.79327281494625 0.402211653115228 1.73174280324019 0.405058752838522 1.05840249289759 0.48178508207202 1.94130127527751 0.449992938712239 1.63501848792657 0.433807220403105 1.20897120190784 0.363843867089599 1.77719747298397 0.499354416970164 1.83105456246994 0.472304523224011 1.53151663392782 0.4522614819929 1.14998490130529 0.448127020336688 1.95906750438735
739.813 1.39060028060339 0.412176612997428 1.05471907509491 0.457038686517626 1.65057728928514 0.300267246831208 1.08901031082496 0.318051155796275 1.76708084158599 0.312521252920851 1.53238755371422 0.457687463378534 1.51130860485137 0.443073610961437 1.25468907435425 0.462938054604456 1.42043053405359 0.305438239406794 1.67258095112629 0.392376300366595 1.2686112083029 0.458013395685703 1.31613258947618 0.35279270526953 1.86046832357533 0.410247372835875 1.82279449189082 0.403324650786817 1.58442087029107 0.35557254999876 1.60343388980255 0.497782049840316 1.41136734327301 0.428876209259033 1.93200250039808
746.76 1.26507957768627 0.479714115103707 1.90557359787636 0.415278423530981 1.1033143105451 0.469526586635038 1.65483871148899 0.389169112825766 1.9994267555885 0.32028321903199 1.5225934011396 0.462450697273016 1.01336984219961 0.400887133041397 1.27938677370548 0.324377704691142 1.87886806135066 0.45304652727209 1.92479147389531 0.336541412817314 1.34225260815583 0.48092907355167 1.16211974760517
755.535 1.44056711369194 0.415466340631247 1.54495027032681 0.369907184317708 1.55154760391451 0.493625019304454 1.52864656806923 0.320940861338749 1.04619959555566 0.394384835241362 1.97068473533727 0.478801826713607 1.27682197187096 0.444676525425166 1.39364252635278
810.454 1.730356591288 0.455761354696006 1.75444806460291 0.379604088002816 1.67848239629529 0.32134292148985 1.71793690882623 0.465628292784095 1.86389841488563 0.302549262437969 1.28543890779838
810.639 1.43025014153682 0.343455338571221 1.67171354591846 0.423340280447155 1.44586125086062 0.312073348648846 1.81557547301054 0.494525842601433 1.19414278701879 0.442114607430995 1.42225331463851 0.464964804332703 1.08052208554 0.310354594606906 1.25737899774686 0.491217107046396 1.02050852868706 0.319522313261405 1.60603280202486 0.368202284770086 1.73319168109447 0.361507268995047 1.83477740245871 0.349094991059974 1.77601932967082 0.46862131212838 1.16829577088356 0.410694700200111 1.66847506165504 0.44296491262503 1.32183416816406 0.497390980413184 1.85201747249812 0.463609404629096 1.62404532590881
828.109 1.00260637514293 0.372195212729275 1.73811784014106 0.369900645688176 1.72815892426297 0.422390077728778 1.92096391762607 0.440354346111417 1.58447662252001 0.401286531751975 1.99297933909111 0.348853682354093 1.16504606185481 0.451011253660545 1.76101055718027 0.446463040355593 1.19232723116875 0.407993495231494 1.73158024996519 0.388271073624492 1.11808751709759 0.304074083361775 1.03106405329891 0.346470960881561 1.65540868416429 0.496291476301849 1.46514212572947 0.43965683626011 1.89783978182822 0.307508710585535 1.92099436605349
866.197 1.82084886566736 0.355375815741718 1.20592313609086 0.316259230859578 1.43423788272776 0.392167400103062 1.31055335700512 0.461764015210792 1.87896513659507 0.400328933633864 1.0132018388249 0.492740554036573 1.48730007349513 0.39975047740154 1.56149319885299
885.118 1.50575212202966 0.499668427137658 1.17266786890104 0.376573862647638 1.12031672336161 0.324058286612853 1.84257253003307 0.468042819295079 1.94116718298756 0.407696941588074 1.53425875981338 0.327898806799203 1.15772748598829 0.37522892751731 1.6306314705871 0.304476040974259 1.60728963790461
885.527 1.25104798795655 0.369914416829124 1.74286092375405 0.308058291953057 1.54564851196483 0.495764071354643 1.52403441560455 0.442943070176989 1.05611584847793
889.213 1.90664667123929 0.465527061047032 1.52112475340255 0.425238388311118 1.08801573887467 0.358562122285366 1.4577543141786 0.442163759795949 1.20062859356403 0.462472059438005 1.10558304423466 0.321970506617799 1.58373714052141
896.177 1.58882633945905 0.465886666532606 1.98716872464865 0.371106115169823 1.49344981252216 0.339457030128688 1.59505740227178 0.362738261278719 1.02435213141143 0.449315960984677 1.42587296944112 0.384829623624682 1.71110784402117 0.364306644257158 1.83675786922686 0.342619869718328 1.64485522126779 0.314543265849352 1.57475420506671 0.468457226688042 1.54379888228141
905.443 1.8650482154917 0.347490483615547 1.08847806463018 0.399991474533454 1.43653292674571 0.311995652737096 1.18749992339872 0.348661791021004 1.56919722491875 0.434873663494363 1.80083827651106 0.44356999155134 1.25505982013419 0.397664350597188 1.88955290941522 0.416548730898649 1.51912971772254 0.312647689925507 1.98867565882392 0.326503076497465 1.58732035756111 0.432683906983584 1.48192415968515 0.401470376644284 1.21707435115241 0.397154550021514 1.56584950885735 0.308768177870661 1.97105467622168
907.285 1.10963987372816 0.42879516496323 1.22191731492057 0.386634515784681 1.59691240917891 0.37944351779297 1.57763528451324 0.320878444798291 1.46496456838213 0.43115417691879 1.91158229368739 0.345088488981128 1.27906350651756 0.356445432081819 1.16726840729825 0.400022827880457 1.84513583267108 0.42202101550065 1.29091544356197 0.375637962343171 1.23610392329283 0.449775137938559 1.43672171677463
