# Using the following values to generate the workload:# num_procs = 50
# mean_io_bursts = 10
# mean_iat = 25
# min_CPU = 2
# max_CPU = 10
# min_IO = 1.3
# max_IO = 2.5
7.21379 6.81566205061972 2.18484838651493 6.62870316021144 2.25327234594151 5.30951213464141 1.41139108873904 7.00136328116059 2.00391770033166 9.70880379714072 2.32246107831597 9.85413046739995 2.13186750756577 8.02996935322881 1.39848975278437 4.87053738534451 1.75642451643944 8.34217255376279 1.89607951929793 5.3593878261745 1.97161986762658 5.02291424572468 1.99258954729885 4.85409555397928 2.32757304292172 3.03938407078385 1.98949603466317 7.92173501104116 1.85722692655399 6.61892208456993
56.523 2.03959503397346 1.8873222021386 8.73635464161634 1.58448919178918 3.89873050525784 2.14436667701229 9.46027294360101 1.41907088570297 6.04108967632055 2.3469402236864 6.27349997870624 1.8326216455549 6.36379308253527
61.0306 9.41023991256952 1.84223967911676 2.18739432096481 2.39508060803637 3.43522095121443 1.93530076351017 4.42646727152169 2.26977151408792 7.54007781669497 2.17352212527767 8.06296402961016 2.19155795527622 6.00224472396076 1.87233088584617 4.81688707508147 1.92571348287165 8.03532456047833 1.43620369108394 7.95876516588032 2.47622038563713 9.15216724015772
65.2601 7.35720383562148 2.17877023434266 5.41383277438581 1.79972424386069 3.24677689000964 2.20330939302221 8.53582027554512 1.88376638116315 7.78573461249471 1.36424810057506 3.4339492470026 2.33438535984606 2.6892441213131 2.2605619918555 8.93045670725405 2.06655742237344 2.89237786829472 2.11585642714053 4.88587294332683 1.73652671985328 5.80946491658688 2.28986330199987 8.43322312645614 1.47235929975286 4.58877467177808
71.2152 7.42553731426597 1.98114034393802 9.88264789991081 1.44752536350861 2.31656907312572 2.34450495811179 7.92377290315926 1.99400193570182 3.74763889424503 2.29711539307609 5.39395814761519 2.0972215173766 9.1587030608207 1.91468804003671 3.12986348196864 2.15488871671259 8.74774113483727 2.34615711616352 6.17886839620769 2.49429114218801 4.40496218204498 1.53405905058607 6.79901283234358 1.66957647362724 6.09299759566784 1.52131297066808 4.46018625237048 1.34171533761546 6.36514857970178 2.23509500510991 6.26861645840108 1.3777238111943 9.00432125292718
105.351 5.11728105135262 2.03878474058583 4.9178328383714 1.47059979159385 5.45467427559197 2.17407108936459 3.10064810141921 2.29917337745428 7.3956153113395 1.89818444317207 6.02283874340355 1.94571418100968 8.4394076038152 1.97095992518589 6.25718655996025 2.22907348526642 5.00934178568423 1.71761250216514 5.1514910068363 2.47687518047169 8.66725102625787 1.51441033035517 4.35430387966335 2.32950289286673 3.92147518880665 1.36851933067664 8.08733930438757
145.117 9.88692803867161 1.51144638461992 4.36022315733135 1.57273889202625 9.13750435970724 2.30510433446616 8.9928818475455 2.30451241005212 3.93905490450561 1.78363025914878 8.42926046438515 2.17255256259814 7.86020628735423 1.94114170083776 3.11729463934898 1.73850934337825 3.20363941043615 2.05069884788245 9.55889951065183 1.81373161217198 6.80745442584157 1.79187116362154 6.40877231396735 1.9746188477613 8.26735724881291 2.30630832863972 3.39576144888997 1.88838690444827 8.53245544061065
296.201 9.80750601738691 2.20731546189636 2.71473509818316 1.89929248131812 4.14221787638962 1.45280059305951 8.21187200024724 2.35507419826463 3.74877648986876 2.30062017831951 9.57780389860272 1.80034464634955 2.94614308141172 1.33801534539089 7.15673335641623 2.03638223819435 3.19256954453886 1.7015507305041 5.80147610604763 1.84592791153118 4.9786402285099 2.09260503947735 9.99095431342721 1.59157393146306 9.92357372678816 1.61198294311762 7.61400791630149 1.55224459841847 9.88689739815891 2.39956226525828 8.02717277221382 1.79670952670276 3.89580962993205
306.365 2.7392432577908 1.43804731387645 5.68387229181826 2.13341715019196 2.16933421604335 1.64317490747198 4.68793511763215 1.57781467949972 4.13052983768284 2.21967332586646 7.01006497256458 1.36920104818419 6.77402753010392 2.1364115764387 2.39577312581241 2.1300569483079 4.62217376381159 1.90494273928925 7.85737920738757 2.00289818570018 8.25020593777299 1.72628515483812 3.38379136659205
314.766 9.65567586570978 2.00448471261188 6.53478730283678 1.6265080970712 5.81987511739135 1.98933901060373 6.04966096580029 2.20672226035967 3.27140643447638 1.98882734403014 5.17389983683825 1.80505848955363 2.48616795428097 2.3033073480241 3.01339393481612 1.3686111186631 7.45846382714808 2.44950753096491 6.1461888551712 2.20854916879907 5.8302193582058 1.71558126527816 7.0042630545795 2.46479076938704 5.74471620470285 1.75658142007887 3.42387615330517
374.758 9.33487167209387 2.36877554580569 9.77981715090573 1.34397857161239 6.20710191503167 1.60799967721105 8.88343616761267 1.54153780061752 8.75197201408446 1.91887308154255 8.75274894759059 2.17331913206726 8.24740043096244 1.97179101714864 7.15057645365596 2.30425988398492 9.7029863987118 2.17735706139356 8.51239491067827
411.966 4.73962080664933 1.55246380111203 5.06836934201419 1.35699867969379 5.15253244712949 1.41958025004715 6.07284679077566 2.00405399594456 2.142054727301 1.40920239696279 6.97999837249517 1.81448162626475 4.01047224923968 1.75438787294552 5.95584515482187 1.75003744615242 7.4564299788326 2.18812447460368 3.47114420495927
440.623 2.10030773468316 2.07476116986945 9.13853429444134 1.79569175355136 8.33707133680582 2.30807842649519 7.16471309773624 1.62351971836761 7.3195718023926 2.13698225049302 5.80070485733449
462.334 6.10427048429847 1.62793018026277 6.54296296462417 1.95720130577683 9.81652731262147 1.81091866195202 3.32510971836746 1.54133464284241 6.46469568833709 2.20293599320576 2.32061108760536 1.51827297536656 4.96899441815913 1.84163964772597 2.3287014849484 1.37270654449239 9.88270320743322 1.3795887388289 3.82364933751523 2.32845869800076 9.07658222690225
490.498 4.07691146247089 2.24096921160817 2.34114104509354 1.51121496055275 5.58298081345856 1.79951940299943 2.39148009754717 1.59134017638862 7.64919841662049 1.86644993135706 4.13014412112534 1.9422810412012 7.52315871790051 1.75422721812502 5.36479925736785 1.50479310508817 3.13237268105149
516.831 9.6218111012131 2.29336006240919 5.89164770394564 2.29336433354765 3.91447022929788 2.13198526743799 3.03807424940169 2.03005172340199 3.53368875198066 2.30303281974047 5.78988725319505 1.33127310955897 5.71766430325806 1.37770818062127 2.96548200026155
519.954 8.63440469279885 2.08939426178113 9.41657869890332 2.05166330263019 4.90913842245936 1.8501900930889 9.34632843732834 2.48016061913222 6.73273967579007 2.44392832750455 2.87841927446425 1.9478297543712 8.92226475849748 1.97821309361607 6.94066943973303 2.32536089494824 6.87145699374378 2.32279339591041 5.97661741450429 1.97913404516876 5.17234812863171 1.67935774195939 2.0715950075537
537.379 6.93929318524897 1.35740937869996 6.36975749954581 1.68780774222687 5.4696277026087 1.60283160051331 9.3608985543251 1.536811772082 2.56252146884799 2.0571787642315 7.44352062605321 1.59444779716432 7.89227453805506 2.01229619458318 3.49162363260984 1.8339668401517 9.54823933541775 2.21247441824526 5.86911101825535 1.45710380878299 2.05796045064926 2.16503904107958 4.52323206327856
643.426 4.96713230758905 2.46247792849317 7.81760776601732 1.94030905291438 6.30560053512454 1.79572149561718 6.68512971885502 1.62170663978904 3.34623894095421 1.9270666458644 7.73294193670154 1.90504709370434 5.65554808266461 1.30005327062681 5.52690130285919 2.48261217996478 5.7272929828614 1.39499881165102 8.53943777270615 2.24058194309473 3.28327996842563 1.70888259885833 3.4916234370321 1.82617611987516 8.93960016407073 2.40705471774563 4.54376019351184 1.60641024904326 4.82492842152715
666.206 4.5473474804312 1.56314919600263 5.48825401626527 1.30676748072729 6.18461695685983 1.55497561134398 5.30519611760974 1.48529693828896 9.21103521250188 1.32831265097484 8.74608045630157 1.91750753819942 3.48311788216233 2.1356693636626 5.90746784955263 1.38375536529347 6.87419464252889 1.86635183459148 8.04215785674751 2.06218932038173 2.86077481880784 2.34284678520635 3.75366120040417 1.97286970131099 7.42647194862366
666.951 4.93720389902592 1.96572779733688 3.94968988746405 2.28721975255758 2.85862518660724 2.42359846616164 6.16397005878389 1.49079408710822 9.9059732183814 1.91781161325052 3.5809094067663 2.22735224245116 7.88622010685503 2.14784601116553 8.30313409119844 2.07922143954784 2.85769972018898 1.77647509053349 9.08653659932315
691.414 3.14801255986094 2.15382558600977 2.12207437492907 2.09748212695122 2.51614720374346 2.22194317122921 9.16584718041122 1.88480420969427 3.91885487176478 1.45381290791556 5.499177377671 2.28820445770398 4.75370759516954
718.589 9.91371856257319 1.88224879428744 5.27552592009306 1.32527171270922 2.272166242823 2.49929340109229 7.93777703866363 1.90221603019163 7.83516879752278 1.8339033276774 3.85451646707952 1.38664998374879 3.13485896401107 1.54481917992234 7.39129285886884 2.40413331659511 3.72092013061047 2.36470678811893 7.80507572181523 2.07153677325696 7.04920572973788 1.44174391198903 2.26360610313714 2.2626683652401 9.94189955294132
759.285 5.05717949569225 2.1253835757263 8.03344423882663 2.43241773955524 7.28011664375663 2.02951637459919 6.83936785906553 2.30377138834447 8.71322282217443 1.85953254895285 3.74490865692496 1.92598317591473 4.39196073263884 2.04116470431909 6.49634682573378 1.55572499008849 8.27154074236751 2.33085358627141 9.71707667410374 1.45309702605009 2.46923058852553 2.30456207869574 8.49506035074592 1.49993963418528 4.09164744056761
785.86 3.57137584686279 2.48630228796974 8.23940374329686 1.55821136934683 2.7719024065882 2.19384677726775 4.8500157110393 2.05998387010768 5.81038937345147 1.59352659834549 2.34861106052995 1.67474098047242 2.77041787840426 1.9939524573274 3.83154906518757 2.09744852865115 6.38367480225861 2.3362243656069 3.46807959675789 2.26036931425333 3.56387670896947
837.452 5.09594076499343 1.64770815111697 2.96165532432497 1.68313883664086 8.13409175537527 1.3489873027429 8.365428885445 2.25562563007697 2.06527557782829 1.99600165998563 3.89960147067904 1.94090077029541 2.14961738325655 1.36783118564636 5.59498067013919 1.49563578730449 2.02129443734884 2.0141924040392 4.56469440832734
840.42 7.60989059321582 1.65675117243081 2.7742790132761 1.9500016560778 8.48738057352602 1.8771394610405 9.08718136884272 2.10754863340408 6.75920820608735 2.04243129510432 3.59282328747213 2.16021815873682 4.74659206531942 1.67867106543854 7.09323101304471 1.48646026374772 6.65605951473117 1.62728100717068 4.21408627927303 1.93062383420765 5.34185978956521 1.46723672477528 8.45955836772919
870.079 2.99843402579427 2.17019054703414 7.80762629024684 2.22131023779511 2.26655072718859 2.4535513298586 8.9927196521312 2.026587326359 3.90421780385077 1.53613029457629 2.58207540772855 1.9650218013674 7.60797550715506 2.26547926552594 7.88953265175223 2.37932384740561 5.92685242556036 2.45855020610616 4.78552862815559 2.24697072356939 8.48060791566968 1.3581878839992 5.38872594200075 1.99253848139197 6.22616767510772 2.24443721566349 9.6226039621979 2.47158422451466 8.0568617824465 1.70264847651124 9.63457954116166 1.58065747125074 7.71519117243588
883.768 6.22468252666295 1.86493411641568 6.41086145304143 1.30174686629325 5.86720532178879 1.46742183184251 7.40800692141056 1.57922840621322 3.66518635489047 1.39375379923731 7.88507234305143 2.15945785446092 6.13287738338113 1.4456053039059 5.3860905431211 1.55303978398442 9.49662460014224 2.35159178096801 5.12784827686846 1.44140531271696 2.34159179963171 2.19902232280001 9.73565064929426 1.72849941644818 3.87844762019813 1.5766409965232 9.19986599497497 2.35198801560327 5.85905869305134 1.48733794540167 8.1176397614181
914.468 8.81160842068493 1.61226840279996 7.51532542705536 1.62136720092967 7.12376778572798 1.93190607735887 5.81812797859311 1.92335976287723 4.3010866753757 2.09653900051489 8.26273182220757 1.61602503238246 8.87822561711073 2.06897200029343 9.04370412416756 2.49697972899303 7.42924712970853 1.86106376005337 3.02152778953314 2.31727264225483 2.27251980267465
933.541 4.78100754693151 1.83709412459284 6.57831202633679 1.98495386764407 8.47213239409029 2.12937286850065 5.07607607543468 1.91206303276122 9.99741641059518 1.43161314763129 8.11186334863305 2.18085396904498 3.9506961889565 1.90740772094578 8.96824242174625 2.3838005204685 2.90966146625578 1.60829988596961 6.86548608541489 2.39674440603703 8.93047137185931 1.74591851718724 4.47225004993379 2.44958963058889 7.85089015588164 2.4177652544342 3.51433960720897 2.05007316479459 2.12372055836022
936.168 2.97785727120936 2.16638996386901 6.41378610394895 2.28651467273012 6.61039824597538 2.14029811434448 5.41369504481554 2.1755948221311 5.89941837266088 2.28967400090769 8.06604965776205 1.79585557477549 2.26749582029879 1.82918858369812 9.11630886979401 2.0738426993601 6.02329508401453 2.07474322868511 8.66540374979377 2.04965689601377 4.96503403782845 1.6458891088143 7.405707327649
936.56 3.52434448897839 1.31115635419264 2.91316225752234 1.64123436557129 6.27492214553058 1.87952248835936 2.17427530698478 1.94552366426215 7.2115351241082 1.4626203100197 8.94905526004732 1.68848731284961 6.53773514740169
941.913 4.01236873306334 2.32992191677913 8.95817844569683 1.51167613314465 9.41473109275103 1.75699881007895 6.35186837613583 1.85135768689215 4.63978949561715 1.8784023928456 8.61297577619553 2.34774346649647 5.71773760765791 1.30376563034952 8.7364005278796 1.93553943065926 8.4589702244848 2.09089335007593 9.24732553772628 2.11705879187211 6.03768033161759 1.8910331257619 7.06869869120419
960.322 3.05976102687418 2.13317581787705 9.53700461424887 1.41366424439475 9.01606275700033 1.6173834851943 8.49840525537729 1.92441922286525 5.54015931300819 1.32615785561502 3.14587110839784 2.13712534634396 2.1189904846251 1.60873730508611 6.44573963992298 1.7074234710075 9.65905798971653 2.16205599885434 2.55465367622674 1.57934859348461 5.80051404237747 2.02219214942306 9.26660463027656
967.957 9.25435099937022 1.37729410482571 5.01681777089834 1.45060729011893 9.93389672040939 1.79009974757209 6.58344098180532 1.66332436986268 4.5843943413347 1.95317674614489 2.7600834146142 1.63119372511283 9.60458748787642 1.75225865859538 7.55637341737747 1.87102066669613 8.97483954764903
980.219 7.75334900058806 1.58947101393715 7.8631914909929 2.41210217354819 6.51786388456821 2.36825642744079 9.19789478182793 2.38593655182049 4.29064129665494 2.25872656209394 3.79001172631979 1.57082594949752 2.58626207150519 1.93483042391017 3.29597598686814 1.41119483234361 3.44733106531203 2.29931822651997 8.47766142711043
1018 5.86404976807535 1.86851936290041 2.61557381227612 1.30597789119929 4.62406219914556 1.63251959551126 7.93556586280465 1.60222837366164 8.13984574377537 2.37949140109122 9.56719715893269 1.50541749512777 3.7504863627255 1.56609899979085 8.35926196351647 2.45060138329864 2.88875943049788 1.73908213302493 2.98057143203914 1.75505571449175 7.97992768697441 1.72292041191831 5.21434194780886 1.77104452615604 8.3797508366406
1019.39 6.73151550255716 1.91061242064461 2.35407693684101 2.02651434959844 3.13156849145889 1.36619110675529 4.46299396082759 2.28936141068116 5.650111021474 1.56784832505509 7.67683463729918 1.36475345361978 7.22665992192924 2.30464150337502 3.51412849128246 2.33764506019652 6.85333116538823 1.3761367905885 8.15390842407942 2.36473412429914 8.6879397239536 2.41613449649885 9.55155961960554
1093.81 4.2866739500314 1.37367181116715 4.39436385221779 1.37606639154255 7.02734785154462 2.45844405014068 2.5115291941911 2.10732297888026 8.30098160728812 1.41569588026032 9.35918964445591 1.84759754501283 9.10253878496587 2.45917399795726 5.66015161760151 1.40672851791605 7.77481710724533 1.82878303704783 4.32061617262661 1.84374332018197 7.01963039301336 2.27292573824525 9.46350837685168 1.92695734472945 5.7991838529706 2.23309012232348 7.54851540736854
1097.65 4.65087494067848 2.19724528808147 8.52529840730131 1.90247494913638 2.20026850141585 1.86255283309147 2.27133912220597 2.10021833777428 8.5374263767153 1.7155757650733 6.97942919284105 1.9290011530742 9.08989477157593 1.96720790760592 3.53827979043126 2.0810448365286 9.35054574534297 2.02290052697062 9.80825062841177
1105.2 6.04173026233912 2.0832744255662 4.32754616625607 2.4229047334753 8.77503463439643 1.62364168735221 7.00240336544812 2.33606729907915 7.08803065493703 2.03743710489944 9.17385908775032 2.30334380762652 3.87086055800319 2.46931766569614 6.38712223991752 2.46288229860365 7.2506026700139 2.27812852915376 8.24048591032624
1108.84 8.27599955163896 1.43407104378566 9.75972210615873 1.47928153807297 9.32835919037461 1.56158518623561 7.66812381707132 1.74442174425349 6.42044738866389 1.51503307698295 3.82251261174679 1.62375169787556 9.3665834851563
1126.02 5.08856063894928 1.40574028315023 3.34348962642252 2.22120344508439 4.83397063799202 1.64745086468756 6.40528678707778 2.14898202894256 6.55515607073903 2.46430697906762 4.98928243108094 2.20511756651103 3.30959230661392 2.13248579446226 8.38319823332131 1.9844136939384 4.95195911824703 1.64324181964621 7.94989093765616 2.40257721431553 7.02268596179783 2.04463149830699 9.11230473965406 1.37208256265149 2.86012551002204
1140.17 5.62720462866127 1.80697573563084 7.92493382841349 1.61780501808971 5.90179010294378 2.42734447447583 3.69970144890249 2.3396935576573 2.63834738731384 1.79043899672106 3.01140591129661 2.37530494723469 3.41935967840254 2.10608024327084 3.69998221099377 1.37898266799748 4.71920036524534 2.23388969441876 6.98809839040041 1.79213890563697 5.49272616952658 2.42112900437787 2.78659622743726 2.21285986788571 9.13091317377985 2.08538192464039 4.66507697850466 2.08379687126726 8.37835593894124
1161.29 3.32626690156758 2.22210486680269 7.7879563421011 2.43303681965917 5.89861614443362 1.5711399984546 7.80380670912564 1.55875384416431 5.2192192915827 1.56158874910325 9.38515523448586 1.50767654124647 9.79775185696781 1.4181648558937 6.23976376838982 1.89100686972961 9.28483553230762 1.44750601612031 6.35778990015388 1.78045368157327 3.42887173593044 1.44745200285688 5.99363634176552 1.82214545598254 9.56217198818922 2.39003333132714 4.65098466165364
1187.92 4.92712442949414 1.83150979615748 9.89396623335779 1.53151894193143 4.31603774428368 1.51596779273823 8.58258806169033 2.25842886427417 8.24779128655791 1.30814272249118 7.26286086253822 2.2203531647101 6.06278638355434 2.2093075924553 5.08180269226432 1.44676645565778 5.25580032914877 2.02506646551192 9.93743768706918 1.36454519908875 9.03529961965978 2.18675083434209 9.65535530634224 1.96962450025603 2.35629399307072 1.67883552145213 9.09355823136866
1214.02 2.20857451669872 1.74433370297775 9.85616273060441 2.22180477175862 8.32683618366718 1.83728831652552 8.10902037657797 1.73864844888449 3.40695933438838 1.49886323073879 3.73749110475183 2.05763613507152 8.4466776996851 1.55365861151367 3.99237911589444 1.47477098871022 4.67809886299074 1.7826579567045 4.93467990309 1.68949705502018 5.42022396996617 1.58068093080074 8.80518742464483 1.76387244202197 4.41497001238167
1230.24 6.59859753400087 1.93005759166554 6.23989074490964 2.30128968926147 8.19402615725994 1.86341920727864 3.58633122034371 1.38136739851907 9.32003347203135 1.66048915004358 9.37707138061523 1.59915350070223 8.28741730935872 1.70745940757915 9.47390664368868 2.33581402786076 6.64902850426733 1.49171375371516 7.34595941379666 2.43448989158496 7.71785720065236 1.88124535810202 2.24170049652457 1.91830410147086 4.29983147233725
1283.49 4.3183676302433 2.49148838352412 6.51832913421094 1.76288203634322 9.85386397317052 1.79813958248124 7.96575150825083 1.88240806357935 3.01383905299008 2.42300538085401 9.805559521541 1.45793422237039 9.95894291996956 1.47844903431833 4.5663611330092 1.37381246257573 8.99411706440151
