# Using the following values to generate the workload:# num_procs = 50
# mean_io_bursts = 10
# mean_iat = 25
# min_CPU = 2
# max_CPU = 10
# min_IO = 1.3
# max_IO = 2.5
23.1227 3.43099415674806 1.63225272297859 9.59885011427104 2.47778202276677 4.82174458354712 2.36051418501884 5.43555528670549 2.22253566896543 3.41462375223637 2.23009767560288 7.15956791862845 1.32845782134682 9.83495259284973 1.7146905911155 7.3791052736342 1.88243344957009 6.92894895747304 1.56419038092718 6.76634372957051 1.33720167884603 4.00904086604714 1.71281234100461 5.28037149272859
167.275 8.98186818696558 1.48161074630916 3.25671954452991 1.37184497006238 4.37747024744749 1.98213123884052 6.86920453980565 1.63386085061356 6.66123805940151 2.20495408028364 7.2541627343744 2.40892875595018 6.16603318229318 2.27840186860412 9.13414691947401 2.14066324373707 3.97042939066887 1.8924107815139 4.06988685205579 1.9792245616205 2.14948660880327
178.596 5.7262164466083 2.20088870078325 6.88616481982172 1.36717034801841 4.78312235325575 1.49761386839673 3.10318151116371 1.43396022301167 2.90440186485648 2.21664649546146 7.02211088873446 2.4078493386507 5.90872115455568 2.37230348885059 9.56610419601202 1.70292093083262 2.63804095983505 2.31952079217881 4.03722308762372 1.38580280635506 8.07180041633546 1.93408360779285 5.45867250114679
185.703 3.84901203028858 1.62848312268034 2.9301328714937 1.96096966164187 6.86139358207583 1.84410906452686 6.86477955803275 1.9426622278057 2.02697338536382 1.45306757846847 7.28028257191181 1.68654021294788 7.92860721796751 2.35618690233678 9.76715880073607
215.765 4.40109992027283 1.44390906123444 7.88001321069896 2.26446929005906 5.863749101758 1.3227662355639 9.76268705911934 2.00492145558819 2.02278714813292 1.31354344729334 4.41305370628834 2.49152934504673 4.49179968051612 2.22167760822922 9.20893761701882 2.40538216931745 7.67843705229461 1.59731125421822 8.4142241794616
231.063 7.89988416805863 1.91034316513687 4.36102575622499 1.74584191665053 8.05344418436289 2.20839778464288 8.93311735615134 2.14086197530851 3.22598340921104 2.14568285765126 6.08835485577583 1.93885300094262 8.68078614585102 1.91191758802161 8.31286228820682 1.77499605175108 4.11345971561968 2.38463239697739 5.38272092863917
240.682 6.67241561599076 1.62493941886351 3.64206600934267 1.88645844981074 2.05835385993123 1.63436941029504 9.06677235290408 1.63774342667311 5.95595221593976 1.62524211592972 3.14257041737437 2.1321129319258 4.06687840074301 1.50670342938974 9.76024114713073
253.886 6.57254028320312 2.20687643568963 6.43497618846595 1.4407005793415 2.42629937268794 2.49942958466709 2.6243960428983 1.61906346809119 7.91691909730434 1.50187991904095 7.64623989351094 2.19338969755918 7.58901022933424 1.98958605239168 5.78787787258625 1.89688013298437 4.09133646637201 1.50646586166695 7.72770273499191 1.75385391134769 5.08781681954861
305.895 3.4303428940475 1.98538701003417 7.83406040631235 1.88342372700572 7.66907380335033 1.84118930036202 7.01106406003237 1.83706393828616 6.80991285666823 1.7962675165385 4.60532383434474 2.36715738112107 7.90243521332741 1.32174526667222 5.59281029179692 1.65211521303281 8.37662829458714 2.18809429276735 6.29340483620763
309.325 3.59915860928595 1.63203671015799 9.56684485636652 1.50038288123906 7.4700182620436 1.32133089695126 6.26076228544116 2.29559621112421 6.89125579409301 1.46199896959588 7.62526735290885 1.90814826739952 3.88523468561471 2.26830507386476 2.57750770077109 1.40753818796948 2.00376822985709 2.33581346822903 9.87558891624212 1.75705540217459 2.53524440526962 1.30856542661786 7.43770390748978 2.28507603025064 7.64974897168577
331.257 7.30335075780749 2.18933958513662 3.87562568485737 1.60696157542989 5.62347665242851 1.52105826195329 2.9789303150028 1.89933368675411 8.67747111618519 1.56932890443131 3.66473365388811 1.47077276557684 5.71042795851827 1.88498726962134 6.64161446876824 1.5397731333971 7.3273278363049 1.58526233378798 4.69099052809179 2.2767573880963 3.96820859611034 1.80730388909578 9.02510129846632 2.41639170916751 3.87961978279054
367.203 9.9020181465894 2.2658581960015 7.16596730612218 2.10846789460629 2.6524758618325 1.45811628624797 4.13189134374261 1.63863644637167 5.14561205543578 2.28420516643673 5.71238708309829 1.31370391268283 4.87538484856486 1.33447809200734 6.85363695211709 1.52565038288012 2.12600771710277 1.56579961888492 2.42424451000988 1.69247052483261 5.68680250830948
530.588 4.05463686026633 2.16308706486598 3.61474097520113 2.35969437565655 4.13840813748538 2.35362049294636 2.70202025771141 2.37601988334209 9.87985889054835 1.32577281640843 2.40480037778616 1.61152845928445 9.69188201613724 1.79950278420001 4.36083858273923 2.09092477858067 5.1707654427737 1.36143296686932 6.63615725375712 1.39594542384148 9.54512969218194 2.20735200056806 4.5573251452297 1.35268810689449 2.63743767887354
533.028 5.68110337294638 1.36662274627015 8.41034480370581 1.77130657490343 2.75619443692267 1.45113566322252 7.33389113284647 1.4488263768144 2.06004728004336 2.35574808148667 5.45642345026135
537.192 6.96738011389971 1.41606011642143 7.50555045716465 1.61505440296605 8.48253368772566 2.18203765721992 7.21715905703604 1.90911436947063 9.45788343064487 2.44135235324502 2.63773631304502 1.54024679921567 6.66125955060124
570.413 8.523786239326 2.16611201576889 9.81928649544716 1.88524511344731 9.471809996292 1.49240749031305 7.83062175661325 1.99056556494907 4.2208770532161 2.1122542148456 8.05285459570587 1.94266385780647 9.32050747424364 1.88723745271564 6.07612632960081 1.30113643826917 3.62826726958156 2.04133895430714 7.7466795630753 1.30269013941288 4.21513608656824 2.10696486374363 5.80664520524442
571.758 3.48845124617219 1.35687597729266 9.83357723802328 1.58164095263928 5.08748928830028 1.37093147169799 4.432612195611 1.59508130811155 7.09858639910817 2.1063535310328 7.24293022416532 1.51192098725587 7.78763730823994 1.70403287326917 2.88005821593106 2.28912517903373 4.90342742390931 1.89019387569278 4.07061358913779 2.22309474078938 6.78713201917708 2.39441505894065 4.13914345949888 1.35827848985791 6.77242822386324
574.522 9.47553009726107 1.50293221948668 5.85955482535064 2.05426575588062 3.21187546849251 1.92182964226231 6.32378977350891 2.16848039291799 3.50788339413702 1.53349358197302 3.59686539322138 2.27661930797622 9.39729702845216 2.14367184881121 8.49959882907569 1.54537767032161 7.66368211433291 1.74236685978249 4.55249610543251 1.76784025756642 6.11630508676171
574.586 3.22174110077322 1.56588617237285 7.14233861677349 2.41393472552299 8.08135627396405 1.31607622345909 7.50409079529345 2.38976010587066 7.10982936620712 2.40803351392969 2.27264749072492 1.95775855258107 5.83492849394679 1.80727123403922 3.40769281983376 1.7302579017356 8.43203993700445 1.7468646611087 9.9411066621542 1.70000464683399 8.13444272615016 1.76194985583425 3.69937001541257 1.72454031864181 6.46755731292069
585.739 4.7415520157665 1.57178686065599 5.30934420414269 1.41016653124243 2.69371150992811 1.67723389426246 7.72191322222352 2.0608217606321 6.05878588743508 2.24523820150644 4.359953135252 2.18545717056841 7.30401194654405 1.98177113523707 5.31089674308896 1.95940548423678 2.0648125205189 1.436582249403 4.81667330116034 1.8109071334824 7.07899823971093 2.31782357189804 8.34325461834669 1.81251453245059 2.23156642727554 1.41476018186659 9.35700198635459 2.4192275101319 4.57835482433438 1.3559265775606 7.449707781896
587.502 7.82974976301193 2.42472953442484 3.91117555834353 1.81283724745736 5.84518817067146 1.57969451630488 4.22214547172189 2.11348662199453 2.24393193610013 2.05306598255411 8.71956147253513 1.51378553016111 5.10926390439272 2.45779225574806 6.57122803851962 2.46797175919637 9.6203129068017 2.3430148884654 9.19125413149595 2.35162529014051 8.08505592867732 1.68695050850511 3.60840371996164 2.01030193222687 9.6475870218128
618.79 8.81457998976111 2.38630346376449 6.78347904235125 2.11253722030669 2.91430148668587 2.44347935169935 3.50735076889396 1.98168214708567 3.69710815697908 1.43037759307772 3.24406581372023 1.97212979495525 8.90344867669046 2.3892046877183 6.50152621790767 1.72430305238813 2.12836830876768 2.1389091078192 5.94618874974549 2.13043074738234 7.62560153380036
621.075 3.5831043869257 2.37964449878782 2.49750468693674 1.3712739540264 9.47558905929327 1.47317033130676 7.74348830990493 2.03526894850656 4.8533333260566 1.3343268671073 4.99467143788934 1.73510974878445 5.08038700185716 2.32823800081387 5.48406225815415 1.85442398684099 5.83676678128541 1.79217944275588 2.00357798114419 2.09806953324005 6.21164957806468 2.05013615060598 2.73621057718992 1.93629366783425 8.70066040381789
722.324 7.39698640070856 2.45629003653303 3.49649783037603 2.25555143598467 9.06957188434899 1.50848058285192 2.00896386057138 2.05350263891742 7.79817511886358 2.17946848683059 3.90201908908784 1.5138834701851 6.2386544700712 2.41957186385989 6.34312298707664 1.82379272095859 9.72197807207704 1.47438576873392 5.60293610580266 2.11179604353383 8.01823607645929 1.34354804409668 5.51797249726951 1.92532719029114 2.88166619092226 1.56627122778445 9.70755904167891 2.34221845539287 5.74734788946807 1.61799865905195 7.24364440143108 1.75597986457869 2.7484075743705 2.15754421679303 5.8186329882592
726.854 3.63100601173937 1.36851798091084 2.26239530369639 1.47314691338688 3.23516638018191 2.0577930171974 2.27948505617678 1.87632587971166 5.85977428406477 1.76705019921064 5.30483612418175 2.20739222560078 8.38844268769026 1.74544281177223 9.57066940329969 2.45087333470583 4.02149141393602 1.6887135758996 8.65932815149426 1.85969456108287 9.53622430749238
736.228 4.84246410802007 2.49747266508639 5.10700632818043 1.6274549914524 9.40007936954498 1.62992456499487 9.88346132077277 2.20119530688971 9.48371831513941 2.48737061070278 8.58469645678997 2.49475704245269 2.53379893675447 2.23678083354607 9.1888021454215 2.10196566199884 5.16881684400141
794.131 9.26855695806444 1.56235225023702 7.12195790745318 1.96035658884794 6.96607044525445 2.45249404385686 6.76486988179386 2.13818288883194 8.31098232232034 2.18889549095184 8.0080305300653 1.78957918779925 9.62758232094347 2.16564489230514 8.50866407714784 1.4738247031346 7.34248081222177 1.82582194423303 7.85869744047523 2.41749485675246 8.28965399414301 1.32224290948361 8.41440124250948 1.93509443011135 4.55356003344059 1.51917756740004 2.29002054966986
814.846 6.60751409456134 1.55368067938834 8.40803650394082 1.78890498885885 9.75098286941648 1.37011725138873 3.26047024130821 2.32444013422355 8.23499180190265 1.43979788748547 3.75157412327826 2.27419894235209 3.57544201612473 2.46813216423616 2.47599092125893 2.04550174940377 8.88767969422042 1.6138584241271 9.02463490329683 2.46495171841234 2.88604887761176 1.4705856250599 5.07600056752563
819.417 6.91796819679439 1.69666492948309 6.1460579559207 1.31277768164873 6.22079999744892 1.37341514667496 8.6244878936559 2.09364282665774 6.01767457835376 1.47268468439579 6.01088980771601 2.22075613727793 4.45870424807072 1.88324989359826 7.35371044650674
820.397 7.75116713345051 1.81089419601485 9.51327597536147 1.65317205255851 7.89086820185184 2.20381316496059 8.36055448837578 1.651885817945 4.99148987419903 1.75118768857792 9.42344123311341 2.00390271795914 8.09884323738515 2.0128045424819 3.5580802038312 1.74507760023698 4.07577531784773
820.588 8.11165112629533 2.02335497671738 6.53803836554289 2.19333716649562 9.94482546299696 2.48195183435455 3.61703098192811 1.919527020026 3.39963263086975 2.14991069827229 7.0702066719532 2.46502270782366 7.68357765115798 2.45989916529506 3.96802690811455 1.34133146600798 6.86417086236179 2.39330829987302 7.430977512151 2.23656832100824 4.59642253257334 1.64676459664479 3.84760018065572 2.24624134600163 5.79027213901281 2.47627899777144 6.78222610987723 1.75944575974718 8.15973353758454 1.94329778142273 3.34655502438545 2.40689385002479 2.01065025106072 2.11635574465618 7.30769611336291 2.23827097918838 7.20714015141129 2.47644381420687 8.73895114287734
849.616 2.69018614478409 2.21748118521646 6.42307019792497 1.88256779192016 2.05672685056925 1.82325249584392 4.97887882962823 1.60020973393694 5.8673804923892 1.65404301695526 3.70901973731816 1.88300685863942 4.4025938808918
863.547 4.62975202687085 2.18288485053927 7.19572366029024 1.7284486958757 9.61240533366799 2.23886555172503 6.06743356399238 2.2912613235414 5.26769198477268 1.9724028150551 8.85113860853016 1.9011132709682 8.41706083342433 1.79160924702883 9.06617801077664
865.451 9.27564834617078 1.96853555580601 4.44812324643135 2.00934746898711 6.55028815753758 1.99482341809198 9.39983000792563 2.25293256370351 4.01057905890048 2.24724626801908 2.097960755229 2.29310146393254 2.13330069184303 2.14629765739664 2.38016606681049
868.135 8.26696286350489 1.58062499472871 4.82147892378271 1.36481624636799 4.08782017230988 2.0615738495253 9.48002982325852 1.80016485955566 8.90769514627755 1.66204538838938 8.23345626890659 1.76111551281065 3.07849042862654 1.47725104829296 8.27725968323648
873.639 5.10523911565542 1.74017854100093 4.3602878972888 1.40966801475734 7.26353600807488 2.43723605005071 4.17607728391886 2.15013898639008 9.14864980988204 1.54677201947197 9.40907995775342 1.89203756554052 7.77414794452488 2.23791335746646 6.84538477100432 1.93588087446988 9.51548485644162 2.09063037429005 6.66263486258686
911.77 7.50119955837727 1.74751689611003 9.62674670107663 1.33096362706274 7.27833829261363 1.69213948687538 7.55694184452295 1.33951547360048 8.24176377989352 1.33170652799308 3.60603599995375 2.02873450145125 9.47545918822289 2.07266350025311 6.05947063863277 1.77790328133851 9.93901786208153
949.534 9.2214448209852 1.72279547378421 5.78246625140309 1.5851189987734 3.05165216512978 2.24561435589567 8.02024599164724 1.84915459640324 7.81879666261375 1.43228543912992 9.74854585714638 1.35060279192403 4.53249457478523 1.9961269649677 6.15918121859431 2.14877143669873 5.91315004043281 1.53540558544919 3.82964698597789 2.34250795654953 6.91638553328812 2.49280751990154 9.67701460421085 2.196569017414 8.44934939220548
1018.47 2.09341374225914 2.05178424762562 8.3211478497833 1.76552770892158 8.28577849641442 2.41616008197889 8.59238628298044 1.472923653014 3.0719777662307 1.34701009001583 3.26677270978689 2.21027844846249 8.30231697112322 2.16583757270128 2.1246425230056 2.21616413202137 2.70953458361328 1.69867151491344 9.88912229984999 1.70318803889677 8.62712007015944 2.22488802159205 7.37903713434935 1.69192103436217 5.09123987704515
1023.55 4.70999331958592 1.70197329828516 7.53177400119603 2.42619010312483 3.35365855321288 2.37673909114674 6.65238924510777 1.42130931569263 9.69074731133878 1.50464976252988 8.77727145887911 1.69233651440591 5.30454768240452 2.18176130000502 2.1789571121335
1034.59 9.9721691980958 1.40605554385111 3.32178041897714 1.86847631260753 6.97371171042323 2.29408064233139 7.92729920521379 2.08122026445344 2.76269761286676 1.47267387229949 7.20857661031187 1.7598244683817 6.83060795068741
1050.69 9.13015973940492 2.44635274270549 4.11642746813595 2.14599127369002 6.52557953819633 2.14236736148596 7.70332815684378 2.30122184278443 6.95923479832709 2.45592704061419 5.58869774080813 1.95552851511166 3.56040248274803
1091.77 3.16366617940366 1.63504931619391 8.00526863336563 2.38659685412422 9.74299946241081 1.43150298986584 2.11273778788745 1.75048214886338 4.8559210319072 1.98571369834244 6.86032466217875 1.69495288748294 4.07748670503497 2.31902286857367 5.06608773395419 1.48072922015563 4.15072767809033 2.2666225428693 9.28665877506137 1.61178220016882 8.05764934234321 1.3287617164664 3.65860621072352 1.69149396186695 8.02182489819825
1092.69 2.73603624664247 1.99860679237172 9.47350507415831 1.80633224435151 4.13734585978091 1.74821843318641 9.58730962313712 1.91119948662817 6.89201221242547 2.08344408925623 9.46275952272117 1.43358001373708 3.54678243771195 1.8031571302563 3.16178026050329 1.48952816408128 2.73706428706646 1.56395452450961 2.83586053177714
1135.58 3.5110170468688 2.03360495576635 8.80494065396488 2.13527426868677 7.60960553213954 2.36768428655341 7.11409930698574 1.77944206157699 8.06933668255806 2.1427246356383 7.25444431230426 1.66106458641589 3.32796375080943 2.22927146274596 2.32171497493982
1161.87 8.23611566610634 1.68328811218962 9.91815046221018 1.81170985996723 3.83759061619639 1.58548073573038 5.70038280636072 2.29964786721393 2.14156062342227 1.86961396401748 6.06749025732279 1.72022784762084 3.57567685097456 1.6410076610744 9.12022403813899 1.79625835092738 9.13315557688475
1201.3 8.07553526572883 2.1260347221978 5.14783469028771 2.07214035242796 5.98092513158917 1.54566654115915 7.90383375994861 1.51993343122303 8.0301228556782 2.47559429993853 7.21247927844524 2.42578218327835 5.28810394927859 2.33215172626078 4.46032356284559 2.2741107320413 5.22377842478454 2.39056728063151 6.96793490462005
1215.66 9.50717287696898 2.39942073738202 3.54689683392644 2.11986952843145 6.67203973047435 2.2847037371248 4.13025374338031 1.76891846926883 6.10200824588537 1.3860283295624 9.79510210640728 1.48064046502113 9.04174450226128 1.50513493111357 4.38516193628311 1.34777912180871 7.1854968778789 1.54473551455885 4.29560164734721 1.41479185260832 2.12868703342974
1217.41 7.91207071952522 2.40287487329915 7.69051901437342 1.46175996521488 4.80653838068247 1.49706062925979 7.22316862083972 1.57601761231199 8.00560991279781 1.46160554038361 9.86059256829321 2.33528276439756 3.34913803637028 1.71614225655794 9.20471003092825 2.08245112178847 9.19230319000781 2.29682438094169 2.00223694369197 1.48158023478463 6.25134948827326 2.48684471752495 6.65214761719108 2.42858248436823 6.38194641470909 1.91793904220685 9.95012349449098
1312.03 5.21271961554885 1.32489397497848 2.59334737993777 1.61817400678992 7.7257956136018 2.46480433465913 3.25734273903072 1.81447590254247 3.65450125746429 2.11565648186952 5.38275085948408 1.94206848870963 8.68877614475787 1.32429431909695 9.80978219397366 1.96358503196389 4.07872161082923 2.26942152911797 8.9017296936363 1.5846089348197 4.42249358259141 2.17420214237645 5.77380792424083 1.84606843218207 9.70764647983015 1.40800115680322 7.41193623095751 2.27005426613614 9.75884233415127 2.03516275566071 4.96556183323264
