# Using the following values to generate the workload:# num_procs = 50
# mean_io_bursts = 10
# mean_iat = 25
# min_CPU = 2
# max_CPU = 10
# min_IO = 1.3
# max_IO = 2.5
41.2099 5.55896195583045 2.42118801074103 5.21771394833922 2.3483828894794 2.02299100160599 2.31891941772774 6.63640736415982 1.58130469387397 2.6547681260854 1.49321152353659 6.78321159817278 2.04088064441457 3.78177315555513 1.32043986264616 5.40023967251182 1.33916728291661 8.40650977566838 1.58990850457922 6.51841830089688 1.30796993989497 4.27113112434745
48.4359 3.69017091579735 1.46146585876122 5.05856796912849 1.52843179116026 3.90991060249507 1.99610057873651 3.07314424216747 1.33851068848744 6.0243620146066 1.5151418835856 4.85990106128156 2.46072299517691 4.60044703632593 1.35864493716508 4.47298289462924 2.32116286428645 3.92461907491088 1.80309714572504 2.28686505742371 1.51001455355436 4.68409695290029 1.32720517357811 3.62402897514403 1.86513215228915 3.79842467792332 2.19449360258877 9.7851208280772 2.05729678422213 6.47309146076441
84.8879 4.12706395052373 1.75022927662358 8.00050315633416 1.77955224588513 3.04698591865599 2.11936807883903 7.78541330248117 1.62865704800934 4.13832761906087 1.83557561039925 2.59924166277051 2.09871523845941 8.57994806207716 2.39634443335235 9.73301271349192 1.41038033012301 7.66621014662087 2.03266349509358 8.98161751963198 2.17396140629426 5.28092526644468 1.42793699381873 7.55366205982864 1.3123063585721 9.81336982734501
87.004 4.0397446770221 1.86204990046099 2.28804044425488 1.58028247272596 7.90544559620321 2.26353840343654 7.55281636305153 2.21030561868101 4.25503920577466 2.13986254958436 4.46606473438442 1.82088338723406 4.67515168525279 1.60393008636311 2.13954025320709 2.02715733069927 5.9496524874121 2.16992409080267 3.28313147649169 1.85318372165784 9.66949352063239 1.44264237741008 5.77767367847264
98.3856 5.94863712415099 1.5772954066284 7.42167337983847 1.78119405284524 7.67584832943976 2.48846117230132 2.36567326635122 1.53731505563483 7.39211635477841 1.88373007075861 9.26343836076558 2.14094474799931 5.45103554800153
125.157 2.59963471628726 2.35241065016016 7.30988190881908 1.41570877498016 8.41562912613153 1.48351609818637 6.20752029307187 1.93402791870758 7.51189492642879 2.26867967229337 6.35431935638189 1.67963585406542 7.79933511465788 2.34951211540028 9.48138217628002 2.13880570335314 6.56042814068496
148.65 7.27250974439085 2.2746249511838 2.33211620338261 1.35496472204104 2.42823349311948 1.54235377693549 9.18128783255816 2.22951535210013 8.37840199284256 2.25626010103151 4.10620276816189 2.25944582046941 2.60753827169538 1.82853262517601 4.75292937457561 1.48478394905105 3.23295876942575 1.68184254122898 7.67785135470331 1.44337119311094 8.20772361010313 1.6730538408272 6.00912259146571
182.9 7.61424642428756 1.81016531297937 4.97273553349078 1.84172650324181 5.64679988846183 2.40161028886214 2.65578708425164 2.02777238078415 5.00675942003727 1.64660432487726 6.30612384714186 1.47486134339124 8.96452920511365 1.4459911824204 3.19575481675565 1.6200825988315 3.55353449657559 1.6786742455326 8.52130366675556 1.33097365209833 9.66456391848624
190.863 7.46790578216314 2.44286420214921 5.56370795890689 2.03731241710484 2.47935227490962 2.3216864798218 6.24560797028244 2.00770999854431 8.9153632633388 2.05001244349405 9.20007160678506 2.15169456703588 3.69016615860164 2.03917669374496 2.12406462058425
241.369 8.08629783056676 1.54631769908592 9.53515094704926 2.37280978094786 2.83410225622356 1.52404033076018 9.00753679871559 2.06415063766763 8.89266977459192 1.48632313776761 9.47303078696132 1.79719364559278 4.61343820020556 2.15378201464191 7.56908030807972 2.04497630912811 4.14996570907533
247.517 3.63735897652805 1.73095073923469 4.47081227228045 2.46649900879711 5.16820180043578 2.37074081348255 6.93392919376493 1.84122946420684 2.50138814933598 1.48895781552419 3.56488070450723 2.29467147458345 2.59998500347137 2.33675729818642 8.90022557787597 2.10514346752316 8.4740784727037 2.06375453406945 9.34565962851048 1.77445560367778 7.75003256089985 1.60890981694683 6.21040182746947 1.60195703385398 4.98606007546186 2.18496376425028 6.63266315311193 1.67671859804541 5.34349235333502 1.87601487785578 3.40710772015154
257.937 6.51077130436897 2.083234726917 5.03103298135102 2.15809451416135 3.2504849229008 1.79533791150898 3.03226041048765 2.36750597944483 9.94956338405609 1.48205373184755 7.21906821243465 2.49269465561956 3.02335236035287 1.33562921565026 6.63191054947674 1.61704570343718 6.46203833632171 1.8780120995827 4.00823296234012 2.2894357483834 8.9136797375977 1.52238181671128 2.12555173970759 2.45029875189066 8.89235192164779 2.09686535438523 4.81075025163591 1.8936399711296 6.54629077762365 2.09204402891919 4.52849039062858 1.33903534840792 9.31222842819989 1.49434319138527 2.16216668300331 1.55676412563771 4.33856580778956 2.1669343424961 6.14359586499631
289.57 3.22375882044435 1.7449440645054 2.70173345506191 1.65872583566234 2.00599668174982 1.90075081624091 3.72651620395482 2.17117308545858 6.71161357313395 2.25830561006442 8.06173360347748 1.34869187055156 5.63475877791643 1.32971724225208 9.63941571116447 2.39780710255727 8.90833430550992 1.69541707085446 4.95159352384508 2.29519492750987 7.60046697035432 2.17946624634787 3.14567917399108 1.89905417347327 3.96133148856461 2.3285858919844 2.12419512867928 1.8334269377403 4.94139023683965 1.47561115995049 6.97818553261459
380.681 3.43857541866601 1.57193653099239 5.96675135940313 2.37400571256876 7.29550536163151 1.59953999025747 4.90690677799284 1.52234299257398 6.09959508106112 2.32112636361271 8.83115111105144 2.36588493781164 6.10307309404016 2.38920117821544 9.08697344176471 1.77706159660593 8.49382153153419
428.655 8.67483414150774 2.13727329280227 8.10978667996824 2.19039382906631 6.8762229103595 2.35778131214902 6.50331552140415 1.75078646950424 6.74885270744562 2.27612577173859 3.81097372621298 1.60206468738616 7.54878703504801 2.41158828884363 6.84771513193846 2.39819396007806 3.22969259694219 1.70844956682995 8.4144749827683 1.80656320322305 9.2910856064409 2.38782962448895 9.55945196002722 1.42966738129035 3.04817059449852 1.44906124696136 3.7845795545727 1.45248350203037 9.41996408626437
457.465 2.55315145291388 2.24339690692723 5.84689181670547 2.11291189445183 8.60157893970609 2.45719130318612 4.38110717013478 2.15320019070059 4.25515817292035 1.37761352378875 6.12552534230053 2.32522321380675 9.83945624530315 2.15840572388843 8.47022828832269 2.17876034174114 6.61045824363828 1.81361446781084 2.24743203632534 1.96955293556675 3.69732354208827 2.19431551843882 5.4620393756777 1.97843088144436 4.59826590307057 1.59867322100326 7.5602102316916 2.49091733731329 2.17880917526782
485.173 3.10949849523604 2.2326898207888 9.03886681608856 1.89774085581303 4.80190983228385 2.11949379481375 9.40653302334249 1.67139973342419 7.77532956190407 1.67799070440233 5.27420627698302 1.36177993435413 8.18944414705038 2.36122224768624 8.87433488667011 2.37764977710322 5.0899931974709
489.657 6.75570845417678 1.80826608296484 4.06197294965386 2.4094595072791 3.08270526118577 1.41903749220073 4.70678140968084 1.76190338991582 5.97941379621625 2.46703446097672 6.62874046340585 1.60718219298869 9.83622725307941 2.33038742505014 5.09030580334365 1.81023546867073 6.2567747104913
517.627 4.48986583575606 1.93657406512648 2.66698637604713 1.78640346406028 9.36059911549091 1.48204710036516 9.74026427790523 1.71138384286314 6.4128878004849 1.59610705189407 2.88244456239045 2.01938089681789 5.02841499261558 1.90890183094889 3.2780871167779 1.44129008054733 9.6550054140389 1.57461687866598 6.46268063783646 1.68034990224987 5.83856651932001
528.905 9.60231899283826 1.92359792068601 8.20605071075261 2.13037118082866 9.12925528362393 2.43212603926659 2.54568444937468 1.55019248332828 7.0331497490406 1.40026507284492 4.61817684210837 2.24112079609185 9.87975687347353 2.3536758473143 6.10536775738001 1.46199316568673 3.95299827866256 1.69700818769634 6.13612044602633 1.69869147641584 2.70545776374638
537.796 7.88854368031025 2.18461232725531 3.23784641735256 2.21305908560753 8.00752144493163 1.54204649999738 9.5832493044436 1.86889510015026 5.7329381480813 1.87942294068635 7.28625807724893 1.80872294083238 2.72705423459411 1.46793808080256 3.86983794346452 1.32349192034453 7.0077204965055 1.63108229441568 6.80582120828331 2.10887039108202 9.1235393434763 1.76785360295326 6.03650927916169 1.91079015834257 5.02599060162902 1.54688760926947 5.45024790428579 2.01188822612166 8.83564076572657 1.95679179336876 4.21065800450742
557.112 4.67057610489428 2.21574637098238 3.09312618337572 2.32008185610175 8.88220220990479 2.02804542435333 4.8900729585439 1.63076637070626 9.40118850953877 2.20781093882397 3.28668386675417 1.6916555127129 5.3256403002888 1.91272513773292 6.3552517388016 1.87951843235642 3.53357753716409
557.373 6.98629690147936 1.60813984358683 3.92516412772238 1.96928147282451 9.33417444489896 2.26380315674469 5.22423363663256 2.0649175234139 9.29294276423752 2.0617605256848 2.79974667914212 1.43881864678115 2.81857600621879 2.4262684199959 5.20734226889908
570.303 5.66195179708302 1.43907393999398 4.50081223994493 1.83720032358542 8.71772347018123 1.91853927168995 9.9972746707499 1.58793489998207 5.34720022790134 1.83585288599134 6.53656241856515 1.49457234675065 4.86884615756571 2.02020386783406 9.09701254405081
585.762 2.62798430584371 2.10810660999268 2.15508708171546 1.58554091667756 2.13961615785956 1.77478006351739 4.28380318917334 1.8693948588334 4.99197478964925 2.47930630706251 4.93937561288476 1.77678759889677 8.71463462710381 2.25513166775927 3.83127399161458 1.43627195777372 8.18873498402536 1.45395602304488 9.37001437135041 1.89524179613218 5.10891420952976 2.21939159920439 7.3551904708147
622.167 3.01593493111432 2.23871999187395 4.39151123538613 1.78229622729123 9.88533764146268 1.53732501138002 2.06744743324816 1.66759679242969 9.57013122178614 1.78622839208692 9.98925164714456 1.36097106896341 7.62218418344855 2.39977848511189 2.8278189226985 1.77209062790498 2.142996923998 2.02264668243006 3.45911023579538 1.98531989529729 7.98663312569261 1.81887118341401 4.00746341608465
665.77 8.89828171953559 1.61562656397 7.76399668119848 2.23807229846716 7.35129808075726 2.05316693922505 8.90201335959136 1.37060409775004 4.66565202362835 2.30689639151096 5.97575132735074 1.97943255323917 7.16464622505009 2.2932814521715 6.28451426886022 2.42948503876105 6.60011285543442 1.81240445682779 4.67162266746163 2.447254977189 2.56844146549702 1.96333177527413 9.18238895945251
703.705 9.71448308415711 1.48610804220662 5.94205280207098 1.96334582054988 7.94369877316058 1.52621772205457 9.14067313075066 2.24644016558304 6.84949235245585 2.36721416572109 6.14511598460376 1.80881366766989 5.23430223949254 2.35191356278956 7.87859604693949 2.47968876855448 7.00802330300212 1.96805600980297 6.91825325414538
753.997 8.92657336592674 1.34228692334145 3.94913562200963 1.51857994133607 9.4256685115397 2.41628186935559 3.18321119993925 2.30349517473951 7.25555460900068 1.98736214824021 8.3081776779145 2.36752411676571 6.31143078580499 2.27220944259316 5.61778573133051 1.47485034270212 3.79954688623548
767.117 6.25898989848793 1.37865664074197 5.61786798946559 2.40679522100836 2.59466461837292 1.84539263285696 4.44446464627981 2.49522122023627 9.50391856953502 1.67324066786096 3.4596918169409 2.17176627162844 4.35423144325614 1.91920117074624 8.72381884790957
794.833 2.76198805123568 1.65350591717288 5.57610744982958 2.15123260850087 6.83489347621799 1.74621245069429 4.98123244382441 1.3001411261037 3.18194826878607 1.40760157974437 6.43633834086359 1.81447927402332 8.01384074427187
801.96 8.01632322184741 2.38190159220248 4.73308267630637 1.38617730420083 2.65488294698298 1.387375878077 4.74452379532158 1.49006354054436 7.86437325924635 2.45760794747621 8.45829531177878 2.43907612897456 4.60692702047527 1.93829205129296 5.79505908675492 2.28594718128443 5.13579036481678 1.57105362126604 6.25826673768461 2.42621562574059 8.41737500578165 1.58930519167334 4.98312557116151 1.9053719734773 3.44543266110122 1.89702913891524 6.37972358241677 2.10491729108617 8.09594785794616
828.715 9.72142211534083 1.55843757567927 5.18077508173883 2.38988351598382 7.46916999667883 1.52769971797243 7.3634497243911 1.64387659151107 8.9600496403873 1.58213106123731 2.7656226772815 2.09372196970507 7.67059530504048 1.53715661084279 7.35844573937356 2.48027439955622 6.45681910030544
838.865 7.9356646835804 1.47990767629817 9.00327264331281 2.24716187063605 8.71012185886502 1.33754916237667 5.54789476841688 1.64865704597905 4.54839419387281 1.43730421792716 3.06484729424119 1.35099263340235 7.70926558226347 1.93388091493398 2.68346758186817 2.27799455588683 8.93015507981181 2.02942950343713 9.20021108537912 1.3284866746515 5.42320069484413 1.85460411170498 8.37084762752056 1.97690377887338 2.88781731203198
839.863 8.73539291881025 2.1955561270006 9.64593978598714 2.27627992862836 7.78464324958622 2.34283230518922 7.61511952616274 2.22149498248473 9.01172758825123 2.33428803337738 5.79648403078318 1.74093149406835 3.16329720616341 1.47903732350096 9.2313705123961 2.20921053085476 2.65770401805639 1.76209037452936 3.57884187437594 1.49680414414033 2.99638763815165
842.258 9.5443378649652 1.44150440050289 2.53367236815393 1.81347942026332 3.85809384658933 1.49183372752741 3.8574688360095 1.55239942781627 8.44753528013825 2.30773483999074 8.52869576960802 1.49663388142362 9.92760534770787 2.42536979978904 8.86973144300282 1.36002423940226 5.96485144458711 1.66239581201226 3.32298811338842 2.36878374358639 4.09950349666178 1.4025800245814 8.21320480108261 1.91342235393822 3.33831987902522
899.554 4.87764773145318 2.29501645695418 2.86169303953648 1.6561580253765 5.37213062681258 1.54124590503052 7.04319996759295 1.77043002787977 8.62975386716425 2.44568484360352 7.95092798396945 2.34203894827515 2.66618724539876 2.48715680008754 5.89547186158597 2.11058785645291 5.08962874300778 2.46013556262478 3.26783630996943 2.12480721650645 3.47932220436633 1.64218896012753 2.43843268603086
924.751 3.55402979813516 1.98800051370636 7.8600400313735 1.52970982212573 7.95527875237167 1.80925735840574 8.82230374403298 2.29058890240267 5.28146730549634 2.44130681129172 6.97526494972408 1.62759934123605 9.28409389033914 2.277628096845 4.85628830641508 2.17939127413556 5.76106161624193
965.566 9.74957664497197 2.26842000037432 4.90838640555739 2.49914654763415 5.42812607437372 2.26379906916991 8.78512801043689 2.28925745664164 7.35245504416525 2.4443246412091 4.48284323886037 1.6511633082293 3.36895007640123 2.06779068643227 8.02766468934715 1.94916276978329 7.08742290921509
1035.25 2.57850315049291 1.33753086244687 6.57743057794869 2.47363505382091 3.02560109645128 2.12017504964024 8.82351494580507 1.5270260065794 6.76994270272553 2.44554645866156 8.38214557431638 1.44127108044922 4.41652849130332 2.18475068900734 7.97826581448317 2.22342327032238 3.63735004328191 1.65222565410659 8.91624896042049 1.81081760162488 3.51081828586757 1.78598513808101 9.89495791867375 2.26632447317243 6.79513815976679
1045.78 5.56889409944415 2.31110532311723 3.15640440024436 1.63227898208424 9.11646578647196 2.42206424148753 4.34647163189948 1.63984179198742 6.46215936914086 2.46149123180658 4.00123002566397 2.36691644974053 8.03470728732646 2.17207847125828 5.04592465423048 1.68567522317171 5.38309629447758 2.39107592804357 8.99310980923474 2.29837549850345 5.32068266533315 1.35888504097238 5.72432807646692 1.72899890691042 7.50618461705744
1074.31 4.25312812626362 1.35661177998409 8.74480371177197 1.69562002858147 9.1167140416801 1.91057627648115 9.2087066359818 2.07629878753796 3.52762479521334 2.18788052517921 2.45274514704943 1.97586732022464 4.30860212445259 2.07917874995619 8.9451109804213 1.62189049739391 5.64215450547636 1.67691730307415 7.3473263848573 1.75231876298785 2.83584453351796 1.60316818673164 3.76322105899453 1.58142952779308 5.27190934866667 1.84123029652983 7.64882684499025 1.76921996185556 8.3817852512002
1077.99 2.11258117295802 2.4819253327325 9.70282374881208 1.54520937483758 7.398517716676 2.05777898617089 2.688222784549 2.17284636814147 3.46908457763493 2.46541018644348 8.89595927856863 2.22073863139376 8.76818036288023 2.04697782881558 2.01670579612255 1.31178583987057 4.09858482703567 1.67789272945374 2.26303678005934 1.97369943456724 5.54132606461644 1.51284298822284 7.87621390074492
1093.58 8.20498230867088 2.45721788471565 8.53647979907691 1.76532909749076 9.09897766262293 2.03091741558164 6.0334997177124 2.46201943000779 9.22504556551576 1.71348009705544 9.51125389523804 1.71545399697497 8.27325519174337 1.75491864690557 3.48351547494531 2.2137338841334 5.15226698480546
1115.44 7.19749869965017 1.95644949125126 9.15660187974572 2.41007824232802 4.18877529725432 1.6868482850492 3.32993130944669 1.85041699847206 2.14001570083201 1.4215316507034 4.22116991132498 2.07723014941439 6.47581802867353
1127.43 4.48018559813499 2.15467385724187 6.17010542936623 1.70285923527554 9.47784492745996 1.92716726362705 8.62078417465091 1.7591833030805 8.7561121955514 1.32633695481345 7.7575788423419 2.05064239129424 4.4904562048614 1.88494470240548 2.5186724383384 2.3103596589528 7.66102273203433 1.6456835350953 3.10500266216695 1.48066858099774 7.05116196908057 1.44383063232526 5.43216446228325 1.88189378241077 2.88574695959687
1133.78 3.45352933369577 2.27077828124166 6.34531517140567 2.04511535065249 4.97949547506869 1.65415372317657 9.81956853158772 1.63302745027468 3.55021955445409 1.30194354234263 6.16167761199176 2.06719205928966 3.74261930398643 1.92704263255 7.98393710702658 2.4063430916518 2.00523967295885 1.41631083479151 7.39847024530172 2.29008875899017 2.58250458911061 1.83275845665485 8.36440753377974 2.23224101737142 9.69933036155999
1167.58 4.60396744683385 2.0467411861755 5.76860291697085 2.32035454288125 9.32262080349028 2.1668086418882 8.25699359737337 2.08411326128989 2.37320570275187 1.70953739397228 5.96800019033253
1195.55 9.15410170890391 1.42159066963941 4.07581211254001 1.72905197693035 7.45813648402691 2.13083315724507 2.15805260278285 2.0704654741101 4.08360390551388 2.07339653903618 4.81372165121138 2.41969454754144 3.7982392758131 1.3411744358018 8.70886843651533 1.48325941329822 5.8633329346776 2.30810281783342 7.73894266970456 1.79106831280515 7.46301306039095 1.96792521886528 5.90966863743961
1197.45 9.15810333006084 1.86662763357162 6.00443059578538 1.42948056627065 8.66391985677183 1.70308953057975 8.21316448226571 1.33350221272558 9.91892423294485 2.17378070279956 4.87274686619639 1.56775865294039 6.69217463582754 1.45772615280002 2.05542162433267 1.33034732136875 6.23921157233417
