# Using the following values to generate the workload:# num_procs = 50
# mean_io_bursts = 10
# mean_iat = 25
# min_CPU = 1
# max_CPU = 2
# min_IO = 0.3
# max_IO = 0.5
21.9823 1.08737358637154 0.452677027834579 1.94661436206661 0.366259972192347 1.01040567993186 0.405598975950852 1.78728237678297 0.388423813786358 1.35961013613269 0.343124003894627 1.97887206915766 0.480235121492296 1.82053519622423 0.300978159578517 1.33799722092226 0.435651274211705 1.42319260118529 0.355151873873547 1.37419367977418
28.3155 1.25340651185252 0.49305583415553 1.24459837982431 0.325740243401378 1.26953177992254 0.335278986487538 1.19293997623026 0.377901261299849 1.49503699014895 0.428115321788937 1.94286913168617 0.446111398469657 1.53261381294578 0.396000740118325 1.22985109593719 0.360801474843174 1.46631933865137 0.440605186577886 1.22618418652564 0.370161185227334 1.03480835095979 0.403891200013459 1.42073598271236 0.411651446949691 1.35455382242799
76.951 1.70819324604236 0.413972600130364 1.30990751460195 0.303794194199145 1.92824270972051 0.411208477104083 1.17816494568251 0.434223428275436 1.21652031736448 0.427592980442569 1.29344863956794 0.36494754422456 1.86692036199383 0.408929405594245 1.4822390107438
95.6692 1.48174353968352 0.403252005111426 1.71728452830575 0.426849376829341 1.9319320472423 0.474090963276103 1.27321449713781 0.368571872357279 1.03833514405414 0.365251936111599 1.24918429530226 0.378386192256585 1.31804636889137 0.444470026157796 1.97996535850689 0.338186168810353 1.64671524753794 0.309229761362076 1.15813319990411 0.45757203232497 1.76347302435897 0.338965522777289 1.38817865704186 0.360260687768459 1.03308915300295 0.476932002836838 1.57289491849951
109.762 1.78309562848881 0.413149477634579 1.79359242133796 0.371397134009749 1.76449693134055 0.364519018819556 1.40974430879578 0.439915310032666 1.45617402461357 0.383993904618546 1.91832612990402 0.478795728180557 1.0637939912267 0.317968554375693 1.60863331379369 0.4379230029881 1.38057425944135 0.316014820709825 1.90795679297298 0.41679950193502 1.33824381139129 0.491228429041803 1.52339595695958 0.436863943282515 1.34235013881698
122.839 1.45100850821473 0.375312928576022 1.52786545222625 0.381945910025388 1.65557047957554 0.433304517483339 1.12509270105511 0.498072679527104 1.6822864736896 0.448771862406284 1.52872063382529 0.300262376572937 1.1986243033316 0.402066312963143 1.53072929265909 0.363586222147569 1.37639073492028 0.495235106348991 1.79496154957451 0.468730801669881 1.11426939838566 0.354389825789258 1.29316453891806 0.496733215358108 1.36644962383434
131.226 1.02006864291616 0.367852979246527 1.57365083112381 0.386757290596142 1.72214723774232 0.418187535973266 1.60677316179499 0.41258872798644 1.22256546327844 0.401477733300999 1.88152752653696 0.450494499597698 1.12436648830771 0.444673269288614 1.76105027738959 0.463792338594794 1.05918434844352 0.416109082335606 1.03717081202194 0.4630328965839 1.00690326932818 0.352766435360536 1.46879806020297 0.426076717162505 1.4645313443616
164.214 1.62855791440234 0.376489411387593 1.91187167889439 0.492884156806394 1.42127303942107 0.418390065571293 1.11552615021355 0.415367755200714 1.30657395394519 0.473080082749948 1.89464336447418 0.346534279873595 1.22626423323527 0.350642717815936 1.84324705647305
176.102 1.02235878794454 0.355823951447383 1.92059078346938 0.452404662594199 1.52696122927591 0.481631732499227 1.27934799832292 0.356322391843423 1.13615151611157 0.47193325906992 1.66644990257919 0.41479636435397 1.88156991149299 0.340579650085419 1.55454430356622 0.436607324378565 1.49366648215801 0.437350468058139 1.77063144929707 0.397709600254893 1.36169519578107 0.471943250857294 1.24742640182376 0.407188018225133 1.37246813671663 0.401984969060868 1.98360620299354 0.347420652443543 1.64364419947378 0.43441521730274 1.58690998097882 0.41407667780295 1.9286291084718 0.498347811913118 1.53463399643078 0.316942950291559 1.39876256254502
201.81 1.10160693875514 0.316896387841552 1.00876110326499 0.414845423679799 1.03988384432159 0.488086949149147 1.10399727639742 0.435998297808692 1.16877934732474 0.463434054516256 1.11330307670869 0.493042804021388 1.47452634293586 0.47519979304634 1.27264228789136 0.330319679062814 1.66482960549183 0.433135629119351 1.71803822601214
205.229 1.41541685978882 0.399315113108605 1.2672191655729 0.336220275424421 1.84835275844671 0.402206977736205 1.08132790168747 0.369930419977754 1.49820082192309 0.342219081940129 1.22821840597317 0.412986744381487 1.33212878718041 0.451528594503179 1.30018067755736 0.408034646324813 1.93546463549137 0.336977626010776 1.34437530953437
214.798 1.57086229114793 0.392879136744887 1.16793341445737 0.346615895582363 1.49859394715168 0.452626761700958 1.73858878621832 0.359386152541265 1.90096090408042 0.405666039464995 1.82845680112951
237.383 1.08153335354291 0.331712704058737 1.0046960413456 0.39045707276091 1.28826909908094 0.369028877373785 1.95976830902509 0.3430561743211 1.68599117756821 0.471061971131712 1.12143547064625 0.447146504186094 1.14065759116784 0.396425651246682 1.2097947425209 0.327263653976843 1.83911950746551 0.41095944759436 1.16850575129502 0.441056875325739 1.10417082277127 0.453506190888584 1.90543689229526 0.313422705465928 1.58703013393097
257.442 1.41016734926961 0.368228764412925 1.93679022067226 0.451943931449205 1.31027755676769 0.444183018803596 1.04874599142931 0.369975516060367 1.85487962630577 0.363859395682812 1.330548213562 0.353327530110255 1.7911285541486 0.423162315320224 1.5807595802471 0.345392514346167 1.82274759770371 0.407291539991274 1.01481984648854 0.312421874236315 1.49744035373442 0.316097339661792 1.16743407864124 0.378085220931098 1.6745028172154 0.470754032069817 1.49994814419188 0.326594164920971 1.00288360868581
287.271 1.15585951320827 0.487850591028109 1.83148300973698 0.469417127873749 1.26356226368807 0.315965618658811 1.31217348668724 0.477831940166652 1.70014077215455 0.4700172372628 1.9534895864781 0.434822394466028 1.84088675910607 0.333055262546986 1.33489720663056 0.475714332563803 1.90045254048891
346.61 1.08520701527596 0.360126034682617 1.59635900543071 0.348969163512811 1.14424390648492 0.362134497845545 1.48359906557016 0.318043432384729 1.65469268593006 0.497612623870373 1.80111387069337 0.427837262721732 1.88080845540389 0.470594386896119 1.22549937479198 0.396682721329853 1.41649425216019 0.322427167929709 1.57146331830882 0.391875796113163 1.69249824224971
384.552 1.80631516990252 0.396047447295859 1.08994430326857 0.378342336369678 1.46687051351182 0.473443771898746 1.33638697001152 0.489403930073604 1.17468684911728 0.495724040456116 1.08613273128867 0.431721756793559 1.07007615407929 0.345202167797834 1.59964089863934 0.334363107476383 1.7077886366751
390.52 1.53136472753249 0.405424364889041 1.71632759063505 0.353404895402491 1.90386208891869 0.39896896625869 1.05562991392799 0.348402282502502 1.58179151685908 0.307773288618773 1.59982450073585 0.366454941453412 1.18537759198807 0.410023723077029 1.00040233321488 0.336930899322033 1.55683639156632 0.428568416554481 1.84214459685609
406.625 1.36370802531019 0.457664439640939 1.33798110322095 0.37910782545805 1.55995809892192 0.389840069971979 1.6538980579935 0.43681524163112 1.38660777057521 0.332238487666473 1.90734349936247 0.389066392742097 1.2299258352723 0.328382536722347 1.2618497996591 0.49671798767522 1.76507014711387 0.397197509510443 1.81202988047153 0.372223754180595 1.71130028553307 0.34499149993062 1.65269186603837 0.467130538681522 1.84660211787559 0.34603821518831 1.69262139382772 0.461003587348387 1.07412468525581 0.354634919436648 1.50923369452357 0.406411233590916 1.35787193500437 0.471025209501386 1.0186638077721 0.438050498487428 1.328514843015
447.583 1.03426433145069 0.403440069779754 1.88772059814073 0.345976478746161 1.01267524925061 0.420808849716559 1.69990274100564 0.343250708281994 1.77973964461125 0.369348634406924 1.22735057375394 0.397779716225341 1.57349199708551 0.471060943370685 1.810349623207 0.356316848611459 1.42819528398104 0.493990151351318 1.77011823304929 0.324585147807375 1.58683298458345 0.470984445884824 1.7758250052575 0.376646172720939 1.25310262385756
467.138 1.85154449148104 0.350379462633282 1.46959874173626 0.498583902884275 1.73337835958228 0.452892654109746 1.1889338074252 0.351746170595288 1.70009125047363 0.323471601260826 1.58369195950218 0.399917712900788 1.76417522085831 0.466203909926116 1.84112709457986
494.547 1.29505213536322 0.485675157839432 1.48380913282745 0.365338051645085 1.31128206010908 0.447920279065147 1.30708057293668 0.470910108787939 1.77490037120879 0.396963291009888 1.92727608559653
503.059 1.13480442971922 0.420682591432706 1.58647792367265 0.480562864150852 1.96305661951192 0.353559091221541 1.77258087997325 0.334472645446658 1.31287383520976 0.408403174392879 1.87918969686143 0.318635329930112 1.64408999984153 0.465695375297219 1.1036174192559 0.327494931826368 1.78354564332403 0.423024159111083 1.96614739322104 0.32334847827442 1.81963034300134
537.885 1.93236159882508 0.439291988639161 1.83521942584775 0.320401603728533 1.62227480416186 0.473184939008206 1.26171608734876 0.307437686808407 1.72592015517876 0.349158298457041 1.9211863593664 0.325713289575651 1.81058410136029 0.441916671767831 1.75918117747642 0.335939408885315 1.26776918652467 0.467393018770963 1.44619390019216 0.46396614597179 1.95034473063424 0.481870422372594 1.81965377763845 0.426619150489569 1.97094956808724 0.377122307708487 1.15581402392127 0.447639609361067 1.85236877040006 0.321368518145755 1.60407208488323 0.400204340834171 1.93230097997002 0.491785880876705 1.23381102294661
547.25 1.47498370404355 0.402271362952888 1.16521389083937 0.343663235427812 1.30358812049963 0.430657563311979 1.33664738037623 0.45134046706371 1.8096427845303 0.413028758345172 1.97873187530786 0.314936540229246 1.79062146064825 0.442947557056323 1.84782142401673
550.305 1.97839263267815 0.336287159705535 1.76749692717567 0.422149084508419 1.38358726515435 0.380398458894342 1.8378683233168 0.415471360553056 1.14877085085027 0.487236225698143 1.02754630194977 0.482573958765715 1.64897398278117 0.417529443278909 1.44807484489866 0.33893718868494 1.70736164296977
570.894 1.86489950772375 0.435834189411253 1.04015167010948 0.35729146967642 1.32839070912451 0.323834104277194 1.55795767321251 0.493451875541359 1.28895962773822 0.380219342373312 1.15811662678607 0.308848504070193 1.28025684761815 0.336513472953811 1.56861763237976 0.498254978563637 1.41498324344866 0.439756307145581 1.35843097837642 0.436235500546172 1.47081236867234
600.331 1.3110316733364 0.40280959228985 1.68311306391843 0.349228633288294 1.72781531093642 0.461721373954788 1.13036431348883 0.395094124926254 1.39995520957746 0.393649934185669 1.40660091186874 0.432920903200284 1.59796512057073 0.493091743579134 1.21444413857535 0.41585352406837 1.36011835653335 0.325569654302672 1.00600918312557
600.332 1.17611483600922 0.3706348573789 1.7901602559723 0.361738821817562 1.11783107742667 0.383837953070179 1.25415469310246 0.47784017175436 1.04741182294674 0.408286418905482 1.80234068864956 0.335328673571348 1.9534067614004 0.396556515945122 1.77596928644925 0.319322579726577 1.88103692024015 0.315211352659389 1.31448239833117
622.766 1.51407380099408 0.380772362463176 1.54880349826999 0.331200253870338 1.77033863938414 0.489161191694438 1.82772042392753 0.47900968962349 1.43120944174007 0.345404444262385 1.25112054171041 0.322910532727838 1.04188794619404 0.361110515147448 1.29813951672986 0.484261872665957 1.59806332783774 0.481855595577508 1.30555698135868 0.367105568340048 1.58533420902677 0.490738411573693 1.81993658374995
691.64 1.13918034755625 0.380574421770871 1.98041148879565 0.357122427783906 1.06386958668008 0.392769828392193 1.85700020636432 0.352972748689353 1.90145093994215 0.423296348145232 1.01200743322261 0.467567136045545 1.13094331859611 0.446583379013464 1.81164366938174 0.387806815467775 1.51046440377831 0.346153356833383 1.4824652094394 0.322328171646222 1.54203853942454 0.444927250128239 1.73771567526273 0.392556196125224 1.00804935023189 0.447509137587622 1.79743210994639 0.353620790224522 1.7603858418297 0.304904524004087 1.89826853876002
701.291 1.35226589324884 0.364381578518078 1.32872906792909 0.319237283989787 1.48223028006032 0.446643770625815 1.66553444392048 0.304510883940384 1.68153197900392 0.426307690190151 1.43952032108791 0.423132791463286 1.32905705040321 0.323205109033734 1.25336008239537 0.408181495405734 1.37549473787658 0.405901199299842 1.25153339025564 0.415609866054729 1.49790170765482
701.713 1.6844579949975 0.362204907275736 1.61592586245388 0.369801712781191 1.40179969090968 0.368726894864812 1.00731868040748 0.361093748919666 1.47222563019022 0.316784897772595 1.55600351188332 0.463355446327478 1.52213036525063 0.436188678443432 1.41665233322419 0.466696362476796 1.99458742281422 0.413218501349911 1.37953507341444 0.487133749108762 1.68653265340254 0.414991437876597 1.58520656172186 0.473048536945134 1.89689664053731 0.414351509744301 1.32926888670772 0.472794807469472 1.69938007718883 0.32440779665485 1.42825706698932 0.485832290677354 1.60203343164176
721.52 1.56421318254434 0.479926830111071 1.50810826709494 0.349811911163852 1.86886199447326 0.412381863407791 1.68150991993025 0.378149810433388 1.9347633861471 0.366565529070795 1.70421038661152 0.483752100309357 1.51513755344786 0.367736134631559 1.85645185876638 0.324720770819113 1.32998242415488 0.447996776690707 1.32192958984524 0.467576996842399 1.48303603869863 0.455974302534014 1.11241290625185 0.376473968569189 1.412648050813 0.323041582619771 1.56243240577169
730.987 1.61226619197987 0.467965086642653 1.19965923228301 0.460558294178918 1.94372381549329 0.374078265810385 1.34942330280319 0.362725328095257 1.75071790628135 0.403257175255567 1.86762265604921 0.448854391509667 1.00366442720406 0.488879426196218 1.1732347686775 0.489398826984689 1.51424897764809 0.465692287450656 1.18830934935249 0.306532248063013 1.79095498612151 0.416023716703057 1.42448998545296 0.494951460324228 1.75163728417829 0.430259656812996 1.70105215185322 0.343266088841483 1.58651333418675
765.547 1.19370043673553 0.364245930733159 1.29470107285306 0.306150308297947 1.61414790898561 0.429773035692051 1.5239097843878 0.473393291141838 1.62608636450022 0.413815383240581 1.37524547311477 0.393982131453231 1.57582885958254 0.35724209183827 1.92790529597551 0.460658090235665 1.82135411421768 0.488148073852062 1.74880198738538 0.344695613626391 1.72430455381982 0.383835812425241 1.68576363171451 0.404059129860252 1.07648419449106 0.412933511286974 1.63874140591361
781.771 1.95351924793795 0.372014799155295 1.02839885116555 0.406537048285827 1.22633670293726 0.436792024737224 1.45377015369013 0.471722706779838 1.70760571840219 0.33399638584815 1.03609064291231 0.377237512124702 1.23706378182396 0.421374191297218 1.7452181018889 0.308016824815422 1.88339846511371 0.372262198058888 1.00268415221944 0.388239503651857 1.95820707688108
795.228 1.304414028069 0.307059304881841 1.2070418135263 0.434832438034937 1.46382929151878 0.457684181025252 1.48135546525009 0.437615262437612 1.86739192483947 0.4720707337372 1.92157966969535
804.745 1.77898265840486 0.48449607337825 1.55582010024227 0.372981437901035 1.2135410187766 0.457633437262848 1.05791057529859 0.45903146234341 1.04602825688198 0.310327693307772 1.5849456039723 0.414704630570486 1.00522185442969 0.315192460501567 1.99935951107182 0.388678831420839 1.09035654249601 0.314149261219427 1.03802448301576 0.409125683549792 1.3305350204464 0.492753206612542 1.82538732932881
872.226 1.96943563688546 0.499524097470567 1.67799460329115 0.48465444133617 1.98956606374122 0.460635435301811 1.59952538064681 0.358855723915622 1.60856312909164 0.377788401674479 1.14724195608869 0.308747582836077 1.16850351588801 0.424611054686829 1.0504938934464 0.314099122164771 1.48658680450171 0.401422080257907 1.50991560099646 0.412241536937654 1.54825973580591 0.385212675947696 1.28815338504501
899.664 1.82864723238163 0.489887365233153 1.58334111166187 0.434442161163315 1.01689706463367 0.33212672509253 1.55392874591053 0.406041331170127 1.81360710668378 0.475055814580992 1.69529208214954 0.304229729436338 1.25435914588161 0.493826414318755 1.60037729679607 0.4115508178249 1.67915167612955 0.326315366476774 1.93197151878849 0.400492426939309 1.61089144856669 0.410882310196757 1.85127965803258
915.444 1.84720510034822 0.483484610635787 1.06870338786393 0.364778112014756 1.02976632164791 0.344079981464893 1.78658258612268 0.307785056717694 1.13378023658879 0.335709081077948 1.22684861510061 0.485315579548478 1.54725281684659 0.416422926587984 1.55622324021533 0.429718531155959 1.26551553956233 0.430557462573051 1.50191549840383 0.43825070830062 1.91828056285158 0.46865321197547 1.0563032256905
1018.85 1.75086486246437 0.426739670336246 1.81734347133897 0.472217813041061 1.35192302102223 0.373337268596515 1.31879818812013 0.307399810804054 1.58732580952346 0.411146395839751 1.90287837618962
1050.67 1.63386352290399 0.395545407291502 1.77678851503879 0.322867113584653 1.42431928985752 0.474176034564152 1.44942233175971 0.37691044555977 1.88419512053952 0.480515069514513 1.73650882625952 0.428101912559941 1.00869320286438 0.315297220041975 1.18203352601267 0.467471689498052 1.41091125272214 0.342128016334027 1.7327249890659 0.469216038519517 1.12684905109927
1096.08 1.2471577883698 0.463905981555581 1.29073313693516 0.393492682464421 1.23585499497131 0.391975647257641 1.16684012999758 0.347942696884274 1.26240320573561 0.326292972965166 1.40377123351209 0.453704030765221 1.98316519055516 0.453950205352157 1.58886335999705 0.426355640823022 1.05322585371323 0.369886720227078 1.90314128738828 0.435708116972819 1.02600225480273 0.301648343959823 1.12445049942471
1151.49 1.6455714632757 0.435488142445683 1.09037466533482 0.439089082367718 1.96766807581298 0.43812770913355 1.79747930914164 0.403681918838993 1.41496356856078 0.357531719561666 1.91302939062007 0.346853588428348 1.72040252224542 0.441867943201214 1.29368909704499 0.41966817388311 1.49869964784011 0.476807685242966 1.47902229730971 0.341304808016866 1.85186586389318
1163.41 1.54012916656211 0.488296456262469 1.5374027735088 0.352574056433514 1.71888003428467 0.48404534640722 1.66547765722498 0.418199752084911 1.03873076778837 0.415664483839646 1.56510055274703 0.371997598046437 1.44945865077898 0.35235509914346 1.30925845960155 0.471031408803537 1.15643934300169 0.483834223495796 1.92439071647823 0.45265183611773 1.32345707109198 0.443986902525648 1.55022702831775 0.310566447954625 1.4059373489581 0.379878724785522 1.15842846431769 0.312951317243278 1.00941518391483 0.426351516600698 1.75739796110429
1172.8 1.52756523131393 0.497591887321323 1.86535966722295 0.304578040540218 1.93125445954502 0.395342788053677 1.67491668532602 0.498991962522268 1.62526626442559
1186.34 1.62801371910609 0.358944792347029 1.94587771221995 0.3651762526948 1.38169111846946 0.313176405103877 1.99398500472307 0.442088302364573 1.57703489018604 0.445988133596256 1.97012222162448 0.496744677564129 1.16543384920806 0.436794899776578 1.49371001217514 0.480981707386673 1.23898683767766
1188.49 1.23637458053418 0.336131048575044 1.22193517070264 0.499795851623639 1.1586264052894 0.490027395170182 1.26003329874948 0.319163384009153 1.08589981426485 0.498944252822548 1.80878200568259 0.309171741781756 1.29390016384423 0.473742636060342 1.52316330489703 0.440991764422506 1.25559322582558
