# Using the following values to generate the workload:# num_procs = 50
# mean_io_bursts = 10
# mean_iat = 25
# min_CPU = 1
# max_CPU = 2
# min_IO = 0.3
# max_IO = 0.5
34.3617 1.36212205840275 0.454847851069644 1.14046633220278 0.49758237991482 1.44682818744332 0.475590196624398 1.91204086481594 0.308473664661869 1.34922651667148 0.465758065367118 1.43985381978564 0.308927053213119 1.16450405423529 0.327929819468409 1.41239829920232
34.4981 1.28194985701703 0.31751370979473 1.39008798007853 0.478803364280611 1.0661319938954 0.309558383980766 1.97353446669877 0.464509440818802 1.63412900781259 0.362078173551708 1.35867309896275 0.443564234767109 1.04114773892798 0.359054396441206 1.81928713060915 0.439970423467457 1.51502004545182 0.495213152235374 1.71787191927433 0.481914456468076 1.99309136136435 0.375770629337057 1.84097455767915 0.386442210478708 1.4025075789541 0.380925955576822 1.00629527424462 0.341041455604136 1.61153733753599 0.340640013990924 1.97147530107759 0.434376750979573 1.2872552126646 0.415539115248248 1.05062062176876 0.487409722805023 1.45050369692035 0.482394525175914 1.33636573865078 0.324673136183992 1.26630291645415 0.475159383798018 1.78963042772375 0.481645855586976 1.48283427231945 0.339398001413792 1.67881904076785 0.408246307261288 1.69003062695265
51.0894 1.66142354346812 0.397415552102029 1.10097113600932 0.435143610648811 1.79375485284254 0.333282761415467 1.9132618138101 0.454587844805792 1.075715506915 0.399335642391816 1.13047180813737 0.439932306390256 1.18328268500045 0.400235430337489 1.84587040985934
72.8002 1.63103652186692 0.447973527992144 1.78260390018113 0.330094166472554 1.7330766946543 0.328344978485256 1.50887236464769 0.303108497569337 1.16791279520839 0.329545480618253 1.00882262783125 0.412440225901082 1.32764574466273 0.329108527628705 1.94785864558071 0.397818396007642 1.96638597594574
103.971 1.89276871783659 0.42985063851811 1.64448913559318 0.32619731943123 1.10190411517397 0.355276938946918 1.87883308785968 0.313791361590847 1.99404464708641 0.456319189630449 1.66574384784326 0.328866503294557 1.50790181220509 0.377113724825904 1.3056508062873 0.459345825109631 1.9243089442607 0.31794596677646 1.20623177452944 0.358041900862008 1.3245919700712 0.371358493482694 1.78333704150282 0.319483774900436 1.23027465958148
115.928 1.33660942479037 0.404568105144426 1.19637939659879 0.446567662246525 1.69307821057737 0.331641209637746 1.90889898082241 0.36185087938793 1.26484102150425 0.486950688436627 1.15622028755024 0.364909335412085 1.98789852997288 0.328907245351002 1.65679489960894 0.425121921719983 1.34962818678468 0.370182418078184 1.38224327703938 0.362466552387923 1.48712646146305 0.429556528897956 1.91954126232304 0.338603834435344 1.32668320788071 0.304565395833924 1.87226375890896 0.315390171669424 1.80767187150195 0.498748159548268 1.56056659645401 0.471519758738577 1.13421234441921 0.372903830930591 1.92802484938875
132.439 1.97657382208854 0.383764566108584 1.59644726780243 0.36405603797175 1.65443037822843 0.34145783977583 1.57483492791653 0.426039601117372 1.13546365546063 0.435666454909369 1.27011066814885 0.418600504519418 1.9977178464178 0.343833894236013 1.72822483815253 0.400411568162963 1.79677458363585 0.378455346170813 1.91781203681603 0.47014536941424 1.70270105963573 0.374835158744827 1.13036591187119 0.469792934507132 1.40738088008948
136.472 1.53050187625922 0.319208778301254 1.90863569383509 0.385517216660082 1.19023107015528 0.443847398692742 1.42230830597691 0.427067706966773 1.92821493023075 0.487724927347153 1.77666303142905 0.33119901176542 1.21348670008592 0.387222301680595 1.49847034341656 0.389689283631742 1.89296685368754 0.36852711616084 1.02247914602049 0.370575218414888 1.07201798376627 0.499730897834525 1.51363121718168 0.433130390802398 1.78464463818818
152.102 1.17833640566096 0.30439438354224 1.18101390614174 0.46739438707009 1.77314856136218 0.460280702682212 1.24992561084218 0.486764317471534 1.85597549891099 0.3176035922952 1.04109117691405 0.421439104853198 1.49330469104461 0.471060087252408 1.73091010865755
164.125 1.29499229975045 0.415787379955873 1.31400666362606 0.303145318105817 1.48387025436386 0.475133393984288 1.64007980888709 0.497611087094992 1.96275633363985 0.491068388102576 1.07197199948132 0.384824700979516 1.37708221748471 0.353168311482295 1.53132870653644
188.622 1.35096039599739 0.331595363235101 1.11447949963622 0.307038191845641 1.10086021083407 0.489803267130628 1.53337489184923 0.467285280302167 1.24572758260183 0.40107924961485 1.86557655362412 0.477024724241346 1.3180550839752
192.098 1.54792682710104 0.309328277595341 1.12819068832323 0.301522042695433 1.09322920208797 0.334599990770221 1.96738199749961 0.480805489700288 1.35001125209965 0.398960811039433 1.29698452027515 0.471883959230036 1.71303685475141 0.392774804215878 1.07937421719544 0.494259442389011 1.87686855648644 0.461325601441786 1.25829408783466 0.389293473679572 1.3984186402522 0.385590659920126 1.81691970326938
205.748 1.02537688985467 0.479420131025836 1.60954005247913 0.466249657841399 1.93052937043831 0.365851149801165 1.41848185681738 0.443804987985641 1.84423908754252 0.458371015684679 1.73171467613429 0.375345978839323 1.32952789217234
267.785 1.44062067428604 0.322341518290341 1.8686695441138 0.300099601363763 1.14578358526342 0.457232015114278 1.12184951803647 0.475550471385941 1.34661616082303 0.359455180214718 1.46449430985376 0.409576448658481 1.57519549061544 0.3421604140196 1.05362185789272 0.449982324847952 1.63313065748662 0.394745894381776 1.36988405906595 0.375863735005259 1.594215212157
286.332 1.41271778405644 0.48562044436112 1.73426584270783 0.364145501470193 1.70311624929309 0.319767351029441 1.2154075272847 0.448838557256386 1.70722349057905 0.315371458930895 1.63463056180626 0.483854208374396 1.89126247097738 0.448937780829146 1.64302220894024 0.454300232324749 1.00212858850136
325.747 1.04946165927686 0.381705664936453 1.65305647603236 0.417462975904346 1.46866138419136 0.355855416459963 1.12673650076613
364.145 1.04643623158336 0.397025843989104 1.11038890131749 0.464085002196953 1.29521822137758 0.457812381908298 1.48346968647093 0.423088574269786 1.52498798607849 0.347106314077973 1.6867566073779 0.339934678375721 1.9341311797034 0.44601801824756 1.32680452661589 0.436268045473844 1.37416667118669 0.345767517294735 1.28977538342588
368.054 1.93697449332103 0.318033062200993 1.33112600585446 0.458226866926998 1.98725529108196 0.470203740429133 1.58318585320376 0.374990238435566 1.65086384909227 0.32317506079562 1.98872820846736 0.402090053725988 1.45992175210267 0.354597255168483 1.41195820248686 0.381555648613721 1.73606367572211 0.382668984215707 1.02725460077636 0.385049488488585 1.86969322850928
369.586 1.84276567911729 0.309732630103827 1.96143339993432 0.388436080748215 1.29354683123529 0.31146247391589 1.44107940723188 0.390969943022355 1.87430620542727 0.346307886345312 1.45655448362231 0.314154702425003 1.04875255725347 0.338742952048779 1.58473331131972 0.355542780226097 1.88873757654801
374.188 1.94761927239597 0.387792741181329 1.17208159295842 0.359641483006999 1.79526403360069 0.368842839822173 1.10988657758571 0.490635608090088 1.89564284333028 0.486667691776529 1.91540964995511 0.340548968454823 1.33932711184025 0.384305611439049 1.33038258156739
402.854 1.82976071094163 0.351342639420182 1.5404741296079 0.307940873550251 1.84498520963825 0.366699692606926 1.86410652543418 0.347175608947873 1.56069041462615 0.49124914649874 1.90684765554033 0.335413560178131 1.85964806447737 0.360026887059212 1.36399900284596 0.418607021402568 1.03627909300849 0.441672936500981 1.54451255337335
408.58 1.39863449288532 0.499329592380673 1.79895438067615 0.38191794026643 1.589074278716 0.413901490857825 1.50613118638285 0.485033995518461 1.72090255632065 0.452544877910987 1.26116402703337 0.356981530087069 1.25661931978539 0.380573494918644 1.71035004407167 0.363403729628772 1.78735331539065 0.33093349263072 1.5836865301244 0.404601927567273 1.64112242800184 0.45049518304877 1.82315819431096 0.466692999424413 1.1680226852186
495.427 1.36299995123409 0.392511043511331 1.2820213350933 0.488634457718581 1.54498341493309 0.470244428468868 1.54705670452677 0.35709240604192 1.21902624331415 0.441840310581028 1.11880043218844 0.386146592581645 1.75635717622936 0.419235198851675 1.98815656080842 0.391636657668278 1.32018817565404 0.471538213733584 1.80940467934124 0.43917412981391 1.31398950656876 0.462669482314959 1.54804151854478 0.443761662626639 1.8127457939554
521.427 1.41596315521747 0.318222542060539 1.70260092243552 0.48808614066802 1.83028687769547 0.353168457839638 1.88400207925588 0.410495366156101 1.29900122713298 0.398682825779542 1.5798930390738 0.411513020098209 1.39208602113649 0.342429012479261 1.60250781313516 0.45751448799856 1.64550161105581 0.465657533332705 1.97181538934819 0.430120145762339 1.38083843421191
530.569 1.55741666443646 0.433235345035791 1.73220786917955 0.346191111253574 1.80614594276994 0.438551835063845 1.90817816974595 0.420367913553491 1.79116049129516 0.338691084552556 1.4238447190728 0.39250228642486 1.75035707675852 0.341987150115892 1.14723946363665 0.482779332064092 1.88716394244693 0.461778648011386 1.35939144901931 0.4386103247758 1.41801266255789 0.352766550565138 1.87849410483614
592.733 1.62586161843501 0.369741231482476 1.57248314912431 0.410986066190526 1.22142243594863 0.369400166813284 1.94592317705974 0.322735167155042 1.2812009297777 0.334943450056016 1.42313017556444 0.406828049151227 1.39454312366433 0.476416453160346 1.52396908425726 0.468930288031697 1.0442646718584 0.365683209476993 1.24376672506332 0.450412813620642 1.19064905261621
618.356 1.07049516099505 0.303334357636049 1.61058393353596 0.40723237474449 1.31513164914213 0.303601255314425 1.65365873347037 0.331636147433892 1.58486364944838 0.387623265013099 1.36485906480812 0.444748243084177 1.28728669695556 0.370207247091457 1.02020888892002 0.456469849962741 1.66595338261686
625.57 1.42943077418022 0.433460174081847 1.77695380360819 0.440511017106473 1.27374122221954 0.397836980316788 1.80341497994959 0.468943200772628 1.21143867261708 0.38002309766598 1.26002588309348 0.472798867383972 1.48642390966415 0.334690317232162 1.44261143612675 0.439401554362848 1.69883979135193 0.35912609891966 1.43103675218299
641.594 1.88109663990326 0.415435947617516 1.9162265714258 0.409310829360038 1.4457861634437 0.423634931212291 1.0987949303817 0.496777569781989 1.75960870529525 0.487774401623756 1.96924197371118 0.461111317994073 1.14277248387225 0.458719871705398 1.53123642667197 0.410568435816094 1.86676595197059 0.430186728015542 1.43627543444745
715.473 1.73792765685357 0.303727514808998 1.85593486833386 0.353175424877554 1.39638022845611 0.376436750823632 1.07710082666017 0.453696989780292 1.82729891664349 0.442177993990481 1.32336253579706 0.320806950097904 1.4250510011334 0.419166707713157 1.96007941616699 0.437703215656802 1.24220820120536 0.398133710538968 1.78774603432976 0.458350643096492 1.31936834030785
722.202 1.93747718422674 0.418922049365938 1.05103083327413 0.426823878008872 1.17160090734251 0.406142003741115 1.50844182725996 0.446445959620178 1.58766682026908 0.349515751888975 1.52165030920878 0.353183575859293 1.19423258886673
765.766 1.76968962559476 0.364061511447653 1.37037114938721 0.393354635825381 1.54222670174204 0.367954702209681 1.1856785423588 0.386565916985273 1.03197243646719 0.442852028971538 1.25452461559325 0.461305846646428 1.64583757380024 0.325066130934283 1.39021259942092
769.617 1.02301331982017 0.350526831997558 1.92818834539503 0.435326423542574 1.60052196658216 0.416905531147495 1.08913483051583 0.385397052904591 1.89615055173635 0.439181804191321 1.57959980098531 0.396826257975772 1.3218263851013 0.306395248137414 1.84378197882324 0.474542652769014 1.40126380114816 0.408073582267389 1.98306810809299
796.055 1.90563746262342 0.307872905209661 1.84028781345114 0.378181672934443 1.15785109228455 0.433563121315092 1.6975099039264 0.49768003616482 1.18541120225564 0.449750750046223 1.86416611168534
796.884 1.29742677044123 0.492584758577868 1.44480619532987 0.463021224504337 1.89521969039924 0.353702533897012 1.37391041684896 0.388107818132266 1.31645726133138 0.376951841125265 1.4416028407868 0.477611051220447 1.19971512584016 0.486754137510434 1.21651410963386 0.331872567813843 1.2235656469129
815.406 1.26732626906596 0.394745649024844 1.56706450576894 0.320734826987609 1.65786730172113 0.392138588987291 1.00343095441349 0.378346075583249 1.00393661786802 0.366283208318055 1.89350626245141 0.310208754101768 1.88938432978466 0.469708352256566 1.2081444254145
820.572 1.3737582154572 0.414933909429237 1.69558142195456 0.38658303078264 1.19268519757316 0.454385860543698 1.4847108090762 0.478188409795985 1.75079165189527
840.251 1.07432350283489 0.404994035325944 1.05932211596519 0.44590446697548 1.74014769331552 0.491669678408653 1.19429818005301 0.429400364123285 1.5726609826088 0.324722048547119 1.03219991922379 0.43560399543494 1.64231778914109
892.915 1.93782314006239 0.415300690894946 1.00035975617357 0.367060108250007 1.55242603737861 0.488315352564678 1.15137818921357 0.303104924503714 1.8392614768818 0.378239807393402 1.45244619995356 0.450957708386704 1.81148585723713 0.321976523986086 1.84133083699271 0.422919346159324 1.41466506174766 0.426449912413955 1.70934517099522 0.405084666796029 1.6344392427709
906.836 1.25548934424296 0.41769374939613 1.82434380077757 0.331401224015281 1.5000858514104 0.448461132403463 1.66750994115137 0.397228406369686 1.79408232239075 0.481111364765093 1.95218777935952
915.889 1.98700301605277 0.477585714263841 1.01609868998639 0.47274906556122 1.43366529233754 0.425284586613998 1.60302561707795 0.379687334876508 1.18186264880933 0.39813931491226 1.1761412716005
926.111 1.04769047256559 0.427301250910386 1.86584900203161 0.451419452717528 1.99637214047834 0.347571101039648 1.86715288902633 0.320258872350678 1.13639961136505 0.326187300821766 1.29548829025589 0.474123535817489 1.78367873444222 0.313089741161093 1.78040819102898 0.457429544674233 1.35982332308777 0.339950181217864 1.96616892004386 0.483782123448327 1.50521793123335 0.362127560190856 1.07929201354273 0.498945966176689 1.8648235599976 0.316180331679061 1.17442784016021 0.442535156011581 1.83322445908561 0.338636958319694 1.22216189908795
970.601 1.99260927806608 0.348605543514714 1.15240472485311 0.425614434666932 1.04937374009751 0.436503368103877 1.28103032940999 0.332845249166712 1.26155312242918 0.334592192992568 1.00335850077681 0.372787697473541 1.81733724591322 0.300651807151735 1.37723952508532
995.42 1.41260464536026 0.455302862636745 1.49918067315593 0.42403784818016 1.38602727511898 0.471751019591466 1.22293186630122 0.315393133694306 1.34553220146336 0.367697903281078 1.14397694752552 0.48580792658031 1.85500281420536 0.402343698590994 1.32834889483638 0.348596672201529 1.96373041369952 0.458272632444277 1.40617738850415 0.446219315286726 1.77055643219501
1013.78 1.39003245229833 0.306626346893609 1.14657787163742 0.401177354855463 1.49506788165309 0.352458030963317 1.99816426262259 0.421195876644924 1.01726926490664 0.431479619443417 1.26255539339036 0.307274187775329 1.60173559421673 0.351812189770862 1.28326817485504 0.446416298858821 1.80462093581446 0.301763196755201 1.41156056104228 0.457574631646276 1.79472277313471 0.3427378393244 1.18852516356856
1025.2 1.95155396149494 0.405913338297978 1.05405677994713 0.357313296338543 1.40498799784109 0.436952199274674 1.45854505547322 0.474705301830545 1.05386059754528 0.358946245443076 1.19652679748833 0.331221139105037 1.98529799398966 0.36265153833665 1.52928904024884 0.396245352271944 1.90107277687639 0.375344968633726 1.78296543401666 0.427478424273431 1.92661826405674 0.461315267952159 1.18346272944473
1039.17 1.75064636999741 0.348947588121518 1.45249204779975 0.398067176062614 1.58833750104532 0.413661679811776 1.85578277870081 0.412969442270696 1.70766640314832 0.410045981872827 1.09484714455903 0.40194091880694 1.72136243013665 0.460747115686536 1.09269601292908 0.312945290422067 1.31315590860322 0.454601832805201 1.60293994261883 0.417064896551892 1.98145084362477 0.368534108437598 1.67720389738679 0.409686226723716 1.22286852030084
1077.43 1.22579394374043 0.404396977135912 1.23176208417863 0.382120055705309 1.76735953544267 0.343241598038003 1.57615208323114 0.448899472504854 1.15893305186182 0.405051841726527 1.09860030887648 0.389703074423596 1.85999612440355 0.430445111822337 1.40790804359131 0.499255259800702 1.60744615807198 0.361562080448493 1.82358369021676 0.489460826572031 1.89416471146978 0.48901096698828 1.71039051236585 0.370938843861222 1.80291393049993
1083.7 1.923855277244 0.341640737233683 1.42497075488791 0.360996112320572 1.41084261890501 0.341420143889263 1.09212579531595 0.442086339136586 1.2558629931882 0.301444245921448 1.77758562774397 0.313250386388972 1.30981747433543 0.486294802092016 1.76164302136749 0.499073383118957 1.92883251886815 0.441129481513053 1.81696912110783 0.433198925107718 1.71643606340513 0.402011814946309 1.41810987773351
1094.83 1.10181242553517 0.470474659977481 1.2984905722551 0.469751023361459 1.20058888942003 0.433519295137376 1.34630296425894 0.396644539618865 1.23407338210382 0.40038970047608 1.30598294036463 0.351810036087409 1.80074243922718 0.480938105285168 1.88276505842805 0.361606802046299 1.62472639395855 0.302377983275801 1.66059571621008
