# Using the following values to generate the workload:# num_procs = 50
# mean_io_bursts = 10
# mean_iat = 25
# min_CPU = 2
# max_CPU = 10
# min_IO = 1.3
# max_IO = 2.5
47.2743 6.12717546150088 1.65119026778266 6.36399112083018 2.17327610384673 2.04244085028768 1.31036890065297 6.37268857099116 1.31537515157834 2.59831946343184 1.78231960944831 7.67466324940324 1.79914461458102 9.66910739243031 2.20500938072801 7.44939235039055 2.45751205878332 4.96247337758541 2.29378629028797 2.94134278595448
74.6271 9.17330540530384 1.49538568779826 3.60853070951998 2.0513003363274 9.68210023455322 1.75211474997923 6.46938591636717 1.48474389975891 2.03145028650761 1.71039158897474 5.35036373510957 1.37989164292812 3.99396764859557 1.62014749962837 3.14585448615253 2.18814419666305 7.91002567671239 1.72096641622484 3.24882056005299 2.08777759214863 4.98869132064283
99.0044 3.79725140891969 1.7576346822083 7.23717417195439 1.47548441998661 4.38046568073332 1.80636919010431 2.6922838576138 1.59692305531353 5.76816407963634 2.17553209643811 4.94055055081844 1.52598318075761 6.56963132321835
232.89 7.32306464761496 2.16603858917952 7.97561777196825 1.87395616928116 2.50353746302426 1.83433798439801 9.70633115805686 1.85184856466949 6.17428376153111 2.0274962278083 5.63648154772818 1.97627208707854 7.84117049351335 2.35815566889942 4.95853282697499 1.41909783380106 6.73664001002908
238.985 9.26576054468751 1.31941950591281 7.65592166036367 2.1294361166656 6.8053465038538 1.97204173495993 7.49411157146096 1.48336176835001 7.05888142250478 1.52361931642517 8.81315050646663 1.49680432267487 6.83321465179324 2.10535078775138 5.90934184379876
282.114 8.3463391829282 2.27848323509097 4.0247855335474 1.62083096532151 2.58611839450896 2.01063630897552 6.19950450584292 2.44762425702065 3.66958674229681 2.33449563607574 9.38033571094275 1.7442022238858 7.98835126496851 2.36669366797432 6.32938853465021 2.03420833600685 3.24542466551065
326.712 3.46472806297243 2.11685000117868 2.13729944266379 1.59116611052305 7.27605713903904 2.3894753578119 2.65274046547711 1.4231504580006 8.02590080350637 1.43232066659257 3.39171625301242 1.51992459949106 4.31409921497107 1.54016406284645 9.806161750108 1.64459243677557 9.01486511528492 2.40097653847188 3.50013357400894
351.579 2.5956348720938 2.20717640835792 8.52000614441931 2.46621372317895 7.32758314721286 1.59493849417195 6.87190839275718 1.33988402895629 9.97578226029873 1.97452820865437 6.30381164327264
409.086 9.19800758175552 1.69155707033351 2.52627251110971 1.36328094825149 7.06923397630453 1.53377966890112 7.61726002767682 1.73618351863697 5.02922927029431 2.17269988348708 8.11811986751854 2.40879429597408 6.90027342922986 1.87292866306379 8.07246818765998 2.24562683850527 5.09224854595959 2.47064042277634 6.41051091440022 2.35378673877567 7.2485469840467
413.727 9.64945611171424 2.34476752374321 7.88090647011995 1.40488431314006 8.87097182311118 1.7819153198041 2.52128298766911 2.15431052828208 6.84835695289075 1.51187963569537 2.10363661497831 1.45051155118272 9.22184873186052 2.26201564017683 9.30903231538832 2.0201287006028 7.49391801096499 1.76059483708814 2.794578300789 2.45952709568664 8.22643671743572 1.51095012174919 5.8498833887279 1.78299164697528 5.39925188012421
464.628 7.72188375517726 2.49184565991163 2.80461703985929 2.05363368578255 3.65463200211525 1.53066934803501 2.57939944788814 1.37099563013762 6.53671708330512 2.47995348665863 4.59090165793896 1.37937594717368 4.12527685798705 1.71434402875602 3.95959907025099 2.19451917801052 5.64476355724037 2.16919211177155 9.30879287607968 2.1756537985988 2.53884996287525 1.54124759538099 8.2906671538949 1.86234201313928 2.53883484750986 1.54012407083064 5.48941814526916 1.97830072054639 4.833994820714
496.037 4.31013185158372 2.2625589473173 7.40493018738925 1.44228411642835 6.70880273357034 2.47761703813449 5.63425024598837 2.24306741515174 5.85232247784734
535.758 4.58841494657099 1.47099491702393 4.08233883418143 2.45261118542403 4.31949222832918 1.40213845726103 3.85677582211792 2.43587617874145 7.40700980462134 1.95078123034909 8.9137844722718 2.2779955114238 6.5439361743629 1.57670430028811 7.75040941499174 1.63160543777049 5.24104949831963 2.19157775891945 3.2051036786288
569.565 8.23775350674987 1.92788273729384 8.82685467600822 1.85465612756088 4.89161743223667 2.34438357725739 8.87944318167865 1.80878498815 7.9178765732795 2.15364822493866 6.40706856176257
572.271 7.29354999959469 1.54695777921006 2.04438449814916 1.7940663815476 2.09391971305013 2.45065939864144 9.26228522695601 1.60599619196728 3.27785613201559 1.86028864635155 4.5149504840374 1.66729205409065 9.88537395186722 1.40380761632696 3.88352555781603
609.485 3.83109133504331 1.73442861353979 6.13323847390711 1.37198840118945 4.75519591383636 2.49939983868971 6.13747062534094 2.33355598673224 5.55582770891488 2.12597196688876 8.67469288595021 1.46171409888193 6.10674701631069 2.09841340053827 8.75914416275918 2.0185800973326 7.91107452660799 2.18695280216634 3.10358404926956 1.78985293544829 5.36921917647123 1.88810806563124 4.71424596570432
618.453 4.37386740930378 2.30348874637857 7.14137564785779 1.36054203230888 4.24102005921304 2.27270511118695 9.68892481736839 2.33831969052553 3.4678493142128 2.08337618829682 7.12885387055576 1.38112234771252 4.28729018568993 2.21014158651233 5.20338138192892 2.21784555800259 4.60760494321585 1.96790243908763 3.151950256899 1.40918196076527 8.51387738063931 1.69321551900357 8.11633205786347 2.16965194074437 5.20600368641317 1.31110549503937 5.5484848190099 1.58528260989115 3.33762233704329
622.41 9.04766990803182 2.49613722115755 9.24697795882821 1.45123907998204 4.19378148205578 2.21438472634181 3.79814620874822 1.47689153030515 5.57595716230571 2.24546057367697 2.57721786201 1.67568565728143 3.6559051591903 1.99511913387105 7.44181548990309 1.47743763951585 5.81992376782 1.77958005480468 2.81518966518342 1.86584531394765 4.73038655892015 1.41707308646292 5.9295532554388 2.04805069984868 2.36605070717633 2.35424029193819 3.3630047198385
636.191 5.80093200132251 1.80574374143034 3.87760750949383 1.72711802991107 2.64213306829333 1.4930574644357 4.93189760483801 1.33397887060419 2.38572120480239 2.25981841562316 8.70578304491937 1.4409588620998 3.82000949792564
640.601 8.98086401633918 1.66014277208596 9.52552598528564 1.60236272271723 6.8663942720741 2.20940286619589 7.53401719219983 2.24999962067232 3.99396343901753 1.53792515732348 7.62394412048161 1.53361635394394 7.62411780282855
686.055 4.74061943031847 1.83770080422983 6.64156243763864 2.18449107408524 8.71405155770481 1.37532987259328 4.00785612128675 1.5240535817109 3.32497335411608 1.70368632292375 5.67190997302532 2.21163665708154 7.58645548485219 2.20562770059332 6.53704779595137 2.14255812438205 5.29253648966551 2.09564816094935 2.83589060604572 1.39446532921866 8.20161830820143 1.38560697995126 3.70958834700286 1.65710215596482 4.45283671095967
698.838 6.07898786850274 1.69591417917982 3.38112284429371 1.69330125721171 7.82892945036292 1.6174438720569 5.87873031198978 1.84562205560505 2.99268993549049 2.49541898397729 3.09754578769207
709.703 8.28588315472007 2.06702731382102 8.12115372717381 2.14795537320897 8.64301423542202 2.09022895013914 4.91120061278343 1.53597898278385 7.359778823331 1.86216506138444 4.02556216344237 1.80799731947482 2.36030411720276 2.0408295259811 8.26333857513964 2.36999275013804 6.04199559614062 1.83113440703601 5.89152381196618 2.12998920632526 7.41362462937832 1.7717785526067 3.47914252430201 1.61270574452356 7.70448399148881 2.21021527545527 4.90665097907186 2.48433652296662 2.77410020679235 1.60748019758612 9.8215297292918 1.56885912138969 9.36535833403468 1.82597879953682 8.3906130976975
827.642 3.58024222776294 1.7240761263296 4.47904691100121 1.31044947113842 9.1830290723592 1.60435953792185 2.20854471065104 2.31747849956155 8.43668892607093 1.66255673812702 5.8084501568228 1.36162359202281 8.49845562689006 2.0420458513312 4.59286212362349 1.62151941880584 2.65579961240292 1.51484353560954 8.26375861093402 1.42535634720698 9.83157906681299 1.88361291717738 9.41799061745405 1.95500282980502 9.35845978558064
931.86 8.08873700909317 1.56130697382614 7.61010731011629 1.61882311897352 7.36697240360081 1.47126949783415 3.9220278263092 1.34317741338164 6.28468854539096 1.85873517012224 8.75620067492127 1.36388855352998 9.69850974157453 2.0457592414692 9.66605277173221 1.4891053551808 6.08537080697715
934.557 6.49525047838688 1.94971062103286 9.60426731780171 1.53522649547085 4.35898337513208 1.40409738542512 4.29291967302561 2.106556680426 2.97843517549336 1.61728689158335 4.08915736339986 1.72391857672483 3.07611548528075
953.545 6.87544548884034 1.86142586860806 5.05702811852098 2.02026379089803 5.06943223625422 2.3153786838986 7.88539056479931 1.80311179924756 7.14480701833963 1.96559174591675 9.42298669181764 1.6572853712365 8.80304572172463 1.95075480611995 7.64562002196908 2.25562122901902 3.94427339546382 1.46848674481735 2.06305952742696 2.39441563701257 7.99853475764394 2.33788494998589 8.51858339086175
972.284 3.70240116678178 1.33004061328247 4.95540160126984 1.69614569935948 7.1817170009017 1.6280068484135 2.97209345921874 2.35265469653532 4.22688343562186 1.46258318042383 5.84550189599395 2.20203769179061 3.01891986653209 1.81542248986661 5.2715171109885 2.41202012086287 2.66062154993415 1.76941436976194 5.64807608537376
986.75 8.52473108656704 2.4713119152002 9.3152804132551 1.31834131628275 6.71445198915899 2.42607884844765 2.65891679748893 1.52007735967636 5.3745644595474 1.85223886882886 9.14813331514597 2.00690452279523 6.13766498118639 2.16865517487749 3.94283657334745 1.53059070929885 3.57801255211234 1.55721946889535 5.49932142905891 2.18384281992912 6.7305195722729 1.59711124608293 8.77607340738177 2.31351140374318 6.96547411754727 1.94206627393141 4.94409025833011 2.31611932814121 7.18418380431831 1.47321427119896 2.25606135092676 2.49654839932919 4.11849077604711
1036.96 2.77494177222252 1.82520113131031 4.6059288829565 1.76532319160178 5.40207932889462 1.3827185635455 6.94019076786935 1.39603633256629 5.66879341565073 1.72004398722202 5.78952164389193 1.97991905817762 4.27936133928597 1.6579338259995 9.13630174286664 1.5414614604786 6.51667590625584
1093.37 8.16990998573601 2.156026519835 5.54933436587453 2.06396161094308 7.0274105258286 1.83874812135473 5.38403505273163 1.65822082599625 3.51355617493391 2.3755081304349 6.22965579107404 1.739786224626 8.81776667945087 1.80913171758875 6.79964710958302 2.16539078177884 5.17877634055912 1.64039256656542 3.19848557375371
1121.08 3.55089189484715 1.41034413455054 6.72708930820227 1.32931119129062 5.94336834736168 2.07661653235555 8.37348899431527 2.39569041663781 5.94723579101264 1.93577834898606 3.52824857831001 2.24266463927925 6.90210190787911 1.30677469838411 5.0699231736362 1.70971081750467 5.06932544521987 1.6075044805184 7.3576179035008 1.48417299771681 6.07534727081656 2.39967341683805 8.52904440835118 1.76852402025834 2.69441175088286
1132.49 9.84931041300297 2.48678168589249 6.69930133037269 1.30399661855772 4.98430449143052 2.37401561634615 2.04755721800029 2.01458909548819 5.18509266898036 1.76975237531587 4.080447005108 1.64627105761319 3.51108345575631 1.90402663135901 7.96983253024518 1.78064755387604 6.25374884903431 1.48946717344224 9.61355459503829 1.69553938796744 4.86060414835811 1.64925142629072 6.39278360642493 1.99493686016649 8.48507815226912
1144.75 5.53369223512709 1.31647022655234 5.34075083397329 1.38539025271311 6.06246731430292 1.73675631051883 8.46602704375982 1.53309537423775 9.48148065246642 2.05325989509001 8.34183338098228 1.74598091319203 4.40754359215498 1.89130701255053 9.40915099717677 1.79061529804021 6.46081019192934 1.64695608904585 4.3307600133121 1.33296603271738 8.34945254586637
1166.15 4.84422146901488 2.15312284976244 2.04452334158123 2.2707511568442 6.21577790938318 2.24084229450673 9.87198369763792 1.94470956018195 4.17039736919105 1.4394023982808 9.29311911016703 2.28013746431097 8.09730054996908 2.44463739600033 8.67225929349661 1.57693873010576 2.12063196487725 2.21406771438196 3.6076309364289 2.45657978327945 7.82826648280025 2.43506393712014 6.95892386138439
1223.54 3.89137332327664 1.96092274840921 4.74236907996237 2.34056070772931 7.20194455236197 2.0597525591962 9.10186420939863 1.39401520369574 7.19643833115697 1.83683134885505 2.40089252218604 1.48449716223404 5.80938290059566 2.21760669052601 8.11749904043972 1.78278096755967 8.55145819112659 1.66605595164001 7.60220563039184 2.24329275870696 3.97404682822526
1227.25 2.1682368721813 1.51502244649455 8.78938781097531 1.58873332682997 3.1051807962358 1.61136069269851 4.88884178549051 2.11501681804657 4.08685576729476 2.14074999056756 4.2410422898829 1.84904425507411 2.87032575719059 1.93849646998569 8.10549744777381 1.65713771563023 3.29975579492748 1.94082153532654 2.54327666014433 2.1305599055253 8.4950157366693 2.00639356309548 5.71088782884181
1233.49 8.46682818420231 1.59184418804944 7.12973838672042 1.71023868657649 2.3545173946768 1.92083624564111 9.70435116626322 2.01278982777148 8.80711778625846 2.21341714346781 9.43007919378579 1.83108978988603 7.63210044801235 1.39196772882715 6.91834882460535 1.75160963721573 8.85464761219919 2.37532832967117 6.15715052932501 1.70928085269406 7.50134525634348 1.66647478332743 4.80692018195987
1341.93 2.72225674241781 1.97565141860396 6.10377545841038 1.74679376026615 8.35627775639296 2.43424391234294 8.75087688677013 1.71694260314107 5.63783664442599 1.80326497741044 8.8396794423461 1.67482417644933 5.77074129134417 1.37223555948585 7.33328085578978 1.89648929126561 8.89954198338091 1.3173729502596 2.24386298470199 2.38402149509639 8.39329634420574
1350.44 2.18036026507616 2.16620599338785 3.96271046064794 2.33914426360279 8.08844632469118 1.90345702795312 6.39324801787734 2.20022124508396 2.01675908081234 2.17166078398004 3.98745562508702 1.65905473344028 6.97320199012756 1.6557157064788 6.05173642374575 1.54647735981271 2.97186723537743 1.48311599865556 2.53644420579076 1.76118024541065 7.16438122093678 2.04121772991493 5.60260966792703
1367.58 8.85769315809011 2.14415391189978 7.29395298473537 1.57636963268742 3.45233972370625 2.3215971368365 8.85653857141733 1.96886686030775 5.32468468695879 1.35030619772151 9.76801954768598 2.36382355764508 5.70920834876597 1.35864730337635 3.66288597881794 2.3229969621636 2.84086356684566 1.85119469519705 8.99938983656466 1.86412819698453 5.45033087767661 2.44581001140177 2.51322464086115 2.10587411383167 5.2723436653614
1379.01 9.53630881011486 1.62593390541151 9.91315793804824 2.01609346969053 4.38771087862551 2.4661149575375 3.56984684057534 2.48247606484219 5.79924609325826 2.41078617200255 4.12411995045841 1.97976376246661 9.18871299177408 2.0733818220906 8.61537613347173 1.34870757181197 6.27063119038939 2.29819748140872 5.4769905153662
1390.95 2.38763553276658 1.84075801679865 8.55054338276386 1.95550312381238 4.37796645052731 1.70465819118544 9.16482648812234 1.35506599331275 4.02732208557427 2.12587531181052 7.2944350913167 2.19162242775783 7.90115526132286 1.34896658575162 3.84081709757447 1.42195208920166 7.3631879966706 1.48125160159543 9.25214607268572 1.6306213981472 8.32399850524962
1456.36 7.41465422511101 2.14264117535204 2.38252469338477 1.86739038592204 4.11408900655806 1.76159161860123 2.2179415281862 1.70611405791715 8.98188444040716 1.39240847444162 5.74789070151746 2.48954549385235 2.0527547057718
1469.07 9.6741871535778 1.55772997988388 6.17230622842908 1.72642702832818 5.11130446195602 1.32519475147128 6.26377606391907 1.94005065057427 6.16522989235818 2.36528739891946 5.75635124742985 1.37574528725818 9.49027081765234 1.47429523412138 6.66642549261451 1.88295948803425 2.7021920029074 1.32591832792386 9.23398203775287 2.47791842203587 9.36071559973061
1479.78 5.82145703583956 1.88491038940847 2.96405124478042 1.9966889324598 6.35252872295678 1.88139234818518 9.81116355955601 2.27807870740071 3.33207866735756 1.6062683140859 8.76828780584037 1.63738660374656 6.99705100245774 2.47353393035009 3.80856724455953 2.23782254233956 2.25296072848141 1.96228148089722 2.94523152336478 1.5395657595247 2.19544866494834
1506.18 2.14654298871756 2.43574190288782 4.38570266962051 1.96373065132648 2.55043821968138 1.579690108262 3.93623221665621 1.32803862504661 5.71942045912147 1.41479814294726 7.86664547026157 1.90005964171141 9.92446359246969 2.33567205546424 8.59082680940628
1511.14 7.74160901643336 2.46536763878539 2.68161461316049 1.67897623069584 7.50754011794925 1.77070142719895 9.91897453740239 1.67617313200608 5.23213784582913 2.42346634222195 8.42413660697639 1.38453561570495 3.76704793982208 1.8129027380608 2.00834355317056 1.80086157759652 7.0742391590029 1.53275948148221 7.38933850638568 1.67793810321018 3.86148864775896 1.41425735624507 5.94957303069532
1520.47 7.91807771101594 1.47744681546465 4.38591366261244 2.11555933589116 5.88674747757614 2.19865229837596 6.17355787195265 1.98183983499184 2.87151369452477 1.83312774877995 6.48745023645461 1.97580160219222 5.15879597701132 1.53104225639254 8.16723751276731 1.91845261510462 5.59217636659741 1.34714467488229 6.89711700566113 2.16719123469666 9.98931210674345 1.83733371654525 7.01861171238124
1525.14 8.23515368811786 1.81639344030991 6.83443312905729 1.44931295327842 2.1967781484127 1.63293464472517 3.61419911682606 2.04286979241297 5.94620493613183 2.03356578433886 5.55799990147352 1.39480775119737 7.23329609446228
