# Using the following values to generate the workload:# num_procs = 50
# mean_io_bursts = 10
# mean_iat = 25
# min_CPU = 1
# max_CPU = 2
# min_IO = 0.3
# max_IO = 0.5
15.7033 1.48171643260866 0.390563679672778 1.81459394656122 0.406059071887285 1.85365219274536 0.307398317242041 1.46112298616208 0.405467552412301 1.17114312108606 0.32791902590543 1.63613655837253 0.455632376577705 1.33805855130777 0.494117684056982 1.93186580459587
68.9025 1.91056903661229 0.47882815329358 1.06362357200123 0.325309373717755 1.57923272834159 0.493131983838975 1.93645170959644 0.479987889667973 1.1645158350002 0.331527391681448 1.26876237546094 0.428003918426111 1.52573503414169
122.615 1.57650173990987 0.387458790326491 1.33006308064796 0.368108218349516 1.53969401260838 0.441647788509727 1.13973253360018 0.425019365549087 1.56866963417269 0.477292650565505 1.61300516570918 0.465227986499667 1.62556163151748 0.412932232720777 1.1166370306164 0.325859298510477 1.29958890518174 0.428239812189713 1.08450832543895 0.420217952039093 1.10898891207762
142.044 1.09896170115098 0.429947825800627 1.67100379080512 0.483500660490245 1.87045481591485 0.365607658307999 1.19422298902646 0.49322420200333 1.31959433946759 0.488383962586522 1.51695126923732 0.37792543489486 1.50175751140341
192.989 1.8079084972851 0.313990512490272 1.31166784255765 0.412153610959649 1.69556581554934 0.307356794225052 1.05342539586127 0.412222998635843 1.79018499748781 0.349408777896315 1.64968128618784 0.384174274140969 1.54668927169405 0.457060601050034 1.07848459249362 0.411478757718578 1.21926253801212 0.421710168849677 1.80867064814083 0.403609445877373 1.59520330023952
212.729 1.85675475094467 0.339808360207826 1.41861218470149 0.49325870978646 1.44098551338539 0.464389730384573 1.56166436593048 0.402927653398365 1.24087066552602 0.376600681059062 1.94009971315973 0.340963431727141 1.11918891593814 0.30702584204264 1.49965812498704 0.33204345186241 1.56701415032148 0.467426729109138 1.03582826978527 0.492104359064251 1.64912790246308 0.468384033208713 1.84844202804379 0.369476363202557 1.36807550373487 0.41920748995617 1.33374821580946
223.748 1.81741441856138 0.388551392965019 1.62321093562059 0.466105188801885 1.48280014120974 0.371896059717983 1.95903060073033 0.491886246437207 1.90531903295778 0.419406195031479 1.22211268777028 0.456049777753651 1.48515181732364 0.47947841710411 1.53267404250801 0.366720644850284 1.34494573133998 0.335029792552814 1.67635486158542 0.409910468151793 1.36117550730705 0.342100408114493 1.12606923514977 0.3762465483509 1.0859260961879 0.352887804992497 1.95766729675233
264.623 1.09908147342503 0.44015491232276 1.8923969164025 0.335005635302514 1.2191313339863 0.373847327940166 1.26599262817763 0.325673024728894 1.23018671711907 0.495430021779612 1.43766588671133 0.480507475323975 1.25683364574797 0.385382975498214 1.82770339562558 0.304632207145914 1.45613128389232 0.405075059877709 1.79775271960534
275.664 1.15224747173488 0.336003811145201 1.14399499585852 0.351998749934137 1.4556348156184 0.420109010441229 1.42765969480388 0.338991010282189 1.23847818584181 0.438820567913353 1.6202251536306 0.344638696080074 1.37738717487082 0.313938130857423 1.13623356679454
318.445 1.51101782545447 0.3916109806858 1.56433510850184 0.315682617668062 1.87436992744915 0.368819763045758 1.23840617551468 0.338894999725744 1.0924689034 0.452936417842284 1.57748437137343 0.343535521673039 1.23422528617084 0.327626525610685 1.57050212076865 0.335435428237543 1.34962254343554 0.467541277129203 1.93973096949048
333.216 1.76730670733377 0.488265994284302 1.1532299532555 0.374046983895823 1.13679296150804 0.429243364883587 1.26610635104589 0.399640251835808 1.82875278173015 0.48176482222043 1.48796357843094 0.446837359899655 1.15305394632742 0.490184574713931 1.96877396781929
333.427 1.87556922296062 0.439187049027532 1.31018927134573 0.478564461972564 1.60672075976618 0.387584360223263 1.99364268034697 0.438478431291878 1.39659289922565 0.330442075338215 1.28208797355182 0.348541439184919 1.51229650597088 0.485304600885138 1.9105195729062 0.425514195533469 1.48883860814385 0.316513207694516 1.4299891369883
362.99 1.97170781134628 0.360406081657857 1.05183510459028 0.370335433306172 1.90738315833732 0.390493366587907 1.84398745163344 0.374252081289887 1.05071238917299 0.366496360348538 1.2394981966354 0.401071059796959 1.73465993395075 0.495252855867147 1.39135658671148 0.469492566632107 1.03144244174473 0.347518673771992 1.79439530684613 0.402854937128723 1.46950731799006
393.912 1.93995950021781 0.342866315180436 1.19759513204917 0.450523434905335 1.94658279768191 0.414018306974322 1.14895587740466 0.455360135110095 1.42904207087122 0.378595308400691 1.55360375763848 0.480599976424128 1.46695453859866 0.497329060034826 1.97490019164979 0.347388995718211 1.92179197212681 0.47221340239048 1.88485847273842 0.367705794610083 1.41789799160324
398.93 1.46590994438156 0.460811215359718 1.77514765667729 0.484436554042622 1.9949339798186 0.425513878790662 1.02158485143445 0.322725473577157 1.51950343884528 0.419290350424126 1.04171279235743 0.423451499221846 1.6253682281822 0.370263219391927 1.33977725333534 0.461836410081014 1.66831336473115 0.426554614678025 1.53282978828065 0.431026811897755 1.99242667970248
423.028 1.83157151122577 0.409420883189887 1.54049627343193 0.456316070118919 1.66845531528816 0.310569381574169 1.84295562608168 0.485550644667819 1.11408150102943 0.334933732077479 1.40275562158786 0.315304963849485 1.93661566032097 0.336071074754 1.65534532652237 0.376650103135034 1.01363449380733 0.345174640603364 1.93551423330791 0.476599134178832 1.74987471150234 0.484904092829675 1.77139924885705 0.483608860475942 1.93199110962451 0.429205842269585 1.44381207134575 0.49832224259153 1.19387936778367
437.189 1.82304809335619 0.421910420572385 1.85407044040039 0.339746694313362 1.06503105349839
507.336 1.68895469675772 0.301547454018146 1.85887471144088 0.470291916513816 1.73532769829035 0.48342483905144 1.90033602924086 0.362437417265028 1.68315428774804 0.400783182866871 1.16827876958996 0.406316682742909 1.35943583445624 0.358345598122105 1.3563965561334 0.437158745666966 1.3499700401444 0.478232444962487 1.52047306369059
544.309 1.17048440431245 0.455274073174223 1.73025838355534 0.44396956297569 1.24188013467938 0.303152158949524 1.03417013096623 0.454918536823243 1.89956758613698 0.403665744606405 1.96338278683834 0.325027499906719 1.23958344431594 0.451861943071708 1.42390865692869 0.413607045216486 1.26613012142479 0.489072039490566 1.19750049919821 0.316178834391758 1.30634129792452 0.424813880585134 1.25090833567083 0.426688347803429 1.15349166444503 0.487801999319345 1.76260465243831
558.144 1.45576863107271 0.326454966142774 1.59076075302437 0.344971796218306 1.8623148528859 0.404494592035189 1.26309096696787 0.396215639449656 1.93042994127609 0.475053077377379 1.9695191392675 0.451053003361449 1.13523626490496 0.491991437226534 1.69364405679516 0.44130644807592 1.07907866104506 0.305373345362022 1.35163395339623 0.390341380657628 1.87944893236272 0.427429273491725 1.7869659923017 0.343476556520909 1.23073704913259 0.364329529087991 1.01807671179995
561.65 1.59105711453594 0.425287414621562 1.10434694378637 0.392344880430028 1.4650546242483 0.49337462047115 1.12960751238279 0.477271202486008 1.11986401700415 0.497499869484454 1.72033269237727
564.754 1.60126166627742 0.473215682385489 1.71549964183941 0.370319353602827 1.47887529083528 0.472506291233003 1.56577639700845 0.460141714895144 1.71803600993007 0.430573282204568 1.79011085256934 0.397486653830856 1.32564836647362 0.49785527298227 1.77996418369003 0.44313630759716 1.15305791469291 0.364181567681953 1.15647778729908 0.346751908864826 1.68463610019535 0.461478995764628 1.77224357239902
582.586 1.15851566125639 0.335422963416204 1.2749792104587 0.301017499668524 1.40999454632401 0.354464709293097 1.30403797049075 0.318745873030275 1.11978137190454 0.40555222784169 1.42191012366675 0.319102459354326 1.85054203518666 0.341964198090136 1.77909242967144 0.498924756096676 1.09356872667558 0.474023278523237 1.18756200745702 0.351062476495281 1.11395375966094 0.486507248925045 1.88707804330625 0.32676581046544 1.79449298442341
584.323 1.86841310746968 0.33485590275377 1.61056701210327 0.413837876264006 1.87372850719839 0.459492822829634 1.7448771330528 0.325328690139577 1.81440449948423 0.31193808959797 1.69363489141688 0.459393872600049 1.06449052249081 0.474724499834701 1.77327648852952 0.323259470099583 1.92871097032912 0.371580896666273 1.74441605852917
594.722 1.20614107954316 0.377642236975953 1.95574717130512 0.424832487711683 1.61434116540477 0.423700489429757 1.98453785083257 0.432682027481496 1.64597697509453 0.428726009093225 1.0383557099849 0.36580159990117 1.58901893114671 0.498910395987332 1.45365542336367 0.351614645402879 1.39314812398516 0.385614139400423 1.99513511732221 0.458605520986021 1.76077453512698 0.427923642238602 1.60528760566376
610.783 1.44420485198498 0.369803712330759 1.94740068400279 0.394814279768616 1.42359417793341 0.415426102187484 1.44454795564525 0.318263469357043 1.50999695528299 0.445901021175086 1.31928024627268 0.344576455792412 1.75605542701669 0.319684674451128 1.56070094322786 0.40210612853989 1.54921580455266
614.872 1.19282348570414 0.458063099859282 1.14750498579815 0.356725020613521 1.00054085673764 0.364593382552266 1.52222813433036 0.44208280723542 1.28744932543486 0.440952969295904 1.57108259876259 0.308478998253122 1.78817841806449 0.496212203614414 1.5452816626057 0.303985538054258 1.05485663143918 0.36733721178025 1.81446157163009 0.497218029061332 1.67687333398499 0.485411172453314 1.59373525297269
631.81 1.19621379300952 0.41720686047338 1.33370176656172 0.338773181522265 1.58745541586541 0.349681358318776 1.50765335210599 0.441380521701649 1.15143480570987 0.40785563387908 1.90558753581718 0.44546820432879 1.4163041128777 0.370321994554251 1.18242651945911 0.417968393070623 1.15162044507451 0.406907399650663 1.76673394185491
644.005 1.75426986743696 0.381410364015028 1.36043545138091 0.465959321986884 1.53852488636039 0.41364396144636 1.18235626118258 0.489308840921149 1.25981345074251 0.398133346159011 1.58141056564637 0.417907161265612 1.82927717012353 0.450161586562172 1.14007980329916 0.304056271864101 1.58425392466597 0.420372914290056 1.70710950437933 0.450845228973776 1.77469570399262 0.491044491482899 1.15432746452279 0.437338632950559 1.2496687232051
670.169 1.74859885685146 0.369636381231248 1.23390784393996 0.309703546296805 1.44172278582118 0.48711815206334 1.62881732406095 0.380112887453288 1.6609706915915 0.489294259343296 1.44039988098666 0.384142963262275 1.89724170975387 0.497132101794705 1.47015869244933 0.46913860887289 1.91969402693212 0.389241947187111 1.88590437406674 0.467550268583 1.26377211324871 0.413614394003525 1.89587915479206
682.173 1.70008456869982 0.484014393435791 1.74253042251803 0.362730287062004 1.81529722246341 0.339038790017366 1.43296978273429 0.333683869196102 1.78272861661389 0.324986862717196 1.80494299111888 0.439196517458186 1.59867601003498 0.351151468465105 1.34360881289467 0.493897775933146 1.29187263315544
717.166 1.74119054176845 0.373872093390673 1.30099398735911 0.340131500270218 1.5656496938318 0.349132329598069 1.15944682015106 0.396492438996211 1.77177503635176 0.467944438755512 1.62157353246585 0.473715050937608 1.67371509619989 0.495682812575251 1.72547040390782
748.532 1.10840889601968 0.463872532686219 1.41593468841165 0.435138040781021 1.59457040484995 0.470875046635047 1.49936198326759 0.379838210018352 1.46335784019902 0.434459341876209 1.09746383083984 0.446229671034962 1.5050197946839
780.022 1.22793109645136 0.485258637042716 1.46031542029232 0.460540168778971 1.94757989351638 0.410449358774349 1.10720487032086 0.342734277248383 1.43216277938336 0.312531212251633 1.72622038028203 0.344130581151694 1.65426027658395 0.473182298988104 1.21770311635919 0.476708952523768 1.59495776076801
816.388 1.90334661025554 0.488420466473326 1.52574230567552 0.409700453933328 1.65067235776223 0.469854006497189 1.49423543806188 0.351966125331819 1.41089908126742 0.445523603400215 1.48431022977456 0.398535384330899 1.3731256974861 0.318974788160995 1.8730348974932 0.354783331463113 1.6716893077828 0.416330685606226 1.87558715185151
828.989 1.30481973662972 0.323177441395819 1.58355381363072 0.447447015950456 1.06646041362546 0.445849510515109 1.58373367507011 0.445242511853576 1.7249364554882 0.476698182942346 1.973945642123
843.782 1.84654319449328 0.381989480322227 1.34734479989856 0.476589549239725 1.22290008701384 0.450841826014221 1.92872354784049 0.445729412930086 1.10115027055144 0.336910283192992 1.63331822259352 0.452925366396084 1.06536443671212 0.335836592037231 1.52481279801577 0.397210586629808 1.85152117186226 0.314279989525676 1.44934098492377 0.485742721008137 1.25412465562113 0.318485602084547 1.97834572382271 0.450962126115337 1.73652254138142 0.479708005022258 1.38122672215104
881.087 1.29912853427231 0.326299798721448 1.86780954222195 0.42510627694428 1.12077453220263 0.328242022544146 1.33596595888957 0.323782635899261 1.46242677746341 0.373102378938347 1.56340265506878
899.56 1.27534865518101 0.309348389552906 1.63189556635916 0.449089863710105 1.69228439033031 0.449558313703164 1.00533424504101 0.310000622738153 1.82515426585451 0.476187398284674 1.30557731818408 0.487163538997993 1.50737143028527 0.398735240101814 1.18301063962281 0.485561763122678 1.76436018524691 0.402895920723677 1.78750812634826 0.455289449170232 1.2791197556071 0.309955491358414 1.97161258221604
915.543 1.43300230894238 0.403181919688359 1.45339279691689 0.456462562968954 1.76288140565157 0.433477223105729 1.37814011680894 0.407378181256354 1.6737067126669 0.300569034973159 1.34600229049101 0.31399641437456 1.6213487398345 0.476905404450372 1.77884057001211 0.369265196798369 1.9112743565347
923.882 1.76089661521837 0.497584218205884 1.61599995894358 0.423111375700682 1.81669328990392 0.337871923204511 1.6603186049033 0.391704610129818 1.95865085232072 0.329012445220724 1.6827049376443 0.379065983882174 1.45622479799204
925.921 1.42503718682565 0.434291337104514 1.46455615991727 0.313539611827582 1.4157286407426 0.338478166935965 1.89945008186623 0.341374399140477 1.05601778859273 0.468020836170763 1.3354346412234 0.374773582490161 1.48306803475134 0.474526919936761 1.86251632100902 0.330531189590692 1.25986659061164
931.282 1.19764167396352 0.350315941963345 1.08892368874513 0.476495503820479 1.6910355265718 0.327827767655253 1.45006269798614 0.32771956291981 1.02071093465202 0.476544254785404 1.85193919669837 0.350287693319842 1.0407197016757
949.685 1.86847785231657 0.477396158641204 1.43784314440563 0.492575293127447 1.14559505181387 0.435428245505318 1.83507828530855 0.301598844164982 1.52529709599912 0.339723815303296 1.61604401585646 0.416471078852192 1.80642396723852 0.334661511797458 1.06630277936347 0.477129925973713 1.71716251270846 0.382023708382621 1.73915861360729
974.112 1.91711718891747 0.394982455624267 1.54433409078047 0.353650945005938 1.34861139324494 0.350073867058381 1.2972820578143 0.318742072768509 1.76045160600916 0.454853807063773 1.10347170406021 0.348503695102409 1.5718979628291 0.342504734033719 1.7486705686897 0.472679611761123 1.19705627206713
1051.67 1.8967371461913 0.481220462080091 1.51277470076457 0.312913903733715 1.05214462475851 0.460636177938431 1.41538504394703 0.343139472138137 1.88003694522195 0.319000287307426 1.19267790671438 0.490143969049677 1.24043316580355 0.304877215111628 1.45762323169038 0.34616166590713 1.36696296348237
1104.95 1.86994970636442 0.415111115621403 1.64435982936993 0.499519542045891 1.48217434738763 0.367680152226239 1.27076408686116 0.487581396568567 1.76409032777883 0.420661298418418 1.22643906110898 0.491897067427635 1.04490146436729 0.456537304306403 1.1664415190462 0.425095830578357 1.13655915320851 0.490582732018083 1.77301804255694
1110.54 1.20644269115292 0.404113445756957 1.25923624285497 0.45671911793761 1.64617507392541 0.31343969386071 1.84867568779737 0.309884051140398 1.44728314643726 0.394621181581169 1.90281289652921 0.454423733567819 1.51046139653772 0.336548854503781 1.46084430674091
1120.09 1.37594240461476 0.332534220488742 1.17750186123885 0.397056316724047 1.26721691153944 0.385380635131151 1.24423156329431 0.314255043817684 1.09536650963128 0.394398922240362 1.80079195881262 0.332379397796467 1.21489067934453 0.438352984469384 1.18375479592942 0.390298985736445 1.57573231868446 0.365817119646817 1.32184189325199 0.408769259508699 1.81454188539647
1125.48 1.87312488420866 0.376136172330007 1.7579971018713 0.487427625106648 1.57745007006451 0.364544362854213 1.03918175282888 0.362835907610133 1.84324668743648 0.379553862242028 1.6449134259019 0.361598579538986 1.93588258512318 0.398435018025339 1.52496225317009 0.417973236273974 1.83932054135948 0.300182859320194 1.48754069092683
