# Using the following values to generate the workload:# num_procs = 50
# mean_io_bursts = 10
# mean_iat = 25
# min_CPU = 2
# max_CPU = 10
# min_IO = 1.3
# max_IO = 2.5
4.74857 7.07728866115212 2.18014347981662 6.24697970971465 1.31147575695068 3.65044771693647 2.25460212007165 6.43339964561164 1.72518906453624 3.99237353727221 1.56190199088305 7.04815278574824 2.07542735207826 4.54427273385227 2.37476287223399 9.60821421258152 1.63475734824315 7.75734078139067
30.0207 3.61423069424927 1.70343018872663 2.56216753832996 1.78662296403199 6.15286999940872 2.02898730831221 4.07650660723448 2.42642109803855 3.72630158625543 2.39046362135559 5.82340712659061 2.0222325373441 2.61741833761334 2.27297449437901 8.88207959756255 2.11682244874537 7.95991691574454
39.9386 9.76487580314279 2.43632478239015 6.98831722140312 1.32850171541795 7.61866644397378 2.2644029266201 5.94297028519213 1.5168948658742 3.80137410201132 2.36856543775648 8.73876765370369 1.45800670543686 8.80154633894563 2.29333025244996 6.80155098438263 2.43816195167601 4.11897824704647 2.4429458851926 8.08106751553714 2.05868338905275 9.87513550370932 1.34727703491226 3.43689952977002 2.36551792165264 2.05824134871364 1.60072512961924 5.88150344975293
90.5298 5.83483575284481 2.07208432527259 6.61257976293564 2.40662443218753 8.04016048274934 1.44996079923585 6.87595516629517 1.41050414005294 7.24333120696247 1.80964394854382 8.87916579097509 2.01104817641899 9.64780649542809 1.45881659733132 2.18586570583284 1.47204825682566 8.93465911224484 1.71294593904167 8.51863415353
102.483 7.30275748111308 1.81352211432531 6.84367723576725 1.77971602268517 7.89946126751602 2.14793142890558 9.53011318482459 2.45013837646693 4.47873746231198 2.24735161848366 7.6671624854207 1.34543304555118 5.77062219567597 2.27143341498449 9.70016747154295 1.61023810915649 7.10885907523334 2.23829570664093 5.67759494110942 1.66225048741326 2.09229173325002 1.40296343909577 4.80757527239621 2.46760036433116 9.91044741123915 2.20516072409227 8.62069841101766 1.50343795865774 5.71473190933466
114.473 9.63328958302736 1.61603477019817 6.34648739174008 1.8303604693152 7.29810751788318 2.3505817825906 9.25971982441843 2.25999703202397 3.07682401500642 1.63362228572369 3.44233210384846 1.81128383744508 5.86800476722419 2.37512959334999 6.33326640725136 1.50819853935391 4.50602495111525 1.79960681255907 4.65577640384436 1.56930196722969 6.54951808601618
128.066 4.8784360550344 2.40120459720492 9.76027671061456 2.24681494003162 6.63871732726693 1.78870938150212 3.84817001782358 1.66843718579039 6.26831681281328 1.46551089063287 9.68345405906439 2.41607291381806 6.42886454984546 1.31305339457467 3.92424750514328 2.35142293507233 5.92377394624054 1.71344621321186 7.90827957727015 2.05863668704405 2.06037372909486 1.9671704178676 3.93367285840213
147.73 2.57027554698288 1.30406997725368 6.0175415892154 2.40567117678002 2.14692623913288 1.42900708401576 5.9324844237417 1.39138347748667 3.84512089565396 2.35458880839869 3.66281982697546 2.46767782373354 4.36108552291989 2.23940915614367 6.54888838715851 1.46807986572385 8.01008558087051 1.62683005910367 9.59051346592605 2.40043242610991 4.51366857253015 1.31083697322756 6.46848544292152 2.13912458587438 9.50649556145072 2.39502197885886 2.46322153694928 2.09988540131599 8.37564863450825
166.708 5.0229830276221 1.3003146186471 8.0978697296232 2.3212379463017 5.50198447331786 2.1795331409201 6.91720541194081 1.75434840172529 3.11020332574844 1.63058643946424 7.22499900311232 1.61077075283974 7.2836929038167 1.53244547946379 9.74449702352285 1.87012903559953 7.54703136533499
230.488 8.61275930702686 2.33211764153093 3.63702900707722 1.50790181495249 7.10066433250904 1.43436554502696 2.18095098994672 2.30552777145058 3.05446741729975 2.28301991252229 5.61346722021699 1.90224449569359 6.80148278549314
240.567 9.82923325896263 2.46976858023554 6.14034415781498 2.42030498059466 6.76314334012568 2.30698386561126 4.1967994607985 1.72411241494119 9.45620336942375 1.44566149450839 5.53120295703411 1.49181427676231 5.56421429663897 2.00031386082992 6.06843962147832 2.4804070870392 6.13759560883045 1.78717905245721 4.35217664763331
286.438 8.13689620606601 1.79251775480807 7.5268043037504 1.95561969876289 7.77286553196609 2.1776712612249 3.4988459572196 2.22123294044286 5.76727971620858 1.41993771949783 3.42117178626359 1.91009595682845 9.90557823516428
296.466 5.93798772618175 1.73616843177006 8.0944754332304 2.17285022074357 3.10711854696274 1.69491812214255 3.96868553571403 1.47436694130301 7.04950218088925 2.21278301617131 2.59807546436787 2.09666477097198 9.57668584212661 2.18867003535852 6.63490237668157 1.54331860523671 2.11381040327251
304.662 4.56469004228711 2.14451535241678 7.50304683856666 1.90942155756056 5.22070901095867 1.68311163065955 7.2502325437963 2.17220319425687 6.46995799802244 1.52690740711987 6.36346084624529 2.48820892143995 2.08620307780802 2.35290479296818 2.2547334805131 2.2187532890588 2.05406379140913 2.49939050879329 3.98688477091491 1.89745731055737 8.66386697255075 2.18908811016008 6.82039268501103 2.36746614277363 3.41071124002337
313.329 5.67963927797973 1.96817056806758 6.20087771862745 1.49003658853471 6.82167569547892 2.1741447204724 3.80256963334978 2.16161116259173 6.21122754178941 1.6978533112444 8.09954590164125 1.35086468951777 9.14946819655597 2.05621504597366 3.21612454950809 1.98537373896688 9.86253786832094
313.832 9.93233148008585 2.23273825058714 5.59501372091472 1.44697366831824 7.7266570199281 1.62537529822439 2.2885215152055 1.72581460513175 7.95235829986632 1.92726884949952 6.89539454691112
323.419 5.71217740140855 1.53953389655799 5.35579700767994 2.11046956041828 5.46821561828256 1.37588125541806 7.71616444736719 2.39937903685495 5.18377655372024 1.6039892363362 2.8183328025043 1.62781164897606 4.45921211503446 2.23121360838413 4.52820280194283 1.46543747466058 8.62069805338979 2.20958551205695 8.87722388282418 2.01682445630431 2.71604201383889
345.37 8.63458914868534 1.8129207870923 9.76279592886567 2.16604272564873 7.45340923964977 2.19156987238675 9.16087388619781 2.10366226928309 3.136733263731 1.81622149897739 2.53284997493029 1.76782867489383 6.62819292210042 1.93152724467218 7.09976580366492 2.41606241436675 5.90396333299577 2.12636367809027 4.34515234641731
363.408 4.49772835150361 1.45645896494389 4.14217950217426 1.53699006605893 7.88411728665233 2.47396952779964 7.37135788612068 1.57417892981321 7.85987890325487 2.08146102456376 6.897056594491 2.33568797437474 9.77279812656343 2.10972792040557 4.52693521231413 1.78553755003959 6.98123092018068 2.01505327466875 2.88755956850946 2.00154965175316 4.32645030133426 2.41273474069312 5.10847549885511 2.15751066124067 5.22706457786262 1.9151020093821 2.8476771786809 1.79321334380656 4.7944931872189
404.437 9.632972471416 2.38838970800862 5.17620346881449 2.33892930997536 4.59012501686811 2.23913221806288 4.44677372649312 2.29434972573072 2.61584525741637 1.98673728043214 3.57157889567316 1.40545041011646 6.08877894282341 1.89498562952504 2.3251481410116 1.92448035879061 7.79282177239656 1.94517309535295 7.72931091301143 2.04070515222847 8.25148898363113 1.82342530218884 8.5101182051003 2.19602276515216 7.78682800754905 2.2522229352966 4.70559000596404 1.42130699725822 8.12629137188196 2.47066227970645 3.72878879308701 1.79467098806053 6.21494258195162
436.075 3.48575632460415 1.90497800642625 5.28084760531783 2.08030337560922 6.29722843132913 1.82095598932356 2.17716233059764 2.41947105163708 2.99782890640199 1.97607016926631 4.58032181486487 1.47239932697266 4.08044406026602 2.130428474769 2.0921874102205
440.186 4.93791633658111 1.8077811697498 5.10427612811327 1.77090775137767 5.48814712651074 1.78584303352982 3.79583641141653 2.01444392846897 9.06766494363546 1.59209469016641 4.71072064712644 1.52478771237656 2.16965752281249 1.4911684025079 5.80610664561391 2.208017132245 2.61228373833001 1.39265404045582 8.35695878788829
473.885 9.80836568586528 1.42806568061933 6.21590453572571 2.14346748627722 6.5007454585284 1.59085522042587 8.19500842317939 2.33049712991342 6.01849921233952 1.62555575473234 4.81208388321102 1.6707604886964 3.65046283602715 2.02046611048281 2.02527785301208 2.14407278513536 4.69652891717851 1.57346193008125 6.50062950700521 1.71908559789881 4.63953364267945 1.89603434950113 6.88971503637731 1.35505426283926 5.01566189527512 1.39256400233135 7.73077465780079
547.491 8.96109612472355 1.31117120133713 9.46342238038778 2.10936085395515 5.73296327888966 1.56630946295336 7.03205631673336 1.72654924318194 3.00067537091672 1.99325738465413 4.99310226738453 1.91893424903974 4.79732664301991 1.49347017286345 5.96586230956018 1.61867532366887 8.65881481207907 2.14635015912354 8.44711478613317
634.303 7.97944590821862 1.50179126225412 3.75607227906585 1.65614030994475 4.25704661011696 1.66779669942334 2.36736416444182 1.6276622694917 4.96938494220376 1.60124155180529 7.1048490498215 2.04795308280736 3.07594183646142 2.4083290617913 8.10219308547676 2.19546305239201 9.93615602701902
642.011 9.53922138549387 2.13234481504187 2.01166033931077 1.78603097759187 2.70741619728506 1.38729997128248 8.09464270062745 2.07692113183439 7.682790864259 1.97491057431325 9.51363736949861 1.38222928252071 7.65027206391096 2.3100209062919 7.4647524934262 2.26358298035339 5.54673973657191
669.814 3.97855575941503 2.31662780316547 5.32422236725688 2.03946087826043 2.38059915788472 2.20758979739621 4.69434970989823 1.96387448534369 3.90547555685043 1.92446555858478 2.90813460201025 2.49427638612688 9.91982832737267 2.14833777239546 9.4528638292104 2.06135555934161 5.08977181278169 2.26027998775244 3.84817880392075 1.55312150418758 8.61645829491317 1.51507161557674 3.80449370853603 1.63256364800036 7.4400905855 1.831382137537 5.55426818132401
695.84 4.8879404515028 1.61583031853661 6.17149051465094 2.3553099501878 8.81310242787004 1.32254772773013 6.73143891990185 1.41739888517186 9.42185571044683 2.46351525019854 4.01336031220853 1.84969495395198 3.84522109106183 1.87946420256048 5.7871371936053 1.85652022594586 4.94847580604255 2.00726942503825 9.86211847700179
715.886 6.68187075480819 1.44852958032861 8.04818010702729 2.04830428119749 9.02280944772065 2.10845789778978 9.4497010204941 2.02013680981472 6.26176069118083 2.1513033634983 4.6877408195287 2.20945316543803 5.68256844580173 2.08213867181912 9.22861596569419 1.70501786759123 5.98980824835598 1.97983709992841 2.79194752126932 2.34880947526544 5.59381035342813 2.46711247386411 9.85240506567061
745.961 8.45311195962131 1.77984976377338 7.29368818923831 1.45523396264762 4.14358729124069 1.74150420855731 5.93759866803885 2.04480232121423 5.58173473365605 1.68493060423061 6.43465484678745
749.201 4.63735430501401 2.27145302612334 8.75570724904537 1.77857937877998 6.66729734092951 1.48165898779407 9.89250864461064 2.05196825023741 4.44961505383253 1.58037698063999 5.85629002377391 2.08015417829156 9.14288466796279 2.16933637410402 4.36314242705703 1.48379024732858 2.46119973249733 1.71191696319729 5.67971076630056 1.78782505914569 5.10005601681769 1.71398180844262 2.82893419452012 1.31481587858871 9.66469687595963 1.76811865577474 5.84524969570339 1.6797113054432 2.3193619158119 1.51433198219165 9.60268467850983
753.399 7.10734515078366 1.74510638928041 7.64888284169137 1.94306977884844 7.90826168470085 1.96412169700488 4.04187964275479 2.02860184079036 6.9573054369539 2.10007213279605 8.84419967420399
776.045 4.41078223474324 1.37771597076207 8.34508325718343 2.07574051758274 9.45212913677096 2.49335688492283 7.68015453405678 1.98549052095041 7.68662025593221 1.53391145281494 4.94110691361129 2.45213228929788 4.87469204515219 1.42373981531709 8.4268120136112 2.0090850584209 9.61862560175359
831.24 9.02166401594877 1.37720599845052 7.98736106418073 1.42189700109884 6.49541521258652 1.30625886516646 6.54571039788425 1.50506882499903 3.76397979445755 1.63656571395695 6.45491892844439 1.5042244435288 8.75516398623586 2.05044230632484 3.23362878710032 2.05923919975758 9.10922640934587 2.43166892742738 6.3233111537993 1.76022994378582 8.84024441242218 1.32931215576828 2.87994633987546 1.60120566664264 4.55960910208523 2.34704857990146 5.80445506423712
871.72 2.08795841783285 1.83421282414347 2.3932475335896 1.3317001376301 9.29507981427014 2.08770959060639 4.29780894890428 2.18014295985922 6.43314837664366 1.47518164245412 6.97683227621019 1.86007777666673 9.237369177863 2.17720228312537 2.10853192210197 1.89808738855645 9.34699497185647 2.02691916925833 6.45449286140501 1.503664666228 9.08050154335797 2.45811740960926 6.93448506109416
882.219 4.39782873727381 1.31923694778234 8.31511120311916 1.6953810736537 5.44610907509923 2.4539674022235 3.82220334000885 1.35716479364783 9.01845560595393 2.11777719836682 2.67763101495802 1.51861408697441 8.61905633285642 1.50800220947713 5.16074867174029 1.30146232135594 6.50631643272936 1.34405329432338 3.76309873908758 2.1115916678682 4.65775717794895 1.67047931971028 9.71532223746181 1.76704856054857 3.02537224814296 1.3684880765155 7.17588148452342 1.35674930969253 4.74195838347077
885.395 7.71972178295255 2.46185930967331 6.47595412097871 2.21335961958393 4.28803823888302 1.72692102165893 4.42264820076525 1.50369014302269 7.70456797815859
965.938 2.73549359478056 2.17664060788229 2.57560272701085 1.89433581242338 5.93373232707381 1.31800519749522 4.32039776071906 1.36423367476091 9.24488504603505 2.18606870695949 9.0216583814472
1021.3 4.45980256050825 1.63393154526129 8.41928115487099 1.5560363534838 7.2690358441323 1.77518344791606 9.52056122384965 2.1962212273851 5.86872238852084
1158.17 4.917624944821 2.13250951077789 4.61410166695714 1.42118985876441 5.24981661699712 2.28065744154155 9.06230746954679 2.07562793493271 7.73256293684244 1.66880462244153 4.79897485673428 1.64052999764681 9.33101198077202 1.36737929014489 5.95328001491725 2.37347039282322 7.16983046010137 1.61642540320754 8.92203904502094 2.34682068014517 8.47231855615973 1.44648295901716 8.60052004270256 1.61188295315951 2.64807786233723 1.79463478578255 3.40904675424099
1193.72 6.95868796855211 2.42628824599087 2.80554001405835 1.58594133388251 9.23599738441408 1.73865952277556 2.68923292122781 2.164301215671 6.14185933209956 1.50786575935781 4.42244314402342 1.66316693117842 7.42181041277945 2.40458567030728 4.41368200816214 1.74754099547863 7.600925212726 1.48114486224949 6.24653216451406 1.68186607286334 9.20133777335286 1.36048376495019 6.22076246701181 1.75111616551876 8.3044910877943
1219.03 5.52040469832718 1.94700794899836 2.95298152416945 2.04716263050213 5.09982983395457 2.41158326612785 4.80915539525449 2.45352086219937 8.08743123710155 2.13762519191951 6.49076616205275 1.99499295940623 3.83968921005726 2.11779486518353 8.23017809167504 2.21349240820855 7.8305093664676 1.92864158675075 8.8494279384613 2.15639498634264 7.31406323052943 1.69390035904944 7.90744368731976 1.75668550850824 2.01628814265132 1.53993859943002 3.22336990572512
1241.44 9.49132096394897 2.05127974255011 3.80068899132311 1.45457502156496 8.91455256007612 2.40897483434528 5.503581950441 2.46902493024245 6.82913699001074 1.75253947610036 8.15249909833074 2.42781821405515 4.64190427400172 2.05446897931397 5.15281994827092 1.3667344535701 4.36249279975891 1.52835987163708 4.48393849469721 2.04285658365116 6.53446722403169
1327.74 7.24084948934615 2.45097845606506 9.84347007796168 1.92578734252602 5.69521852768958 1.38460757769644 4.07881986536086 1.30061388527974 4.37662508152425 1.69816128360108 6.48861639946699 1.43466896321625 9.47106532938778 2.04032639386132 9.01175120286644 2.20352450758219 6.98397579975426
1358.71 6.46095906943083 2.39148157639429 6.94961118139327 2.42735901875421 5.01197105459869 1.75218939585611 7.31960292905569 1.96757277771831 7.59178504906595 1.4713953666389 5.38461945578456 1.66049243295565 9.38748835027218 1.93795085251331 2.76318783685565 2.40035205762833 3.69238229840994 2.24377381401136 5.30197538807988 2.25058187739924 8.97777751274407 1.37268109479919 9.54924725554883
1448.74 2.40282827243209 2.21205704864115 4.09905331395566 1.60725903911516 3.51744498312473 1.77497293977067 2.52430973388255 1.49838896477595 5.86311084963381 2.0825235475786 9.74651773832738 1.46876467587426 9.11232880875468 2.48794520888478 2.1426885779947 2.26265818569809 3.2879182510078 1.58819025438279 5.40563637763262 1.44860304631293 7.84135915711522 1.47325194282457 3.71682076714933 1.8863161938265 3.79391554370522
1512.12 8.23492749407887 1.61995351891965 5.41071215085685 1.61944431466982 3.08337904512882 2.45571294501424 7.57666625827551 1.93253708351403 6.08896657638252 1.56573166484013 9.25023983232677 1.32611198453233 5.52921154722571
1515.45 6.72665329650044 1.6813206247054 2.65265221148729 2.29687291551381 4.94875236041844 2.44213304845616 9.65336241573095 2.49746987866238 5.55210386775434 1.95295885885134 7.44744212366641 2.29143060417846 5.32043064013124 2.03384029697627 2.06134391948581 2.23599912580103 8.9047762285918 1.97401432059705 7.02047413028777 2.36271363608539 8.03354244492948 2.35180382803082 8.98194435425103
1528.89 9.92147225141525 1.35395808704197 4.65697688609362 1.57645275741816 4.65445613861084 2.12730754157528 5.24394921958447 2.47364567117766 8.46670847199857 2.138583469484 9.48463267087936 2.31582798603922 4.23816137947142 1.52812522724271 6.1476777959615 2.43740461990237 8.42940969206393 1.5510935918428 6.0231733545661 1.44830547366291 3.21876775845885 1.46098829424009 8.93090528808534 1.3451313062571 9.18858032487333 1.5417624020949 4.44611828029156 2.43740122914314 6.89001577906311 1.47297504162416 8.15525219962001 1.67097286824137 8.91939233802259 2.35713789965957 3.39331911504269
1549.59 6.18642620369792 1.72045597368851 4.65551684610546 1.51839509019628 2.64039020985365 2.1151000475511 3.0570106562227 1.51824970552698 2.51037841662765 1.74235489824787 3.0488783326 1.70396602647379 5.15485235676169 2.40744266016409 4.8072232734412 1.57594953756779 7.96144425682724 1.68525041630492 5.22719720937312 1.74484762959182 6.64153849333525 2.14674413315952 6.38258357532322 1.99464829750359 3.37349299713969 2.29946587765589 7.63475422002375 1.76310526542366 7.45197997055948
