# Using the following values to generate the workload:# num_procs = 50
# mean_io_bursts = 10
# mean_iat = 25
# min_CPU = 2
# max_CPU = 10
# min_IO = 1.3
# max_IO = 2.5
18.5417 6.70471484400332 2.09574139872566 9.61470110714436 1.63179523646832 7.73811126686633 1.49098188476637 5.94686096720397 2.02974344398826 6.29620079137385 1.31387125374749 4.30366509407759 1.71762883737683 7.88741807453334 1.74259844785556 5.78537925332785
81.902 2.26421940885484 2.20601905779913 5.9005418010056 1.67319563021883 6.22639852017164 2.3993763060309 3.37960335798562 1.84405498728156 6.06526605412364 2.49036000221968 3.04042978771031 2.01335344677791 2.55238401144743 1.63597110509872 9.93463458307087
94.1421 6.9097281768918 1.78055362515152 3.29825129173696 1.31079076938331 4.24092086590827 1.71864434015006 4.25140977650881 1.3329913332127 7.05693586356938 2.27616515243426 2.86748790554702
95.2438 8.00606601312757 1.54999834168702 9.87679035961628 2.07713495502248 6.64457050710917 1.6646381130442 4.17681711725891 2.03637381689623 4.50416790880263 2.03151191743091 3.5384628046304 1.92020698934793 5.62017231434584 2.32343987617642 4.47746348194778 2.0937355930917 9.04925220832229
199.482 3.36685929261148 1.63813092345372 8.16327159106731 1.37343172999099 7.19259266741574 1.80909825339913 4.84119119122624 1.68021581694484 4.28387744165957 1.83218750571832 6.56475271098316 2.49923511082307 5.21609138697386 1.46100310115144 2.62113859318197 1.9442193149589 7.24392484687269 1.43509265780449 4.20643395930529 1.4593035328202 4.8349882774055 2.21667715534568 2.13914071209729
274.328 6.99845209531486 2.20845746295527 7.68435647897422 1.9975461195223 7.9169955085963 1.58300545020029 5.98258592933416 1.89619055381045 2.94627756997943 2.32912420378998 7.82238644734025 2.0805817249231 3.80941705964506 1.67342742392793 7.84573861397803 2.04072764562443 5.36137544736266 1.35771670844406 7.97141302376986 1.49717549877241 5.87430337443948 2.26733806543052 7.55410058610141 2.09408388966694 9.80268339067698 2.32710338560864 8.58674831874669 1.43579340530559 3.52659134566784
281.259 7.52076303400099 1.51245782831684 6.7787467315793 1.54201874136925 9.86578273586929 2.33481344068423 6.88037697225809 1.56821500007063 9.73839993774891 2.13159295525402 5.26501459255815 1.46313980501145 4.71042385138571 2.4824085785076 5.39040138572454 2.33636690992862 5.92448422685266 1.76358495811 3.39354731328785 2.03998831091449 7.40343619510531 1.56242451649159 4.54694856144488 1.56823883624747 2.90795771032572 2.40234279008582 4.31534842960536 2.18997857281938 2.17824222519994
321.056 6.67731732688844 1.51336574824527 7.66495866887271 1.96279297173023 9.39290265180171 1.37278179218993 6.41182072088122 2.48021333683282 4.99922195449471 1.7109277728945 9.33519656397402 1.55671616438776 6.37091664038599 1.50617367383093 9.16243327967823 2.12513315575197 4.20332168787718 2.20066972440109 4.8696355689317 1.3893699076958 9.83362228237092 1.954159901198 2.51674311980605 1.38112519476563 4.88640543818474 1.35816048188135 4.54439340345562
328.474 3.17580712027848 1.40104259271175 8.35417852550745 1.79239552542567 5.40953868627548 1.79675822751597 8.95280577614903 1.47043268913403 3.33732813410461 1.7114142482169 2.26761553995311 1.70552061190829 9.28278723172843 1.97910057622939 8.17742253281176 1.64751573614776 4.10073442570865 2.08372246008366 2.85029802843928 1.54562829732895 6.22616976685822 2.26773132644594 8.59279504977167 1.98101348159835 2.65245328471065 1.85754611697048 6.10680450126529 2.10133995683864 9.48879707418382
336.372 7.98870022594929 1.8761971543543 7.45865443721414 1.64229486770928 7.85537665337324 1.48637994499877 8.37969957850873 1.67336427439004 3.68061625398695 2.4803619094193 5.06726447865367 1.36492558438331 3.38062720187008 2.31605878397822 8.38073488138616 1.49117741500959 8.64244266971946 2.12360992981121 2.41266115196049 2.43740485459566 3.560452779755 1.47027754820883 5.64009767584503
373.584 2.15725758299232 2.27861624807119 4.72709230519831 2.05555326649919 6.50497287139297 2.23334662225097 6.88663428276777 2.13833867516369 4.59819364547729 1.32720734085888 7.84360736049712 1.68392425701022 3.16580391488969 1.31089711701497 4.32378659769893 1.70341382529587 8.94681127183139 1.95018506273627 3.55677877552807 1.40054994579405 8.74373347684741 2.09336165096611 9.37592826783657
387.548 7.46128067933023 1.74693821398541 2.85619818978012 1.92678155554459 6.06261445395648 1.48177401572466 8.5933242496103 2.11333562228829 3.61231193505228 1.94850587807596 8.98565786890686 1.9084016171284 6.99937018379569 2.01500157117844 9.87341273576021 2.27111453358084 8.75042172893882 1.6288814784959 4.6422334164381 1.72805717214942 2.70590044558048
390.276 6.17602305300534 1.62007846795022 8.9908688776195 2.10149784618989 7.17540089972317 1.61864841021597 4.68111318536103 2.18780064759776 6.04976836591959 1.89349494380876 6.14896279014647 2.33643647581339 9.99395939707756
394.774 9.63294727541506 2.42343425126746 6.07133048772812 2.49985956400633 9.45200739987195 1.57150462381542 7.9578215405345 1.51078080032021 4.68113280087709 1.70490578897297 8.34337159618735
397.022 8.28012660332024 1.49520927304402 6.80676161497831 1.55103283952922 2.12179094552994 1.79522823626176 9.37379347160459 2.27990769706666 9.95789851062 2.20837082844228 7.45553747750819 2.49090361446142 7.65634739585221 2.25976565824822 7.77871715277433 1.7133525644429 5.82406843267381
425.632 4.99029995501041 2.28226435184479 2.27934744395316 1.81246552038938 7.26639685593545 1.46765617029741 7.35729151591659 2.43093988904729 7.65017235651612 1.56086591500789 3.28533685952425 2.48965817233548 3.6089904345572 1.97853654231876 7.99579598009586 1.33621347704902 7.19403934292495 1.55876196734607 8.93418244645 2.18123716674745 3.23308153450489 2.226537702512 5.98102944530547 2.35298066176474 6.20999935083091 2.4002870939672 3.34997808001935
456.916 8.75706076808274 1.93741779420525 9.53392441757023 1.63772825403139 6.92007442936301 1.83846129179001 8.9586480371654 1.99754866594449 4.04631128162146 1.50207865368575 5.63613212108612 2.08745003603399 2.22875569947064 2.41051878510043 7.91738255880773 2.22160334400833 3.66489042714238 2.03520011408254 8.40307715721428 2.44566145725548 6.55224062129855 2.34960935441777 6.31554103083909 2.06491958536208 2.09612953290343 2.3219124394469 5.65767320618033
473.512 7.19145391695201 1.48714719898999 5.376325936988 1.40450717164204 6.18908239156008 2.23775640297681 7.47451569139957 1.84873910881579 9.66699966043234 2.18604121711105 3.51403383165598 1.40522988252342 4.88632197864354
535.746 3.2954880502075 2.1139848632738 3.22835070453584 2.08855543024838 8.03180360421538 1.39957942813635 4.51357786729932 1.878510286659 3.63027808628976 2.35321226911619 7.7029076628387 1.40417945822701 2.72041333653033 2.18985628001392 7.11451005935669 1.69500072021037 6.29286633990705 2.40462679080665 2.31604982167482 2.14703170647845 5.57806309685111 2.20851168967783 2.76385841704905 1.50963955027983 9.93230811879039 2.20682758316398 8.64716249890625
540.218 2.24611670151353 2.07362525211647 9.98061358742416 1.52845956152305 2.56731288135052 1.95780466170982 6.6865858566016 1.35700014317408 3.35380782559514 1.93193948427215 5.13809392414987 1.50651388801634 8.18573262356222 2.23268780997023 9.20730374008417 1.50573049411178 9.22289361990988 1.44051734227687 8.42842931486666 1.97944851489738 9.92596181854606 2.49940594015643 2.11608601734042 1.94744637422264 2.32929440774024 1.71371233249083 8.76260314509273
556.552 7.87621046602726 1.54843641482294 4.39270492270589 2.42101322906092 7.21395050548017 1.93559505520388 2.10579494386911 2.29465198079124 6.59563591517508 2.07443791925907 2.54235298372805 2.37904901737347 5.74138918332756 1.47803173847497 5.19907807186246 2.4633168997243 2.83139771036804 1.70708633102477 7.87489896826446 2.32706538429484 4.84045122936368 1.62779081966728 3.61210275068879
557.013 2.0517912581563 1.68875831374899 3.04498437978327 1.30451269457117 3.93147667869925 2.44998341910541 6.37863492965698 2.45032971380278 4.32183928973973 2.28124519987032 4.46481163986027 1.5371793677099 5.879209658131 1.46037018643692 5.4702019225806 1.96976773021743 7.54389599896967 2.24219839116558 6.08468926139176
599.399 7.9345437604934 2.05677240369841 6.25209159217775 2.24052769737318 2.04241664707661 2.35955948820338 2.17316116765141 1.57431337526068 4.13517236337066 1.56145115233958 9.46557177789509 2.39850065279752 4.11414856277406 2.42694254517555 2.66396258026361 1.70603487938643 3.04883600585163 2.15410538120195 3.76389490067959 1.3000919662416 8.05647165700793 2.02466813987121 7.20675827004015 2.36964056855068 4.63979812152684 1.3847676387988 4.50002611614764 1.99809619560838 6.92909621074796
628.227 3.37764227204025 2.29530369611457 6.16775073856115 1.38987006256357 7.77315145172179 1.90551140140742 5.61064759641886 1.45223667984828 7.02017671987414 1.59145708102733 7.86550282873213 2.26101694088429 3.18300688453019 2.05548595115542 6.68269569613039 2.47426678892225 4.63031317293644 2.34356434065849 4.87482787668705 1.6916459559463 5.75107275880873 1.34525958234444 4.28118326514959 1.99127332000062 8.24019663222134
673.606 6.15777448005974 1.9604811755009 9.74618524871767 2.23466577036306 2.57786063849926 1.41825700318441 7.06581340171397 1.66977148335427 3.36871498450637 2.1186400138773 9.60596775449812 2.38934651091695 6.64735154807568 1.57359083872288 2.56563506275415 2.40977538600564 4.60566873289645 2.17737113460898 2.08058450929821 1.73346000500023 4.0002562161535 1.66106782546267 6.39140020869672 2.41063885726035 4.33853642269969 2.43240972058848 9.07231312431395
707.377 9.87280326336622 1.4841193289496 6.4002999830991 1.67765309866518 3.3867223970592 1.56786883948371 9.77355373650789 1.58633869728073 9.55179768614471 1.82032280694693 5.81010504812002 1.37803180450574 3.17401805147529 2.0537670340389 9.82113762572408 1.38001655284315 9.14148452877998 2.11052219234407 9.33196969144046 2.13083493532613 2.61357039771974 1.47093075104058 2.4751513376832 2.42146270219237 9.23233975097537
722.89 7.80109116248786 2.36981735099107 2.0990054551512 2.05270678168163 2.80395412445068 1.69185599358752 3.30808486789465 1.57582434490323 3.42465774528682 1.97671217778698 5.29525234550238 2.29806313738227 3.31433937139809 1.95445690304041 5.77055322378874 1.67052555484697 6.29094211943448 2.32241026107222 3.17230613715947 1.74760242281482 6.05126983858645
772.511 3.85442479513586 1.67450855392963 4.27476728707552 2.21475892607123 2.88315684534609 1.38767484631389 4.27258484624326 1.37297142436728 7.01596553437412 1.85410742498934 8.12547239474952 1.43842862676829 8.39939885400236 1.72798728048801 2.15739002451301
775.766 3.96990724466741 1.64869424318895 2.64727037958801 1.58821687335148 5.08781518600881 1.67110766544938 8.00474026240408 2.09992672074586 5.25439150817692 2.00089286454022 3.46551376208663 2.14274424510077 4.28889536485076 1.95574576873332 8.03054141439497
818.264 4.49571521580219 2.19087933823466 3.28911632671952 2.31640860326588 5.10233069770038 1.42069537648931 3.28320834599435 2.37064471328631 7.22073742933571 1.49231106629595 8.17480500228703 1.34500758685172 4.75108703225851 1.94299702588469 8.69947748817503 1.96176378494129 5.75179285369813 1.594768459443 9.70386714488268 1.70277984049171 4.91828746348619 1.88274497305974 7.66425122693181
820.095 7.50993565842509 1.92107030441985 4.46186805143952 1.31823657238856 9.5376210026443 2.31068514473736 8.85134680941701 1.51070111552253 9.70628125034273 2.30451223570853 4.19950763881207 2.03244140064344 3.86437277495861 1.77512116366997 8.87853827141225 2.25319041060284 4.22426763735712 2.41306455992162 4.1992512922734 2.48546023163944 7.01613906212151 2.27760796714574 4.27699993550777
837.232 5.83500243537128 2.20288267564028 7.0491811260581 2.21289464691654 7.30016728304327 2.03883601129055 4.81429793871939 1.76826377697289 3.3773502483964 1.92850077217445 7.9493399746716 2.11248569423333 7.56541984528303 2.45629886547104 8.08462083525956 1.7730542707257 8.24192310497165 1.63667646376416 7.73670187406242 1.45846022088081 7.0528582315892
893.938 4.9533631708473 2.49530404098332 8.67190680839121 1.72609160915017 4.36138663254678 1.90602879617363 6.87633494846523 2.22240477129817 2.88318597711623 2.40139361415058 9.90473743714392 2.31198024824262 3.88864607363939 1.76699941689149 3.18287426792085
909.807 2.04676452837884 2.45426516318694 3.23614106699824 1.76335016926751 8.88084433786571 2.41147222854197 3.36708943732083 1.45912679536268 7.36820550076663 1.60262477369979 3.97378774732351 1.86167682977393 3.25647940672934 1.33096131393686 7.20029642060399 2.14381905458868 8.37309261411428
950.329 7.57190073654056 1.93305177483708 2.06429037824273 1.74448148654774 9.39046680368483 2.48310402948409 6.55633310414851 2.26922870874405 3.74909578636289 2.06776181133464 4.46402103453875 2.4184598473832 8.52092611044645 1.45423553744331 6.58400310203433 1.43396123386919 7.796162026003 2.22479280401021 9.12931778281927 1.66042047515512 5.19261592254043 1.86466893954203 5.85803253389895
958.914 6.78982263803482 1.59384379247203 4.05266487039626 2.45673021106049 4.17253148555756 1.97715740967542 3.48951257392764 2.37461716318503 5.11122044920921 2.38365574711934 5.05322898738086 1.90738824307919 4.73008436337113 1.66223391694948 5.93288607522845 2.2475948789157 5.80927476286888 1.37608253117651 4.7042724378407 1.48986856685951 3.69116810522974 1.66711292304099 8.02131466567516
963.472 9.79843287356198 2.44283256269991 8.47843710519373 2.31483795978129 6.16201384179294 1.97766347741708 4.74686630629003 1.8477494334802 8.80287504009902 2.39648173004389 9.37195135094225 1.58764417702332 3.11667739227414 2.18558133281767 4.21801272407174 1.93719656812027 5.89933255314827 1.60243991194293 5.639438489452 1.52643935214728 5.84035117551684 2.31525448253378 4.65536576882005 2.07393343793228 5.3288381844759 1.96620731316507 4.32125162519515
987.44 7.23393474332988 1.81182924229652 3.49138920195401 1.51768080871552 3.77389795519412 2.11543413987383 5.71584854647517 1.95173689639196 8.73334457911551 1.56885612793267 4.01517110690475 2.20649292869493 6.45416738651693 1.94640536783263 8.99656894057989 1.61504414323717 6.75157887488604 1.56597049208358 3.12506641820073 1.68705664072186 2.4788454528898 2.18763709459454 7.91806435957551 1.45995977213606 4.0919991210103
999.461 3.56650934182107 1.66742078308016 5.32030040025711 2.49472067002207 8.25684993900359 1.74181520733982 4.63940359465778 1.67017208663747 3.6662458665669 1.66459561930969 4.45591782405972 1.4278318900615 5.4396603256464 1.60645848298445 2.27271249890327 2.27814413821325 4.52032550796866 2.45519725596532 2.17718547023833 2.03784340312704 9.27174777165055 2.22170955864713 2.63240167498589 1.90251251123846 4.59564257599413 2.1492391910404 8.5507823061198
1003.39 9.36712138727307 1.4879363194108 7.99698369950056 2.08767650024965 9.93450858443975 1.9998634156771 3.5965875312686 2.14207501746714 9.39567336812615 1.70065621156245 7.42991839721799 2.08852049894631 2.97665135376155
1022.51 2.5616620965302 2.04524277485907 5.84506382420659 1.57804160807282 8.95056715235114 1.39468979379162 3.06313456781209 1.75209768442437 6.19420172274113 1.39437453420833 2.42760002985597 1.92066711643711 3.32322252169251 2.31968676000834 6.46693263947964 2.19514753799886 9.27410563454032 2.24090754175559 8.8570720013231 2.24601374994963 3.23767278529704 1.75476837670431 2.92385509796441 1.57934477971867 4.48450541123748 1.5664790914394 6.72776677645743 2.12557954629883 7.38276048377156 2.11641657045111 4.24309537000954 1.61559034073725 6.8218244984746 1.91715930309147 6.38990282081068 1.81378069519997 5.47978958673775
1063.44 5.86745685897768 2.12295906580985 2.03135376796126 1.86948776748031 7.05877233669162 2.3943663276732 7.1447115726769 2.40272704586387 7.45395480282605 2.25923500861973 3.39366390742362 2.34950373014435 4.07137948088348 2.43628903217614 7.7770979180932 2.0926583324559 9.25737956725061 2.01505022281781 3.53472638502717 2.37807866400108 7.02334317937493 1.53041971651837 5.80781063251197 2.36699650976807 3.63648236915469
1071.76 5.39829390309751 2.45745046241209 9.15939061529934 1.81616574591026 9.5589934848249 2.46156612606719 7.10836744308472 2.24475016575307 2.07847457006574 1.45127817038447 3.58210814930499 1.37836985867471 4.76301886513829 1.82497254479676 9.65241344459355 1.8273791378364 6.3609842993319 1.3715634599328 2.07985751144588
1091.06 4.35276578180492 2.42241109497845 9.74361825548112 1.68078275294974 4.50862046703696 1.50729428427294 3.36892344243824 1.88244883259758 8.79854852706194 2.44706581328064 6.91948913037777 1.90376218203455 3.33874317072332 1.7686438895762 2.50419227778912
1106.1 6.96749952621758 2.05924077806994 3.09909919649363 1.8884954274632 7.04372834973037 2.23868236774579 2.06345679238439 1.98324993960559 6.42089014314115 1.89871798371896 9.85181048512459 2.1418292734772 3.83569398708642 1.89438670873642 4.05254100821912 2.46675419192761 7.77097623050213 2.39012105576694 3.02022324688733 2.37676048930734 8.90840546600521 1.74023447791114 7.28627182729542 1.83779092505574 8.08671201206744
1147.22 2.07230971194804 1.30922279022634 5.96566851250827 2.46642357809469 3.13949991390109 2.37729807998985 2.17088457942009 1.51853365646675 2.00975258462131 1.39812301658094 8.11272933147848 2.29348009070382 4.04404074512422 1.95992092350498 8.65599899366498 1.44353650351986 7.63250465877354 2.48214077278972 3.13980912230909 2.35401188898832 6.03981082700193 1.67263576770201 5.39233646355569 1.6866557049565 8.01079833880067
1251.35 3.4715073518455 2.26611894387752 6.78188033401966 1.47027324214578 3.03284637257457 2.29757240237668 9.45677749626338 2.34851282909513 8.27190667204559 1.63558207554743 8.52931271865964 2.09670028900728 8.14243364706635 1.53566504195333 4.61522035486996 1.85705499248579 4.11470199376345 1.76753935506567 6.47284176945686
1260.73 6.95015913434327 1.69972588708624 2.29268381930888 2.20808533076197 2.68942100740969 1.40278113773093 9.382244059816 2.31504618357867 7.78433046862483 2.22176957726479 3.50521994940937 1.46749386955053 8.8317890483886 1.73252204293385 6.60440734960139 1.53414724776521 6.58499855361879 1.98460190007463 6.04250531643629 1.48934990502894 2.60974458232522 2.40523171024397 7.81471706740558 2.41871683876961 5.46701499819756 1.5083060526289 4.23522967100143 1.94114547437057 6.15659508854151
1280.63 6.72512126900256 1.85286246258765 6.30888082459569 2.14097718931735 2.68411147221923 1.41011664494872 4.85129864700139 1.43838723860681 7.45718880929053 2.2324681901373 5.83229701779783 1.7064281607978 3.04585140198469 1.51949267722666 5.75252618081868 1.38825504779816 7.89773704856634 2.2582044259645 6.05553361773491 2.07548591671512 2.4118720497936 1.96404962884262 2.1666447725147
1374.02 5.97482080571353 1.84171591941267 5.70356315001845 2.40229274956509 8.5016958527267 1.95597244054079 8.2992325630039 1.56495100483298 2.9118936881423 2.30637715328485 5.65630985051394 1.69725243914872 5.32571665011346
