# Using the following values to generate the workload:# num_procs = 50
# mean_io_bursts = 10
# mean_iat = 25
# min_CPU = 1
# max_CPU = 2
# min_IO = 0.3
# max_IO = 0.5
25.1633 1.38370346836746 0.346547397784889 1.33040687907487 0.401527717197314 1.49858781509101 0.493757515400648 1.232980071567 0.425773409707472 1.32613887544721 0.31690883631818 1.04187683179043 0.318719407310709 1.37280348828062 0.396583878202364 1.39145401422866 0.332935491669923 1.04085095599294 0.394610206782818 1.04382711253129
52.5495 1.26837668288499 0.396493227500469 1.03671306581236 0.317650760570541 1.44320855755359 0.440642100851983 1.09162334306166 0.444672008650377 1.84924178896472 0.322208256926388 1.29700179863721 0.398697555065155 1.73560743127018 0.471123859705403 1.32348687225021 0.318115319544449 1.04759256215766 0.316430513793603 1.14110256638378
66.9636 1.89721977664158 0.454754883283749 1.43410077830777 0.39079190986231 1.00003292621113 0.410276658646762 1.64022592036054 0.325292026158422 1.03999001462944 0.466428157081827 1.51609561825171
109.33 1.1811202748213 0.410466399695724 1.94591686571948 0.469452274078503 1.87263975199312 0.403491474455222 1.55852216598578 0.415549990395084 1.16404793481342 0.373916016425937 1.62823762185872 0.387025701953098 1.53856399958022 0.332732994202524 1.54079604358412 0.442481707874686 1.68841663911007 0.31996013619937 1.9098629206419 0.496568494755775 1.65601261123084 0.342290612962097 1.52244815626182 0.332009240332991 1.89906086004339 0.417420911369845 1.80792431207374
118.4 1.88233461068012 0.415540438052267 1.87304200278595 0.440791275305673 1.09410453448072 0.416789442719892 1.32829645741731 0.494136188877746 1.91064521390945 0.410734453750774 1.93639633920975 0.356959660490975 1.06072608777322 0.314848004002124 1.65894890041091 0.38101625056006 1.1842864935752 0.373311307560653 1.21765432157554 0.337813000427559 1.32944615976885 0.474574460368603 1.31611106568016 0.313935783831403 1.42807094287127 0.39714662367478 1.29961390397511
158.378 1.94553363369778 0.457830694690347 1.70919957640581 0.336838682601228 1.30619510472752 0.336764934891835 1.74319219123572 0.478668920416385 1.92174933874048 0.318942818185315 1.99784777313471 0.399967822758481 1.95625841803849 0.3218406483531 1.16062109381892 0.314743851311505 1.4453498038929 0.470154841663316 1.74933847947977
159.458 1.88080462068319 0.400259075080976 1.93073673453182 0.374273568065837 1.54373079026118 0.450130380550399 1.80061951675452 0.447348183905706 1.69765350501984 0.487543026125059 1.80244311201386 0.416165492590517 1.50353832542896 0.371900483593345 1.50910907029174 0.323862045165151 1.36116003291681 0.480926309758797 1.29429170908406 0.466982216155157 1.69403354683891 0.49946285141632 1.89137363177724 0.358187060663477 1.66406855243258 0.332367316447198 1.22789639001712
163.058 1.21641386859119 0.369625931559131 1.4140587435104 0.439607969531789 1.34880159958266 0.417014453560114 1.90013515506871 0.339956041006371 1.16004764125682 0.425500153005123 1.44386112946086 0.490273727057502 1.74313634145074 0.43965224083513 1.28867478528991 0.47988270111382 1.53376336512156 0.349743341142312 1.71892780647613 0.497367677185684 1.71384583204053 0.350278236810118 1.57839006488211 0.358943972596899 1.78386800340377 0.382226727157831 1.20925189601257 0.484382326994091 1.57267185673118 0.3236136327032 1.43736942438409
168.843 1.90704234549776 0.457576490333304 1.18794404203072 0.454109495040029 1.02627050247975 0.343892216915265 1.60165418777615 0.32987183239311 1.69320922647603 0.384377207886428 1.89327278896235 0.483365550264716 1.83870748756453 0.343012807844207 1.40093533066101 0.459026918793097 1.40547854965553 0.332034767931327 1.94708045572042 0.483574584219605 1.53025063592941 0.309083736594766 1.5298443112988 0.409366874815896 1.18512697820552
188.572 1.55085662566125 0.436358496500179 1.97351894923486 0.383567632269114 1.23484859010205 0.34857444758527 1.78042963379994 0.38686530389823 1.65435136528686 0.377194895362481 1.41394758666866 0.321618130849674 1.80013742041774 0.425633192993701 1.16958262422122
188.847 1.27052090619691 0.431033819215372 1.95105510088615 0.430964625859633 1.51709471084177 0.362621262669563 1.75448226300068 0.360699513461441 1.05744796153158 0.496490402892232 1.44858186575584 0.493795403512195 1.85826275683939
199.114 1.97638585511595 0.300853089615703 1.25069002644159 0.472488649562001 1.56897307257168 0.415311491535977 1.87882155925035 0.48048739572987 1.64043648471124 0.494121496053413 1.20978691172786 0.432742788037285 1.31892074970528 0.322469752607867 1.79158502817154 0.307434173114598 1.47827727789991 0.316505429241806 1.97864732681774
207.109 1.21351416246034 0.430908404057845 1.61646964843385 0.340466022212058 1.29522198438644 0.491486225510016 1.99448208091781 0.311116983089596 1.07595736999065 0.49381289165467 1.98924763407558 0.417681990889832 1.81238909787498 0.479635675763711 1.08301719743758 0.352871068334207 1.48015385284089
229.727 1.98178258002736 0.47383729936555 1.27891430701129 0.362135841371492 1.38945294334553 0.433695864723995 1.615237145219 0.469356621894985 1.85091922036372 0.422530791303143 1.50864323880523 0.432172058708966 1.37943803425878 0.391350480541587 1.96510880324058 0.318926686560735 1.53677773592062 0.433517538150772 1.31045141699724 0.443650187272578 1.11557708517648 0.46121296021156 1.07869163551368 0.445615901425481 1.31152172060683 0.358923215372488 1.2018775108736 0.31384115437977 1.65182863431983 0.341813799319789 1.11902011465281 0.387341983802617 1.16065404540859
241.336 1.65762994252145 0.314655494084582 1.72528153401799 0.389721817104146 1.65327138383873 0.487528959196061 1.95956707419828 0.428312026755884 1.41614986793138 0.494572882028297 1.60226313467138 0.358075264375657 1.24052821216173 0.485854080040008 1.33265869459137 0.49368120552972 1.75293979444541 0.452569410484284 1.98666324955411
247.242 1.15557736088522 0.461003241827711 1.17188692977652 0.367333042714745 1.17597521166317 0.344658219302073 1.50368262571283 0.308353242883459 1.70259802299552 0.47112379563041 1.44650121359155 0.396411688579246 1.27427852479741 0.343802565243095 1.19460003799759 0.320521781453863 1.84795877058059 0.306132414937019 1.70920903445221 0.443208333710209 1.33197700465098 0.385930655617267 1.69511779304594 0.431573455315083 1.20503803994507 0.323388874484226 1.69201126368716 0.473043863661587 1.64296420174651
277.701 1.41454714303836 0.49132988830097 1.24538324633613 0.437606938462704 1.47317853500135 0.482419435912743 1.8341346969828 0.360616340534762 1.97493980568834
315.613 1.81783066899516 0.339100881572813 1.93816295219585 0.461259854212403 1.45036074519157 0.376125636138022 1.2533606539946 0.375806723162532 1.61499154171906 0.346039278013632 1.03469832357951
322.726 1.58012681431137 0.390887648798525 1.81873263907619 0.348841745592654 1.57461006240919 0.452794312639162 1.9830069555901 0.310994192352518 1.06428091996349 0.481433166470379 1.40351798315533 0.314127384359017 1.4381180179771 0.347747696517035 1.33364272909239 0.436510823993012 1.81651319679804 0.314652511803433 1.42919101333246 0.453120199311525 1.91185023775324
380.506 1.51714332960546 0.473566186847165 1.31612386461347 0.46361567764543 1.5404344398994 0.406599038559943 1.3058604253456 0.384061841527 1.68720527179539 0.43358175335452 1.69860077113844 0.32965949671343 1.02143709524535 0.39685312663205 1.64884221740067 0.486619111103937 1.8348397447262 0.498442426882684 1.57598219858482 0.364992728782818 1.12889672373421 0.467857850762084 1.60917301755399 0.411161780310795 1.7208300807979
423.274 1.56418747012503 0.340864001726732 1.19628440681845 0.332141862716526 1.76313560013659 0.487612047838047 1.60750780394301 0.405497728241608 1.62217625230551 0.390613708645105 1.10494708572514 0.329710729420185 1.01715479814447 0.351930679380894 1.36911313119344 0.34015656420961 1.05865030619316 0.47486729058437 1.06162943621166 0.479061459610239 1.91281589749269 0.485850173188373 1.09772306866944 0.483309478312731 1.41914371121675 0.461984546342865 1.25717729050666 0.355642140563577 1.45385527168401
444.598 1.10700576496311 0.366095385048538 1.79682163777761 0.318306602118537 1.66112312697805 0.456807804433629 1.19140247534961 0.457815000414848 1.31626114365645 0.422795255901292 1.32492329855449 0.455008885497227 1.57256239769049 0.317899600695819 1.47475261287764 0.346821567276493 1.00466902763583 0.379069367749617 1.73277094308287
469.681 1.64124585338868 0.343619172321633 1.39943874371238 0.452302223583683 1.19860598561354 0.366965282568708 1.79744152491912 0.41179862478748 1.41060524736531 0.477481820993125 1.84670803672634 0.453629972552881 1.94466450903565 0.466204305365682 1.68253841926344 0.34000913342461 1.44159880373627 0.389325285889208 1.52228128933348 0.373917444655672 1.40478113829158 0.449159544054419 1.34698248235509 0.408807722805068 1.92880408884957 0.336518142046407 1.0799218043685 0.348537386674434 1.68112115608528
480.42 1.05302851763554 0.339022468030453 1.34699739841744 0.316607283055782 1.37775620841421 0.49004508475773 1.83213012828492 0.352135264547542 1.06100871297531
545.529 1.39199830312282 0.489197035972029 1.33831201284193 0.452613594429567 1.88413517922163 0.38783963820897 1.40409358288161 0.333106191968545 1.21155101829208 0.369776461087167 1.61599459801801 0.381194077199325 1.47872348013334
546.787 1.75273598264903 0.398510349914432 1.49070965172723 0.360058944113553 1.53479179693386 0.407695712009445 1.90134395845234 0.45287403431721 1.55265435366891 0.321644601132721 1.84297163039446 0.415387305989862 1.40562814846635 0.377510661259294 1.9080173317343 0.336372603336349 1.18855688092299 0.447639972064644 1.26692013721913 0.34403020311147 1.32684001768939 0.455632968293503 1.93365067406558
606.333 1.87038492946886 0.385861378768459 1.45801210170612 0.451953980280086 1.49845388601534 0.316936898604035 1.06260375701822 0.385839574830607 1.01316545833834 0.429222485376522 1.23756980942562 0.384094051085413 1.59097836725414
612.19 1.21642296155915 0.464628188032657 1.83789021708071 0.383497263304889 1.34046215703711 0.383141952380538 1.92791667301208 0.386919340118766 1.78375605493784 0.42436664714478 1.64072984154336 0.317649135412648 1.72034130757675 0.411727409763262 1.48420309415087 0.493768620211631 1.64091201592237
660.029 1.1731873175595 0.314885481959209 1.41089389496483 0.486502289026976 1.23266045446508 0.326630809437484 1.13668797328137 0.351961697591469 1.26968914782628 0.462241198075935 1.24713742616586 0.314659291878343 1.06194092822261 0.43476564004086 1.16681024129502 0.451417902018875 1.87965763919055
676.092 1.65461378754117 0.335848732152954 1.19008633377962 0.456870172964409 1.89711831742898 0.372773528564721 1.84536544093862 0.462621168093756 1.0561201935634 0.429936989862472 1.97957104607485 0.4087962300051 1.28612166806124 0.344903114344925 1.51211646129377 0.411265143798664 1.76595223415643 0.351867032982409 1.53362689586356
722.53 1.49262736993842 0.406647442933172 1.79223601683043 0.352880491409451 1.04693364887498 0.367520622769371 1.06622573873028 0.40653516696766 1.01472814194858 0.468001414276659 1.94704072293825 0.301747567206621 1.91181813785806 0.360951698385179 1.88714245334268 0.436111671989784 1.34845476620831 0.406000167457387 1.36599523783661 0.495648992527276 1.91878951713443 0.314496155502275 1.47031375067309 0.343973488220945 1.63772333529778 0.439028860116377 1.45794552867301 0.300011275988072 1.96141612296924 0.433952543558553 1.94648438435979 0.379976131394505 1.36966133676469 0.494724011840299 1.54320671479218 0.417661750130355 1.71138954884373
826.215 1.36776937288232 0.416697804257274 1.42259856918827 0.470649561425671 1.31955173704773 0.430772669054568 1.35429610172287 0.393993799062446 1.99058479769155 0.345097793499008 1.14809302380309 0.447138021839783 1.34585848101415 0.300910468678921 1.55231086211279 0.47783489623107 1.53178652236238 0.448132357187569 1.41708284826018
850.964 1.13706121570431 0.30430942713283 1.88548704958521 0.321066067041829 1.12960203061812 0.4400798429735 1.87738808663562 0.460331367934123 1.31615284038708 0.371909168874845 1.57114659971558 0.352773729665205 1.09098456567153 0.43241076846607 1.4363047957886 0.381800919538364 1.31645409483463
868.214 1.35682775033638 0.361175854504108 1.51002412848175 0.416991852177307 1.94419259740971 0.423619610676542 1.52377199102193 0.303852297831327 1.11997482576407 0.418423487432301 1.58246149076149
892.931 1.42499083955772 0.311820181878284 1.11923994240351 0.342466660356149 1.95051998901181 0.335174835845828 1.39833917235956 0.361274417070672 1.3901593554765 0.49115712554194 1.65511795319617 0.399461700674146 1.97943254816346 0.411121297627687 1.28234237176366 0.444349246378988 1.09234666009434 0.478952061804011 1.33851060946472 0.40997982728295 1.18566513061523 0.433735210308805 1.58515577856451 0.425571146141738 1.03730109357275 0.473136424599215 1.39946008822881
955.429 1.21678076637909 0.345294206077233 1.63787394645624 0.310655108699575 1.32233554474078 0.313175959559158 1.29986687633209 0.387472156295553 1.92572373896837 0.405477091064677 1.92872533597983 0.495400856807828 1.77258094656281 0.34476917157881 1.387358865235
965.41 1.80027834884822 0.477574729034677 1.58326388127171 0.401699933921918 1.71606862684712 0.391836456209421 1.9191301909741 0.453464352805167 1.33786981995218 0.364664390543476 1.72268619411625 0.484800231782719 1.85630689933896 0.47264279006049 1.68485340499319 0.415938739525154 1.84807717544027 0.433025496406481 1.08197305887006 0.310211469978094 1.01167167746462 0.335098521970212 1.95815190277062 0.427269320841879 1.50119060953148 0.451047479687259 1.59858391131274 0.407706615142524 1.93911789054982 0.329428454535082 1.46211404609494
977.31 1.43525136588141 0.423541295854375 1.74655451928265 0.340722991945222 1.40180230909027 0.300629335967824 1.10985366115347 0.480409653764218 1.21367992134765 0.323947635293007 1.90134998760186 0.420481743663549 1.2475599788595 0.303322169417515 1.15154641866684 0.454765663435683 1.81775497226045
998.269 1.50758426287211 0.43304746276699 1.56037694471888 0.424059342173859 1.49749174993485 0.451843115082011 1.08374667330645 0.387215037969872 1.11473606945947 0.484419657709077 1.93768827361055 0.434171602595598 1.54975209780969 0.422934762947261 1.01301854033954 0.328219760721549 1.35365060553886 0.43267874266021 1.72554004238918 0.322046267800033 1.53082068357617 0.49603571780026 1.04582194890827 0.385832633450627 1.24633894767612 0.343098426796496 1.47197659593076
1000.54 1.17028453154489 0.328477858379483 1.49506320012733 0.453550684964284 1.12325990293175 0.467020150879398 1.77707711420953 0.425214670365676 1.32768443250097 0.345654500555247 1.46646901941858 0.461633499292657 1.64070334495045 0.43747860272415 1.18421049229801 0.448781667090952 1.18631244823337 0.48745308900252 1.27314796042629 0.433051570737734 1.57420071703382
1007.24 1.1125918275211 0.350133684556931 1.33523471234366 0.493025336554274 1.07775766891427 0.47806728403084 1.76443919725716 0.42595406929031 1.04596492578276 0.333356896601617 1.63866795203649 0.30344924419187 1.90942926169373 0.425928415544331 1.99204850103706 0.437307135388255 1.58857230097055
1012.44 1.10153965372592 0.449819830944762 1.52561596827582 0.401782752852887 1.66411391855218 0.468707365449518 1.8976654864382 0.349969199253246 1.67904789675958 0.339827603055164 1.99889683583751 0.412749169394374 1.73189191077836 0.352637264877558 1.55547713045962 0.483411111636087 1.3742037427146
1040.42 1.91781145869754 0.393444078089669 1.50291557144374 0.385355139430612 1.80184387648478 0.31526955915615 1.54457728005946 0.365123190544546 1.43064633291215 0.389937107218429 1.97713577281684 0.318781095556915 1.9766203481704 0.369092411268502 1.56841388135217
1057.62 1.07965781795792 0.327079509291798 1.14321960392408 0.358324870746583 1.72887235484086 0.308039908390492 1.11668230523355 0.318447468196973 1.88609302625991 0.42744325120002 1.29385593417101 0.442979490803555 1.62001937348396 0.490716132987291 1.64933442673646 0.455549841653556 1.2837909788359 0.369661040836945 1.22151426179335 0.387748764082789 1.83189821336418 0.371700171148404 1.79847025708295 0.340171425370499 1.23873350070789
1076.82 1.59941136697307 0.309761768579483 1.78606178984046 0.38080203817226 1.11532069928944 0.444150105398148 1.39864583685994 0.392116977693513 1.74261118471622 0.412648920482025 1.60455249715596 0.431957058981061 1.25310451141559 0.357935271738097 1.08887439616956 0.499720964161679 1.19683453789912 0.435015347227454 1.45925316214561 0.484900221088901 1.65368619794026 0.365709750074893 1.18949329783209 0.456481107510626 1.37397007015534 0.434351097745821 1.57531978003681
1152.33 1.38185275765136 0.362526103341952 1.19248077715747 0.438831256795675 1.47340862080455 0.380550621356815 1.8394240627531 0.454791952297091 1.54263715306297 0.386186111997813 1.58901526220143 0.408979003783315 1.96002728655003 0.415696691907942 1.50654259114526
1166.02 1.16881940257736 0.422822323860601 1.344817816047 0.382081144768745 1.15925755235367 0.366076761018485 1.92463799286634 0.49740056777373 1.65161099028774 0.303810930904001 1.11397580220364
1184.68 1.47597881476395 0.353515253867954 1.01108411815949 0.402342790737748 1.67570421285927 0.326853705616668 1.42266004555859 0.371401866804808 1.08476002467796 0.452273158263415 1.42386867571622 0.449258950771764 1.30716157518327 0.375500049628317 1.37054269714281 0.323957938002422 1.10802400717512 0.426872413977981 1.76120929024182
1251.49 1.01633747993037 0.416655665216967 1.54251706576906 0.37380037298426 1.16618765424937 0.45606462485157 1.24656682624482 0.415163192292675 1.8864274371881 0.488487468101084 1.07058065384626 0.314923730166629 1.27684899768792 0.496459944918752 1.64655918790959 0.482647329336032 1.07457206398249 0.486310657160357 1.56719545088708 0.365665697399527 1.89959936612286 0.351839491399005 1.19507583044469 0.463484414247796 1.94807012821548 0.492548349313438 1.70407316158526 0.498185867071152 1.45151829672977 0.345939142582938 1.97417433280498
1285.8 1.34362651384436 0.480765111697838 1.84608256514184 0.464839984057471 1.87787266634405 0.300146419741213 1.45255459379405 0.328497249213979 1.2664814456366 0.484026521490887 1.54468061379157 0.30665925797075 1.29403647128493 0.380291114607826 1.25847288151272 0.343032245757058 1.70652183983475 0.3313673121389 1.39234748086892 0.429649573704228 1.31153478124179 0.43573285699822 1.56925782049075 0.370796961383894 1.83315374422818 0.321138437232003 1.71002805279568
