# Using the following values to generate the workload:# num_procs = 50
# mean_io_bursts = 10
# mean_iat = 25
# min_CPU = 2
# max_CPU = 10
# min_IO = 1.3
# max_IO = 2.5
34.8857 2.16587378829718 1.3398811461404 8.52771360427141 2.00013325959444 9.61978061310947 1.88963419254869 9.20463360846043 2.45082264207304 3.41168675757945 1.93838724819943 2.65489051118493
44.8776 5.91349059529603 2.39964379156008 5.12324219942093 1.69768825648352 6.70084603875875 2.49813650259748 8.25190299004316 2.06614318508655 9.57718543335795
45.1467 7.30395319499075 1.41527703208849 3.20589339546859 1.96573631614447 3.28506868518889 1.8801938966848 8.13432583585382 1.57806092612445 8.88369230739772 1.85096191493794 7.36985932290554 1.62088765799999 6.85209789127111 2.34229697398841 3.61439571529627 2.23945652730763 3.18349992856383 1.77131973169744 9.59033426828682 2.02906473390758 3.55174622125924 1.52308029746637 6.10450008325279 1.87229276299477 6.39234972558916
97.1654 3.03851989284158 1.50717055508867 8.36880791001022 2.20485278749838 5.33418277651072 1.84674701876938 2.03863712772727 2.07717413175851 8.62244830280542 1.88934474308044 7.33904144540429 1.5168634345755 2.20202530361712 1.93682936839759 3.69699881970882 1.34361898042262 6.01309368573129 1.89464397728443 5.63940034434199 1.91284731291235 9.41798435337842 2.25445471480489 6.74871215410531
121.423 8.83129857853055 1.72831344241276 7.15883721224964 1.49841906139627 4.06102466955781 1.4194934040308 6.69546652957797 1.98613020824268 8.06592494621873 1.87005331683904 7.97545139491558 2.46337293190882 4.90428757108748 1.65985360285267 8.3481842726469 1.58712716698647 8.78253639116883 1.71166141042486 3.84567342326045
187.805 4.97893973626196 1.9674190569669 5.02593198418617 1.4169978376478 6.60310094803572 1.38689504433423 8.61178138852119 2.32993294680491 8.36358362436295 1.72052781330422 3.6795425824821 2.45902994349599 3.73900148458779 1.87986529311165 6.20760590583086 2.02636061515659 9.94074348732829 2.45029903184623 4.97840815223753 2.04711517132819 8.00235680863261 1.66055896431208 5.54627958871424 1.46136632477865 5.14090145379305 1.98657017238438 5.54793041013181 1.88603938147426 9.43514389917254 1.32128592748195 4.68290328979492 1.73890806185082 3.29821398481727 1.61390499845147 8.89812063239515 2.47889959784225 5.29351986199617 1.35341598885134 4.50466885045171
198.436 5.42257040739059 1.38018925413489 3.2036647181958 1.95226716659963 6.14394121617079 2.04128750618547 5.38722606003284 1.53747488483787 9.70541523210704 1.53326889527962 3.48349609784782 1.61656085867435 5.75247360952199 1.86592255486175 8.70467853732407
214.869 3.82909785211086 1.7191652636975 4.21089590713382 1.41868666904047 8.8000910282135 2.38816982666031 7.84691281616688 2.38021522229537 7.96492851153016 1.85791599359363 5.98922754824162 2.31898534530774 7.61636624671519 1.44700651923195 8.15311709232628 1.36970083396882 8.69373114593327 2.11743601635098 5.95730652287602 1.79637117832899 6.07780071720481 1.32492450829595 9.60195185244083
222.565 3.15328040346503 2.05934884594753 8.00787752494216 2.26979194805026 5.25247366540134 1.8031254472211 8.7118205819279 1.8790052536875 6.34888484328985 2.38394278483465 9.36177086085081 2.23388201771304 2.2651772480458 1.91132864644751 3.21466758474708 1.74795656073838 6.31743022613227 1.63485233616084 6.70182261988521 1.88801878327504 5.60750846937299
271.22 3.35929983854294 1.66162865385413 8.61171903833747 1.32468827692792 8.1484049577266 1.90366926724091 6.56092213094234 1.41946521596983 4.02825475670397 1.73004911327735 7.38124293275177 1.41390317277983 4.90491037629545 2.19474524604157 2.93349311128259 1.74372493177652 4.76676266826689 1.66807755213231 8.38265563361347 1.6106487528421 7.86533139459789 2.2245035325177 5.65987669862807 1.74727873969823 5.15879683382809
272.857 6.31389983743429 2.07305503766984 7.80100221559405 1.67563414741307 2.10373479872942 2.1593068189919 3.10551982745528 2.02068547662348 8.90008806064725 2.40044321473688 5.34605318121612 1.60994864851236 9.49657562747598 1.67945250803605 5.71227371878922 2.15301585616544 9.09627362340689 1.74772835923359 7.99700898490846
298.095 5.61760733835399 2.4658631506376 3.36816243454814 2.07404347248375 9.79872805811465 2.02906797351316 3.85428733378649 2.19126163320616 9.4199146553874 1.92336143283173 8.21006063185632 2.12010077312589 8.399095447734 1.79207020225003 3.7564553078264 1.37976345568895 3.07425299659371 2.40451798867434 6.26520971767604
340.772 8.90465736947954 1.303998429887 2.96977706439793 1.57654568674043 8.05020567402244 1.58068823227659 3.64502614364028 1.90514216348529 8.50371975265443 1.66211684886366 9.56848995946348 1.72616083025932 2.99662504903972 1.94470453299582 5.51626440323889 2.27963639721274 3.26209318265319 1.37265921495855 5.57269888557494 1.50249187396839 6.18196952156723 2.37555815950036 4.2990725710988
386.971 5.03474321775138 1.33055725758895 6.70026509836316 1.80051163509488 7.16846822015941 1.99673838960007 5.76878094486892 2.12423062846065 6.7059555221349 2.02335591241717 3.06743607670069 1.64538053683937 9.16036325879395 1.71134637994692 3.45716462284327 2.26318844780326 2.54484876617789 2.20558335026726 5.83664368838072 1.53735582269728 7.53861852735281 1.73874181490391 8.96154974959791
399.733 9.21329117007554 2.37774118538946 5.38298278488219 2.43813655227423 2.32406518794596 2.48834099844098 3.48176545649767 1.88154556183144 9.81592698208988 2.32514310572296 4.48070475272834 1.90947405034676 2.79522730782628
406.269 9.05417657457292 1.65509115997702 7.67997090145946 1.34388146307319 3.24066995829344 2.19768753992394 7.13022508844733 1.9879138417542 2.22156619653106 2.11412627156824 5.58030922152102 1.7605081117712 3.50180936418474 1.70938927792013 2.97311477176845 2.43788350345567 4.64292077161372 1.37469292478636 4.86068470589817 1.46154613280669 7.14005769602954 2.14478841498494 5.30199309624732 2.23489925889298 6.46761837229133
411.316 6.09983166120946 1.30480227787048 7.88973052613437 2.36983209587634 2.98712958395481 1.6973613739945 3.25172210671008 2.40401061726734 9.83213994465768 2.24181481711566 5.30352389998734 1.40137777635828 8.66277843527496 2.40332114286721 8.44886556826532 1.85020329207182 9.75745636969805
414.363 2.61956035345793 1.50487630553544 3.47095388732851 1.5868744129315 6.66224405914545 1.79609686406329 9.7538934648037 1.66396253192797 7.44415363669395 2.4023598542437 2.50832295976579 2.39773286934942 8.72072043269873 1.56888285363093 2.26471454463899 1.72868361994624 6.27260337769985 2.3636233500205 4.12816733680665 2.02035227222368 6.84950110502541 2.04538877867162 6.39907692745328
425.058 3.07847010530531 1.70586425233632 5.62615369446576 1.4312212430872 9.92424764856696 2.30943388780579 5.98704844526947 1.71462571602315 6.74650392495096 2.32717165593058 3.65659425035119 1.3602052516304 4.71333490684628 1.35303166098893 5.79831850156188 2.04288103338331 6.65333034656942 2.3216567799449 7.97952246293426 1.8787988839671 3.9629396814853 1.78974331635982 3.91624702326953 2.09788051908836 6.46781734935939 2.3045868223533 7.07779729925096 1.32065506996587 3.81217453256249 1.71112586604431 3.84746706858277
425.435 4.08241446875036 2.26524513466284 6.53884553350508 2.18144320677966 2.54827854223549 2.1420150058344 5.81975913047791 1.56016812520102 5.23477588035166 2.31948771802708 7.34387238882482 1.77187366904691 7.30572853237391 1.90587505334988 9.68528175167739 1.82887576045468 8.27612422592938 1.95994732147083 7.73652934469283 1.93048652829602 4.59663818031549 1.85924854716286 4.19312697090209 2.18159115547314 8.65455574169755
438.922 9.17931254953146 1.5401248193346 7.06579348258674 2.17087895721197 5.49648258648813 1.97201316133142 5.6868383474648 2.33922539399937 6.06806780956686 2.23912207623944 4.35277083516121 2.27038600789383 3.34753621928394 2.43424820555374 3.00343289971352 1.31181799396873 2.60012773610651
456.43 5.10473784804344 1.65004928931594 6.94713805988431 2.21630426347256 8.79275880940259 1.76031752517447 3.66478749364614 1.73147431062534 2.21142121776938 1.4829125422053 7.99723588302732 1.74476454816759 4.52943921089172 2.30532309850678 8.05061310902238 2.09523615241051 2.54965083114803 2.1299179168418 6.2725007943809 1.6495807104744 5.49122849293053 1.38164508091286 2.24418068118393 1.60837810169905 4.13968479633331 1.53997245868668 8.73837598413229 2.22428570669144 2.08470447920263 1.55861117299646 8.43496548570693 1.35806343816221 9.12942883372307 1.8156869545579 5.10572573542595
476.615 5.39495767094195 1.8871729394421 3.36318033747375 2.21450638072565 3.73632143996656 2.44742116630077 7.6163288038224 1.46023947875947 2.47168984822929 2.07578695416451 3.49403814785182 2.28035254282877 5.05827904865146 2.28738674018532 2.81712897866964 2.04676686665043 8.42395147308707 1.48038510223851 4.26491689495742 1.72886103242636 4.17052634805441 2.38461230807006 5.10117534175515 2.13507049176842 5.04824770055711
506.749 8.70730248093605 1.60650445017964 3.00054491311312 2.30140313385054 8.54831991530955 1.33827347895131 9.96401460655034 1.49474711641669 5.94805741123855 1.67366481618956 3.38157578371465 2.00261803762987 6.95559117756784 2.00880510564893 3.49243333004415 1.71350787328556 5.63898457400501 1.51165954871103 8.29107663780451
509.273 2.74338121712208 2.02470676256344 8.54718744195998 1.94815734680742 5.88524322584271 2.0376317653805 2.93139077723026 1.64256039327011 3.3890307918191 2.2798657970503 9.88444296829402 1.4108873559162 6.46959215588868 2.40419397167861 3.14144046232104 2.4577255807817 7.05870659649372 2.36989196529612 4.61998812668025 1.5252527509816 6.07594523206353 1.55445032529533 4.61417400464416
537.054 3.75083206221461 2.29247454702854 8.66074611805379 1.31840362260118 5.59189415350556 1.59920329814777 8.20359986275434 2.358890879713 4.83281902968884 1.58708743508905 9.00903021357954 2.47132337996736 6.30371003784239 1.60408337656409 2.0641660168767 1.62389323664829 8.59421612136066 1.51712470883504 7.01454890146852
572.599 5.82039371132851 2.3345832856372 4.52395676262677 2.27862054184079 6.38441037386656 2.44283479228616 4.20649828761816 2.20196659173816 7.91181120462716
581.844 6.10503153130412 2.10970236957073 6.64701908454299 2.38230790356174 6.31493420340121 1.72590739447623 6.43634339608252 1.34987882263958 3.87467630580068 1.62925159819424 8.86183561570942 1.97475640121847 5.67528142035007 1.38507457403466 7.05756708607078
654.373 9.76310851611197 1.68725982503965 2.09326668456197 2.17311824159697 5.78742797859013 1.46628326065838 8.06141804903746 1.91980221774429 8.62465779855847 1.40160811860114 3.24263647571206 1.33029853058979 9.43204253539443 1.38633440705016 9.21782992593944 1.91373839024454 6.47173842042685 2.10281581804156 5.57891491986811 2.25573480352759 8.45193243958056 1.44579337118194 6.23195149190724
657.738 3.19941033050418 1.59411883344874 3.68972632288933 2.34494826328009 7.72764153033495 2.44226920353249 5.61142858490348 2.06910483026877 5.3605672698468 2.44962851759046 2.86478739604354 1.3470737435855 9.60888460278511 1.3605312445201 6.29887844994664 2.20137755153701 7.32844738289714 1.96996590550989 4.06450518593192 1.57689708657563 8.84692325629294
670.042 2.35870025493205 1.86266956813633 4.97796505317092 1.41266443450004 6.49064442701638 1.65791909089312 4.16201418638229 1.35126943010837 7.07589202001691 2.31939177792519 5.95395535603166 1.35021472293884 2.58657905831933 1.45440920041874 2.44656801596284 2.23800835795701 9.61123255081475 1.51860342854634 9.80472310446203 1.761494825501 3.0515121743083 1.38332020062953 3.623380003497
724.784 8.91458723321557 2.48161264276132 6.11762586422265 1.6814526184462 5.58533908054233 1.8942073315382 5.74475560709834 1.42538781873882 3.13014081865549 1.5583148595877 4.46577660553157 1.43323865067214 5.84305999614298 1.54863979471847 4.91248185187578 1.74917689878494 6.63727958500385 1.38059038631618 7.75233487598598
726.888 7.23316572420299 1.90972377378494 8.82931516878307 2.48775654649362 4.48186914250255 2.26823301352561 4.50843879953027 1.50938616450876 9.82090032100677 1.35458323815838 5.69006308354437 2.1926935265772 2.7281493358314 2.35568653820083 8.97186051495373
755.858 8.19360285252333 1.31532301055267 5.08738209679723 1.70692555969581 5.81380136497319 1.98770813783631 7.57040651701391 2.02464182181284 9.6873853225261 2.33111459957436 2.85210829973221 1.79215751513839 7.09800041094422 2.24326862636954 3.98861805535853 1.37375210030004 4.98596099764109 1.60321242529899 5.69560803286731 1.42413312634453 8.90004183538258
770.108 7.47294219397008 1.39430128671229 6.14667196385562 2.0022468640469 3.60534171387553 1.81586167784408 7.46484782919288 2.46144395284355 7.89631558582187 2.29237216794863 6.50580500811338 1.90662778876722 9.17770742997527 2.10828399285674 7.68553113378584 1.43036656780168 2.64513826742768 1.99831397002563 2.26439593918622 1.5472466497682 8.47294814884663 2.03520949846134 5.71351034939289 1.35944515606388 5.5763529278338
868.929 6.94003904610872 2.25597213935107 2.85530561208725 1.33796564349905 3.96363101154566 2.42383306166157 6.05947227589786 2.2633865904063 8.75355062633753
880.074 4.41477947123349 1.55934555958956 3.84200951829553 2.08430271772668 9.1811414398253 2.42664979575202 2.21284885890782 2.28720988007262 3.31936812587082 1.35465029450133 9.10767512582242 1.87586784502491 5.05061388388276 1.84392456458882 9.59335391223431 1.62106116618961 5.44896657019854
909.008 3.00377463363111 1.68777499496937 4.86154364608228 1.49215213283896 6.92787325941026 1.42835205281153 9.1321376953274 1.99809500565752 4.81109067425132
914.552 4.57902683131397 1.71657900679857 8.02969895862043 1.43263088921085 4.75733137130737 2.21111005088314 5.56389566510916 2.15658512506634 5.06491054035723 1.64978675413877 7.92155324295163 1.34308638926595 9.90359419956803
921.461 7.53408169932663 1.72602783655748 5.71995192952454 1.31842082785442 4.2005658634007 1.52910035578534 8.35909912921488 1.67688320800662 9.29804968833923 2.14277331577614 3.72552986070514 2.03296281732619 6.00840490497649 2.48043502112851 2.3454625159502 1.80548893073574 7.04279322735965 1.98995003961027 7.53409925289452 1.75316621670499 7.16899348609149 2.07817260893062 7.05972851254046 2.45383551102132 7.68732149526477 2.24332764865831 4.62151931039989 2.42380056502298 6.78516979701817 1.38012310471386 5.34923654980958 2.0165323715657 3.98644407466054
966.236 3.63967217132449 2.42240015324205 2.65264111757278 2.03201439157128 9.29008483327925 1.78504351340234 3.6667392551899 2.36815006248653 7.29586268775165 2.47651685830206 5.42961148358881 2.36507104942575 7.69951968826354 1.99892418542877 7.48100874759257 1.53303069025278 2.86587724648416 1.62859945707023 6.7946444824338 2.10087770102546 4.32408119738102 1.39185425210744 7.92276311665773 2.46424478925765 4.72573017328978
987.828 2.04115719720721 1.98008947400376 6.26387317106128 1.57341498108581 3.22142807766795 1.66764715118334 2.57021955959499 1.45308805769309 2.2574804276228 2.17674025474116 8.26368102617562 2.14250684557483 9.07944661192596 1.33032667422667 9.73347195424139 1.83625148851424 9.52824373356998 1.50496256314218 7.96761518530548 1.56789674703032 7.23998595029116
1003.62 5.49829977937043 1.9780804220587 2.42475629411638 2.30998999970034 2.00444213487208 1.43289946075529 6.33575254306197 1.60472537055612 5.37533415853977 2.06175892893225 8.06755417585373 1.73630774822086 4.50938290543854 1.7622527143918 3.3195735886693 2.30884615154937 3.00740133412182 2.32535090260208 6.51353687234223 1.60883897645399 6.85055899992585 2.25584043897688 7.28015222400427
1024.94 7.9119029622525 1.5918762717396 8.08241047523916 1.83076222790405 9.93234548904002 1.32477160282433 4.48416794463992 2.43668961925432 2.0561725217849 2.13506728457287 9.84711580350995 1.79529389729723 4.36600727774203 1.85347919492051 8.00319984927773
1041.19 7.64503446593881 2.24785277023911 2.50657665915787 1.63092792825773 6.29389744438231 2.11276343753561 8.40112678147852 1.85647376254201 3.11251242831349 1.36702658915892 7.54980218410492 1.38300820384175 4.30178728140891 2.00542659014463 7.44200601242483 1.60244590584189 7.42527618631721
1053.17 6.65709652006626 2.45288748983294 5.38705988973379 1.99005267713219 3.68203721567988 1.80321044195443 6.11612892337143 1.69006053041667 8.78518620505929 2.41687647681683 4.82560151070356 1.5120301168412 3.09907606057823 1.92497975789011 6.16561123915017 1.5298415585421 9.35365313477814 1.90682225842029 4.76444424316287 1.79678090587258 3.20406897179782 1.41293636383489 8.75275630503893 1.48604444367811 5.17337201535702 1.68305604886264 6.77648264542222
1067.49 8.28230886347592 1.42630347767845 3.12226582504809 1.67282404201105 7.66126867942512 1.89497395185754 3.39219920709729 1.31557154767215 9.20471314899623 1.44023178843781 8.37518581748009 1.6908706760034 6.71221716329455 1.77425255738199 6.56992649286985 1.62499677985907 3.25669769570231 1.64335398962721 9.5634396802634 1.72065849388018 7.95959001593292 1.69270744742826 4.64113894104958 2.1307103545405 5.72053508833051
1084.56 6.07230711914599 1.34836892895401 2.61871204152703 1.49973798766732 9.20337435975671 1.36754405433312 3.02938730828464 2.22123345062137 7.28655731864274 2.32305971998721 8.76219540089369 1.81665172027424 8.59321269579232 2.1970492859371 8.04170518927276 1.31978218136355 9.2399642765522 1.91255133841187 5.24502842314541 1.47662487821653 2.21675524674356 1.39946040231735 8.30050795711577
1118.69 2.77526614628732 2.43376963241026 7.60542289726436 1.92440083520487 6.023033330217 1.4689321747981 2.96483573317528 1.69132375307381 7.08767099864781 1.40920792818069 3.36090904474258 1.55157874003053 8.9282296653837 2.45634985035285 8.69276585243642 1.98777998415753 4.27905592694879 2.2290471194312 5.51410652138293 2.05182211482897 5.05972780846059 2.30263691954315 3.81477141194046 1.9252792798914 7.61132571473718 1.98993614520878 5.03186177462339 1.36293006809428 6.63958615250885
1127.47 8.4817600492388 1.48544269986451 4.84056224301457 1.3892152685672 3.02864912338555 1.88891320135444 5.38257462903857 1.93190547386184 3.72726816311479 1.82822252297774 6.26794797740877 2.40240179309621 5.24168575741351 1.39125698283315 5.56897783651948 1.58044694103301 9.0944166816771 1.31155202807859 5.62131829932332 1.35254270769656 5.42585582658648 1.73562529617921 2.62993841990829 1.36526131900027 5.06808279082179 1.72815246097744 8.40279623493552 1.71826977916062 7.3281110022217 2.28539417460561 6.7106181550771 2.17183667374775 4.06922978721559
