# Using the following values to generate the workload:# num_procs = 50
# mean_io_bursts = 10
# mean_iat = 25
# min_CPU = 1
# max_CPU = 2
# min_IO = 0.3
# max_IO = 0.5
22.1209 1.84514948981814 0.398785097012296 1.99886350124143 0.31825884366408 1.96704905317165 0.308614355837926 1.64291461068206
58.626 1.72127319430001 0.394226526329294 1.46170237706974 0.459660973586142 1.94028013432398 0.410384253365919 1.24914983217604 0.350267253862694 1.04761681519449 0.372172149317339 1.57152070174925 0.454251063615084 1.11243327870034 0.368630558997393 1.50387557852082 0.375306095927954 1.51638437155634 0.480881316959858 1.55331124737859
78.9625 1.38348834612407 0.409932211274281 1.15796722960658 0.30638211555779 1.92293288628571 0.417512764316052 1.76222665468231 0.476874398393556 1.08127521467395 0.471795754693449 1.0042244035285 0.370686866203323 1.13000511773862
81.3605 1.08962060324848 0.392608591169119 1.4158263457939 0.378455992788076 1.63705096766353 0.364161060238257 1.71700601093471 0.403164551686496 1.43324522231705 0.491950863366947 1.4337095534429
81.4424 1.07552952994592 0.391825559223071 1.81447799503803 0.407889490295202 1.80724243144505 0.43567450507544 1.22883106255904 0.392987175332382 1.60647478676401 0.337023721681908 1.98124940902926 0.382095650630072 1.06619117641822 0.303589870128781 1.50171569222584 0.424757756665349 1.95657343487255 0.347692570462823 1.60560112935491 0.404434728110209 1.86943884845823 0.331048891087994 1.12983886757866 0.496995507739484 1.97287708055228 0.419796575885266 1.37301119044423 0.442466966668144 1.0964023983106 0.323431328358129 1.90564649179578
96.6154 1.05451886239462 0.380764506803826 1.99240702507086 0.329666213225573 1.35752500314265 0.347110307775438 1.9002714229282 0.484386148909107 1.90370388631709 0.348839608952403 1.23985392483883 0.422428183397278 1.12183019518852 0.330865720286965 1.88784236297943 0.351746198581532 1.11369457188994 0.403827467327938 1.0681302039884
109.147 1.49518248648383 0.411721015162766 1.64321207231842 0.364590356918052 1.90347439981997 0.341583215584978 1.78343578940257 0.424374547600746 1.43325888854451 0.34213918610476 1.21615056530572
192.344 1.80391002562828 0.426938027935103 1.89402419398539 0.48691775649786 1.57136084209196 0.377632999652997 1.84940862469375 0.319550382625312 1.05372212058865 0.433808934269473 1.92284559877589 0.48908590762876 1.01097061112523 0.427334261965007 1.91949769062921 0.418693977966905 1.47811129223555 0.303382123075426 1.3147662517149 0.345780855696648 1.01974010537378 0.387758883554488 1.17043672176078
243.814 1.23451823764481 0.358002230990678 1.63645950728096 0.499631058657542 1.42162277991883 0.403795679938048 1.5946694125887 0.419072169996798 1.61083863209933 0.440037663700059 1.1842800967861 0.391650392394513 1.10863855294883 0.458356577483937 1.87511474872008 0.307759619550779 1.1863595910836 0.410255913017318 1.87249987525865 0.376219708658755 1.83446993469261
253.009 1.82042099232785 0.401385927386582 1.17623348720372 0.491940879169852 1.4975878149271 0.485757664171979 1.38806633185595 0.368438443774357 1.43496965547092 0.414785231696442 1.9137065585237 0.407242480479181 1.17741614626721 0.466030458826572 1.35372111597098 0.411273469077423 1.05225921049714 0.465353705314919 1.93440511077642 0.339791884925216 1.37020093994215 0.373716744082049 1.24842746416107 0.393328673811629 1.52746373950504 0.441560582676902 1.05644884495996
294.323 1.6251618147362 0.300786523101851 1.52827724860981 0.300390754919499 1.42460418818519 0.490923123154789 1.06645609298721 0.468220137152821 1.46305008931085 0.476655763713643 1.84813384735025 0.415051919687539 1.51218984788284 0.381627805903554 1.03477858193219
299.85 1.43725042394362 0.326133457897231 1.41951619368047 0.433764405315742 1.35481643513776 0.423470692289993 1.99273542687297 0.342048352304846 1.077571853064
315.858 1.98484091088176 0.328771942714229 1.45048209885135 0.494756365008652 1.03411911940202 0.376624527247623 1.54280959721655 0.449024539999664 1.71578812715597 0.451358016813174 1.88918425422162 0.34381862883456 1.21257736673579
341.222 1.41969022480771 0.4888337591663 1.03621524129994 0.478700925363228 1.41033266927116 0.449356452561915 1.9431750732474 0.493949410459027 1.38857773970813 0.402409303607419 1.11278506065719 0.350963476486504 1.37679948750883 0.338871490303427 1.17881110776216 0.394205633038655 1.44028107286431 0.453446090361103 1.3568050453905 0.463631349941716 1.42883583600633 0.381998364813626 1.55348236719146
342.104 1.16163207846694 0.40573180411011 1.97670351644047 0.37368115070276 1.21810321346857 0.444708741037175 1.11992475483567 0.333131185919046 1.97641590889543 0.461914372071624 1.26626056199893 0.327805325016379 1.63568616192788 0.461299790907651 1.54422989930026 0.473654440091923 1.15221359510906 0.499838408315554 1.93302262993529 0.375690949521959 1.94282533647493 0.328402074659243 1.82845156872645 0.349925748864189 1.67281951149926 0.442710820538923 1.84797499305569 0.48699420648627 1.90367998345755 0.32920264210552 1.38699557166547
344.427 1.74980451329611 0.401464511686936 1.58904916001484 0.406201004656032 1.82086192257702 0.391492251632735 1.28168342984281 0.341269711405039 1.36639437288977 0.444993269862607 1.22220276971348 0.412271793512627 1.2081495996099 0.436547236284241 1.96297334041446 0.317163054691628 1.43866693973541 0.387144941091537 1.56878192443401
366.815 1.34348095511086 0.337813487416133 1.5639407443814 0.473628538800403 1.49255776684731 0.352895066374913 1.05316488840617 0.49085262301378 1.61833397811279 0.339443938247859 1.39349278784357 0.325567841762677 1.38306528376415 0.487863841187209 1.83617734350264 0.332598014874384 1.90940900007263 0.452461387403309 1.54193737660535 0.480298699671403 1.89868865464814 0.426971777202562 1.49854815471917
373.874 1.00291152182035 0.473914866754785 1.42322738026269 0.429717559972778 1.95616821199656 0.458511946955696 1.60113378963433 0.360782523872331 1.95672863791697 0.439558325987309 1.72369399690069 0.489187095593661 1.19038909510709
391.485 1.34958326467313 0.382621837686747 1.32351298932917 0.472053465479985 1.80806250264868 0.362156203668565 1.06398332864046 0.344656300917268 1.15330247092061 0.371926121134311 1.47080860892311 0.306863185856491 1.78478847793303 0.323172315815464 1.00990479299799 0.423079118924215 1.61571201728657 0.344148516189307 1.9196401014924
409.031 1.31337188789621 0.498276639264077 1.71027469774708 0.366440064786002 1.0807254021056 0.485544528253376 1.09949390613474 0.379199444316328 1.47182587441057 0.333976674359292 1.15400045225397 0.436400748975575 1.57756878645159 0.412268451973796 1.0545080320444 0.412243616301566 1.80545029509813 0.352740732114762 1.94705870817415 0.494227563682944 1.70630154805258 0.340832786960527 1.57777288067155 0.467344136023894 1.03672770480625
530.921 1.82706451322883 0.354696741094813 1.8186541874893 0.438403867930174 1.23097341856919 0.407373273232952 1.3898142145481 0.356725172325969 1.63519663154148 0.318859240505844 1.85256430320442 0.453539850749075 1.02658122172579 0.494752748589963 1.65870541683398 0.498525138571858 1.70242035039701 0.358346870308742 1.72077271761373
578.145 1.12270841514692 0.483416898828 1.10041139135137 0.361570332013071 1.53169729071669 0.484048398118466 1.84181856154464 0.374802132323384 1.7703105986584 0.356211140099913 1.47711204062216 0.496888098167256 1.18464476428926 0.370631058281288 1.02586831408553 0.302744528884068 1.87176065216772 0.462452414771542 1.46484742662869 0.352767498465255 1.16693001938984 0.413967026397586 1.91079563158564 0.331322883581743 1.57090494409204 0.427231800649315 1.67325469013304 0.372309472085908 1.10350698512048
596.219 1.16031025163829 0.468315884238109 1.40908784908243 0.426893500145525 1.49255973193794 0.349254435999319 1.61434351745993 0.469978783279657 1.08564303256571 0.331314803147689 1.16951208119281 0.352437409572303 1.0933978871908 0.354504391364753 1.55114462366328 0.373836145550013 1.85256898542866
659.679 1.89619338908233 0.367623030021787 1.91336346929893 0.450638299435377 1.65151729923673 0.317010813392699 1.45213981787674 0.38086144044064 1.89203930576332 0.339806204522029 1.26461400464177 0.414032334228978 1.68768813018687 0.410662736790255 1.20791363832541 0.360335089452565 1.05615918291733 0.478691059304401 1.60372374230064 0.351844316069037 1.73356265365146 0.438182635419071 1.84446902363561 0.423949841409922 1.11252306587994 0.452342794975266 1.81540418695658
675.124 1.41715437686071 0.480297092627734 1.26554693328217 0.477138539217412 1.27190533652902 0.319981614174321 1.56459847884253 0.414369782852009 1.97479503741488 0.412617130065337 1.42210340453312 0.414949153363705 1.58918441063724 0.493908662674949 1.05206523602828 0.332665895763785 1.88760096696205 0.340360275283456 1.2079180101864 0.303348903171718 1.26287808571942
685.099 1.37339072185569 0.377323214896023 1.37743765744381 0.474437931040302 1.00694282795303 0.480757296411321 1.80408507818356 0.312921082507819 1.65424097236246 0.322383828787133 1.53603714867495 0.37249749423936 1.07184307207353 0.489796314621344 1.06889646383934 0.384905709838495 1.3722120616585 0.36291332822293 1.29974229680374 0.483149440493435 1.33180203218944
702.492 1.49681134731509 0.325392877031118 1.36164835770614 0.42932644598186 1.58374851592816 0.318325338931754 1.38186074630357 0.306241941824555 1.92426156625152 0.379959518183023 1.86976684746332 0.362349002901465 1.00830443878658 0.391454904479906 1.00677755544893 0.36468105413951 1.11796674923971 0.405318917054683 1.26207566773519 0.300954429572448 1.48020087345503 0.495312412222847 1.69190820725635 0.473406540974975 1.39015952311456 0.337737219873816 1.93266105046496
714.153 1.49309840169735 0.344652665872127 1.93027354381047 0.452394001139328 1.5415560384281 0.499321417231113 1.51690412592143 0.470008103782311 1.3463204393629 0.423158103320748 1.79546125140041 0.307678507268429 1.23445528629236 0.495216624485329 1.16899116779678 0.435036537516862 1.73750097746961 0.467438782984391 1.41633209376596 0.395329170720652 1.20344181801192
821.026 1.43646303680725 0.498399961646646 1.63649653992616 0.485640786262229 1.41223150654696 0.364809922501445 1.36091021751054 0.386279313499108 1.11533639254048 0.349743213225156 1.73692771326751 0.437742003519088 1.72661904711276 0.416897914418951 1.96077205007896 0.320303155155852 1.49220735044219 0.422148553235456 1.60123549913988 0.477634334983304 1.79394185519777 0.300169490696862 1.84769744495861 0.439578855969012 1.45246544806287 0.312208198057488 1.2424972448498 0.492605522181839 1.73489959863946
843.817 1.08148854062892 0.403081592451781 1.65545368287712 0.344341585738584 1.33804643782787 0.46637367811054 1.62077969568782 0.494193829735741 1.6261864497792 0.322505005123094 1.93810866191052
848.492 1.34822397166863 0.485623312089592 1.0906366663985 0.348767935391516 1.98357942281291 0.420938008930534 1.75703283748589 0.437704907078296 1.79944788874127 0.337552102142945 1.05779064027593 0.424738726764917 1.75784693029709 0.462002701824531 1.09902020054869 0.388209036830813 1.56281771720387 0.496060216519982 1.79636910231784
858.872 1.99082721723244 0.457115170871839 1.41506678797305 0.312035244144499 1.2500327527523 0.315162609890103 1.03550591901876 0.362211934756488 1.07744301087223 0.324613691028208 1.30427568848245 0.385207517398521 1.28944191872142 0.440901207271963 1.16361682210118 0.313590374682099 1.05140975723043 0.352440962335095 1.92882855981588
937.808 1.26685687457211 0.390713816741481 1.36888885195367 0.456494862120599 1.11633511050604 0.323515173746273 1.3303633495234 0.447828488051891 1.18072324711829 0.34055205588229 1.16288590617478 0.463532870775089 1.27021587616764 0.465838620066643 1.64692352572456 0.45280891712755 1.30748259578831 0.435631621396169 1.48704047617503 0.458126367209479 1.69755226769485 0.380331372097135 1.98581409757026
958.7 1.93566455831751 0.44263325529173 1.95902572269551 0.327463564323261 1.38909595506266 0.353714913129807 1.7409041209612 0.322981899464503 1.06419083941728 0.434277837909758 1.03615083033219 0.377745922002941 1.14016658114269
984.688 1.52887531230226 0.384502417221665 1.92556256568059 0.403193323640153 1.12932079425082 0.488490672968328 1.23502596723847 0.354896667925641 1.15427358122543 0.327636611880735 1.37950257933699 0.429982830584049 1.23294745315798 0.36810331759043 1.56123231770471 0.423266760632396 1.10078609338962 0.353284340212122 1.54415412410162 0.43901916667819 1.10044000390917 0.446527764620259 1.21454630512744 0.330487612402067 1.75615135813132 0.409232687344775 1.10395001084544 0.338127299211919 1.48450905457139
990.205 1.13518448383547 0.352529828576371 1.62093553342856 0.360892789531499 1.21252282802016 0.385737553937361 1.14295777771622 0.429004952870309 1.14082269486971 0.473193228244781 1.23877293104306 0.440489051258191 1.51644009840675 0.40806227424182 1.90687026176602 0.444786014128476 1.66224205330946 0.383710898505524 1.95483444118872
990.573 1.68371557001956 0.387727308832109 1.47484424430877 0.311241007735953 1.75640298053622 0.439477510377765 1.93604931142181 0.480489826295525 1.96963531523943 0.394741726759821 1.29645786853507 0.389459643373266 1.02444323524833 0.356436772458255 1.6192223073449 0.384084396017715 1.1059293190483 0.426342544564977 1.84008299885318 0.445814271830022 1.59498853469267 0.371882430836558 1.21109842765145
1073.8 1.38554240926169 0.323446537507698 1.0704544109758 0.409927788795903 1.29642116022296 0.449019190389663 1.93802803033032 0.362240356160328 1.24042467749678 0.451212694775313 1.82248623506166 0.317909685522318 1.07552990876138 0.454377041710541 1.75070423493162 0.433038235455751 1.25839515659027 0.395853503094986 1.56205600011162
1093.28 1.8174481599126 0.424532067077234 1.37137138121761 0.399047352094203 1.80953822750598 0.425046668387949 1.70250831870362 0.459940069168806 1.89160561584868 0.482211489416659 1.75192407565191 0.322590393945575 1.00527697615325 0.472794740553945 1.3294662667904 0.359104986442253 1.63957296684384 0.394292927533388 1.47742715966888 0.465863381512463 1.48926548333839 0.456678172433749 1.2297744108364 0.460352509329095 1.05055807018653 0.373703373083845 1.09476441238075
1103.93 1.79523313394748 0.455045704217628 1.32881634915248 0.483955446444452 1.49097107676789 0.477012453833595 1.26906907418743 0.456817778013647 1.90542799723335 0.440625211549923 1.6041008788161 0.474212372815236 1.49591104499996 0.408895674068481 1.26740521285683 0.341165089653805 1.62377075012773 0.314779647625983 1.69021165976301 0.340893317200243 1.90827764337882 0.368031713319942 1.80776408617385 0.344918298535049 1.5982851521112 0.342533207638189 1.28834372293204 0.326220210734755 1.63163782842457 0.475314192753285 1.27934859856032 0.303916480951011 1.81084566167556 0.37217255551368 1.53304665791802
1136.08 1.32664405717514 0.456026759697124 1.25614822958596 0.368662978708744 1.29422213509679 0.457931066118181 1.20090161892585 0.332862271927297 1.72185445087962 0.320706000551581 1.19460218818858 0.370708656264469 1.62752918852493 0.40811669556424 1.6273565099109 0.341060993261635 1.04070013854653 0.325625735754147 1.07749775098637
1161.77 1.82306301314384 0.305728396493942 1.07908175629564 0.445008600736037 1.05401136307046 0.358752785250545 1.60455525480211 0.423045696923509 1.33424961706623 0.397176413005218 1.08524710475467 0.441922330902889 1.26404608529992 0.373619755916297 1.4408288965933 0.335736436257139 1.89499466330744 0.383732261834666 1.74694605940022 0.424145091325045 1.84240241581574 0.372322876797989 1.46843518060632
1165.93 1.63955949246883 0.394368493324146 1.78206698736176 0.471342580812052 1.4368295960594 0.482624119520187 1.28858380881138 0.318096003774554 1.05997921084054 0.344901495194063 1.83549927710555 0.445122441556305 1.90782453934662 0.311283993022516 1.07366682286374 0.329192693391815 1.31945853657089 0.374150228779763 1.83469878346659 0.466829873155802 1.56641156622209
1170.64 1.46899703005329 0.38851968809031 1.25707251252607 0.313984195049852 1.26565212174319 0.403728368459269 1.87377594481222 0.459958397177979 1.58265039371327 0.317004275694489 1.18551747803576 0.352896617632359 1.24082720372826 0.319043028308079 1.76313555520028 0.423937574960291 1.11199425207451 0.35631505837664 1.3007866286207 0.348582718800753 1.97675414313562 0.349682522052899 1.77031520544551
1208.88 1.50537965982221 0.303907437250018 1.48832990368828 0.332763366261497 1.04342926316895 0.412448994861916 1.53884952422231 0.384953273879364 1.94492805097252 0.352070519607514 1.5863256175071 0.453981640376151 1.08561908779666
1210.77 1.20609971298836 0.322234217636287 1.34566970844753 0.40585624827072 1.13801634963602 0.451310476660728 1.33876455319114 0.396006705984473 1.53002238110639 0.418628124799579 1.91283156839199 0.330538778658956 1.74987265584059 0.401966001465917 1.11787639581598 0.418188356049359 1.98382669989951 0.399840406281874 1.86544238706119 0.461755620595068 1.4564548060298 0.437300980975851 1.46570839849301 0.302758191339672 1.74550333991647 0.37292110058479 1.24621114484034 0.319403658807278 1.74444575770758
1257.5 1.67770713404752 0.38533129747957 1.0030796204228 0.313170093297958 1.66103556356393 0.460667947726324 1.22994545078836 0.415066519472748 1.10316604631953 0.32946471334435 1.98867371305823 0.467041905922815 1.62356387544423 0.419033377431333 1.65615338715725 0.392407825123519 1.37091632070951
1262.31 1.06041369820014 0.417947675473988 1.16905430215411 0.472778693307191 1.84834959823638 0.36955897337757 1.24174948316067 0.338328720023856 1.81928509031422 0.458407934149727 1.84854854294099 0.323121487721801 1.76766249793582 0.410982935130596 1.08463975484483 0.334743977477774 1.33174441126175 0.461446617171168 1.25216808519326
1300.94 1.42421856545843 0.301181791396812 1.22338573588058 0.449192319903523 1.19547410029918 0.424185794591904 1.69580862438306 0.465698090242222 1.30084383348003 0.479245830047876 1.83885217551142 0.345252975821495 1.80667721386999 0.381862778123468 1.6601295794826 0.474096987582743 1.62959192995913 0.411493119969964 1.26108394283801 0.343697866192088 1.45402402058244 0.434667240269482 1.60882647824474 0.376712658349425 1.76078619319014 0.321471255505458 1.81339736538939 0.488992372481152 1.63143442152068
1413.45 1.13203357765451 0.453437344776466 1.27200929191895 0.436412966577336 1.04265463585034 0.375688361516222 1.20260216062889 0.445564195048064 1.38345182454214 0.428746164543554 1.16556498873979 0.362701539788395 1.90910407039337 0.444760375237092 1.09801030671224 0.407518827775493 1.86861344217323 0.466146288020536 1.36814469587989 0.465397929912433 1.2834394951351 0.449834955018014 1.34669306315482
