# Using the following values to generate the workload:# num_procs = 50
# mean_io_bursts = 10
# mean_iat = 25
# min_CPU = 2
# max_CPU = 10
# min_IO = 1.3
# max_IO = 2.5
17.334 4.24034903757274 1.64855295475572 5.76940392702818 1.76702778656036 2.9413595199585 2.30182952992618 2.84496572613716 2.3355386544019 7.16925971955061 1.6974280456081 6.87843801639974 2.38034879909828 6.94544268958271 2.10600043023005 9.3511607106775 1.45622499557212 9.31169645115733
36.8994 4.58355959132314 1.30672924024984 4.29177550598979 1.58010119758546 8.41460923478007 2.40993206556886 7.95128723978996 2.0210541350767 5.30726294964552 2.3944100420922 7.00516183301806 2.27579029751942 3.3309723790735 1.85541833816096 2.82709174975753 1.64250328429043 3.38696545362473
40.1381 7.44532089307904 1.70725619504228 6.76484417542815 1.78971420824528 8.49075568839908 2.20959217846394 9.49534373730421 2.11147272726521 9.5641516558826 2.16176885105669 2.03858239389956 2.13493738211691 7.83664355054498 2.15441063027829 6.06583235785365 1.67111689951271 4.16173629835248 2.16076397290453 4.34953011572361
64.0993 5.16598527319729 1.40346775613725 9.98897769674659 2.35381149165332 3.16546440683305 2.19688402302563 4.95642882958055 1.50423971563578 2.05506375990808 1.46018388494849 3.24364215694368 2.01701278816909 9.25174415484071 1.55651796618477 4.8959398958832 1.42468560244888 5.16059534437954 2.3723309119232 5.25754656270146 1.40550364553928 9.91160563193262
101.434 2.39916883409023 1.92155330432579 3.08445602096617 2.12499513067305 5.61144386790693 1.35707558896393 6.30410326085985 2.04440026842058 4.82216451503336 1.66978537943214 3.12474926933646 1.56311355056241 3.59675868414342 1.32702384954318 3.77877372689545 1.85161886420101 3.90271026082337 2.238730704505 4.07209082506597
105.421 3.79233851656318 1.95017735166475 4.27801891230047 1.43748778942972 7.96127327717841 2.38972728261724 6.15699176862836 1.49854573598132 4.59754566289485 1.46494255121797 9.46242088265717 2.00783100500703 5.20026776194572 2.13414198309183 5.87886287271976 1.60488005857915 5.10916388034821 1.62279502125457 5.83303536474705
147.452 8.10676611401141 2.48146922001615 8.18929019011557 2.43136784220114 8.81948384828866 1.51393836131319 9.63638536259532 2.41974450843409 2.25864931195974 1.53856684593484 7.25103479251266 2.4943852391094 9.81283730641007 1.45638552382588 6.7419675309211 2.2341208527796 5.76022396609187 1.87270548036322 5.76405460201204
157.162 3.50995734706521 1.86919152000919 3.59774820692837 2.16169902449474 5.52094255946577 2.06657303255051 2.8101903013885 2.46676358832046 2.74706158600748 1.46895702127367 5.31178691983223 1.83794508837163 9.62190912663937 1.35931653045118 5.8195771202445 1.65847943648696 3.17036690562963 1.83655633106828 4.00644296780229
165.469 5.10857817716897 2.02447620742023 4.6603063121438 1.90285475412384 9.48075156845152 1.64015626367182 5.5534165520221 1.61327635794878 6.18358658440411 1.96488040005788 2.61684929952025 2.11693779826164 7.40660673007369 2.03837715601549 6.62370141409338 2.27077073808759 3.08558823913336 1.37067060312256 8.15146078728139 2.23225284283981 4.13962863385677 1.83751559602097 6.6363962739706
207.684 5.13777465745807 1.99996618283913 8.42937131412327 2.37172095552087 3.3154882825911 1.66369971456006 2.47001886926591 1.46046535568312 8.80925045907497 2.4470681113191 8.00150226429105 2.29475580379367 5.65166407451034 1.94886376829818 3.74418116919696 1.54243288896978 8.7006483823061 1.77135514104739 7.87903255410492 1.93341212458909 7.0438595674932
208.613 3.83322872407734 2.25759811094031 6.19284394197166 1.49347487064078 9.84665398672223 1.75359037732705 6.68908187747002 2.07595767844468 9.2114614136517
209.369 6.9283313266933 1.30471469340846 5.54843081906438 2.16106701893732 6.6280977204442 2.24543346157297 4.3133590053767 1.77175362538546 5.30715791322291 2.18233322491869 8.59639296866953 2.01614718483761 6.86156861484051 1.52239538449794 2.61464111506939 1.45581259364262 5.06140241958201 2.39643545383587 5.85405631735921 1.82787313619629 9.90613553859293 2.28113801488653 2.68344554491341 1.42047642217949 8.55610950104892 2.18276744773611 4.12892520986497 1.82586457235739 3.99458731897175
217.3 9.52176517434418 2.08537754677236 3.91962287761271 2.27096130819991 5.05280083790421 2.10140570476651 4.90213740803301 2.28657360896468 7.51892280206084 2.36061319904402 5.4968979600817 2.00779233509675 4.05379692092538 1.69533145138994 6.8969800285995 1.31041426183656 2.3180792722851
219.13 7.84477623179555 2.32349430155009 8.31510135345161 1.94824654841796 8.27963589504361 2.28423668490723 3.51773246191442 2.1483336049132 4.36711069382727 2.3809990269132 4.5894214399159 1.31719549335539 8.35664080455899 1.72267168983817 7.13038457557559 2.04378162585199 2.53034515678883 2.2404693942517 6.79322083294392 2.0797603324987 2.48137645982206 2.4860603345558 8.90621007978916 1.98579238289967 7.62747992575169 1.42749431533739 7.90520112216473 2.47984260581434 7.15544394217432 1.90258066030219 9.08177844807506
253.413 7.26098623685539 1.68363156234846 7.4645937718451 1.93905979339033 9.40579042956233 1.89668918484822 2.45009589754045 1.38134987028316 7.92653310485184 1.93150408016518 2.73318513669074 1.44647390404716 8.96893351152539 1.92208751486614 5.81238237395883 2.3722362279892 6.27765510603786 1.98549119932577 9.28585722669959 1.57412796001881 9.39086882025003
253.936 9.68914485350251 1.97187987510115 6.61383189819753 1.56587641080841 2.05498945340514 1.98551925579086 7.62218375876546 2.45631491960958 2.82394855283201 2.03256244650111 2.43655316904187
266.523 4.21052647940814 2.479475359153 7.72726402804255 1.33224565256387 8.51431737467647 1.56218285337091 4.25207412242889 2.33812640830874 5.98424446582794 2.16691906647757 3.01515513844788 2.43607686301693 5.85423317737877 2.35776583272964 8.10304662957788 1.91739909816533 3.60128592699766 1.82152047809213 6.41525493003428 1.53277354352176 8.82793099433184 1.53203424876556 8.40602791123092 1.41611404782161 4.2036133017391 2.02241145353764 7.50118790753186 2.35843275059015 8.94686282612383 2.07563217869028 9.36894341930747 1.50174931641668 4.36716048978269 1.67333460915834 5.24407985806465 1.40450500380248 6.27488035708666 2.3998007837683 6.65896297432482 1.91531445961446 5.63803377375007
277.999 3.57137119583786 1.82570553552359 2.05452846549451 2.39286012509838 3.55203778296709 1.9676229598932 7.53435699827969 2.18317852476612 9.63581478595734 2.20561917312443 8.64919636398554 1.87603285815567 2.77455791644752 2.22970608174801 2.81934666261077 1.91246835002676 8.83588894084096 1.3183697658591 6.86271719820797 1.7532516730018 5.86678855493665 1.71300400327891 6.00978460349143 1.30642179790884 2.03996822237968 2.38858426846564 4.81536148674786 1.31838727453724 6.32715371437371
301.455 6.38197522237897 1.79948796136305 2.5158225428313 2.40447838613763 6.25736965052783 2.27635549372062 2.23498129844666 2.05227337442338 2.05337704345584 1.97237117365003 8.2331147827208 2.12090975753963 3.93257119506598 2.27027703588828 2.25121790543199 2.08587582521141 9.7857201769948 1.63151901140809 2.41141491755843
306.305 8.77759937010705 1.92200211361051 5.91454388387501 1.73619958367199 9.37281710468233 1.49024008968845 7.88549593091011 2.04873342122883 2.94125850871205 2.48931445172057 5.10765057243407 2.44381143627688 6.20241321437061 1.67585252560675 5.70817681588233 1.76332035232335 5.70591460727155 2.26541426889598 2.32512724213302 2.32441442720592 4.41710976883769 2.04720282144845 2.83211361058056 1.48342559095472 4.29571271128953
325.041 8.97438628226519 1.62726233871654 5.68985521607101 1.67938030771911 9.54439295455813 2.26588359847665 6.15890774689615 1.6707482047379 7.95224753208458 2.4142476292327 4.85051616840065 2.47365738125518 7.2200971506536 1.69517460307106 5.30069858767092 1.40392336789519 3.8736729323864 2.05180175937712 4.71314031630754 1.69357496993616 4.15917609632015 1.71430961880833 4.5150880664587
397.619 7.95282143354416 1.5919352482073 4.69976804405451 2.22638581376523 2.66011449322104 1.49825087040663 2.62117827683687 2.40624748487026 3.28766079433262 2.02447665752843 2.97188307531178 2.25663103712723 9.98605630733073 1.47663036752492 7.21204069629312 1.41435212371871 2.59494997188449 1.51722336746752 7.58999210968614 2.03614899273962 9.25072645768523 1.41435576174408 8.36173551343381 1.97712299386039 9.8130557294935 2.15608896557242 9.75299984030426 1.63536954540759 2.53333996422589
440.174 6.70011988282204 1.3507738288492 5.99974496103823 1.94109133565798 6.16541983000934 2.49165839143097 4.73350968770683 1.85897210752591 5.8405325319618 2.21950540393591 6.3462085891515 1.46785950018093 2.33388354443014
473.095 5.3188456390053 2.09386520357803 8.01831815391779 1.92421174896881 5.92503966018558 1.80449769943953 4.41278664022684 1.53251244863495 3.06108293123543 1.75721667362377 8.23992597498 2.35570302680135 3.49788226746023
548.365 6.79406321235001 2.03901328882203 5.47533957660198 2.33060991428792 7.50314267352223 2.33232900155708 4.04706647992134 1.49065926922485 5.17042296379805 1.64377695191652 3.21830456145108 2.40194224826992 3.12832568585873 2.27780680684373 8.18735574558377 1.9919606952928 4.75804909877479
571.273 7.40264661051333 2.49358232989907 9.80081542395055 2.03852901570499 8.20653109624982 1.92322936616838 7.99593609757721 1.51621715324 8.5008128285408 1.95990469418466 3.31212200410664 1.54157094629481 8.208312202245 1.84945064857602 7.51640318706632 1.73505441397429 7.12609075382352 2.2481844955124 4.03908678330481 2.09948869142681 4.84955843351781 1.39785169325769 8.87826636247337 2.21557902628556 8.71122298017144
571.783 3.28420036099851 2.06666385354474 5.50245830230415 2.16934995055199 5.09489265456796 1.89454118274152 5.69046268798411 1.90653611784801 9.89784217067063 1.63903581136838 2.91781455278397 2.24348984351382 3.76101233623922 2.14469284676015 5.42087644711137 1.30091095557436 9.37783674150705 1.73720037788153 5.81848828494549 2.28912599794567 3.49905105680227
677.761 7.91288989968598 2.17840879186988 6.34720283932984 1.68133889781311 3.77840676531196 2.27558706123382 6.26307519152761 1.39750940036029 4.15061152167618 1.37032013870776 6.39183173328638 1.44319504490122 5.19750126264989
687.946 3.44730445742607 2.38368997629732 9.18386301770806 1.66750339567661 6.78030423074961 2.33709800131619 7.99960700236261 2.1068890530616 6.48854211531579 1.78311016988009 3.15635494887829 1.53365622637793 4.51208000443876 2.08228022987023 4.23946659453213 1.92913796501234 9.08620863780379 2.01608614278957 9.52825379557908
691.238 7.64504040032625 1.76971772592515 5.52823869511485 2.37114799376577 7.30376144312322 1.9742495637387 4.9477818608284 1.61433906620368 2.25462037324905 1.66182829542086 9.19163750112057 1.86070761522278 3.78548508323729 2.49126320146024 4.41009573824704 1.70374955097213 7.50529024936259 2.48204646967351 9.0270457174629
725.129 2.88600882329047 1.36516880430281 2.62596593052149 1.67237581387162 3.62315518781543 1.62156440531835 4.68251066654921 1.80337644834071 8.90515295788646 2.32893158374354 4.24858496338129 1.89548835791647 7.25563592277467 2.0419723062776 8.36490306816995 1.43123040730134 2.76169524155557
728.686 2.81803539209068 1.97595327496529 4.76295289956033 1.65470565333962 3.49297376349568 2.48987679416314 2.60607470199466 1.50816234936938 5.96326568722725 1.46223076526076 8.53519634157419 1.63971931617707 2.15539499185979 1.53447669930756 6.1209805700928 2.34537677830085 9.86314764432609 2.25531215695664 6.66408191621304
739.521 3.93319683708251 2.30708366557956 8.19288623332977 1.47978438129649 3.80216252803802 1.61733956541866 3.59606220945716 1.33853853680193 6.0041033513844 1.81750220516697 6.26967683620751 1.36304666120559 8.3510374892503 2.37665616339073 3.21100395731628 1.41205704715103 5.87552697211504 1.3603328647092 4.53481232188642
754.016 8.64540594816208 1.48911380944774 8.96652671135962 1.816696754843 9.30237377248704 1.48954201824963 5.28516897931695 1.98958320925012 4.24289318732917 1.41639619832858 3.16289260238409 1.40803512781858 2.81694875471294 1.88616189025342 4.53288654610515
786.967 6.38582836836576 1.40979180680588 9.83305628411472 2.46642931886017 4.66884067282081 2.42340226005763 4.50607634522021 1.90923107489944 9.12833998911083 1.36780704269186 5.72297587990761 1.31658196318895 6.36280301958323 1.39175817677751 8.41022163443267
811.475 8.47252495400608 1.94175516003743 6.78715185262263 1.30039862683043 9.46005078218877 1.66859362004325 3.50961599685252 2.44524295469746 2.29254547692835 1.49538814984262 4.73376728221774 2.42631396306679 6.33976315148175 2.25784787125885 5.01761817000806 2.20132535519078 6.44322579726577 2.05296419439837 4.74110272340477 2.389692175854 5.89681816101074 2.40090854307637 7.52868355065584 2.46198983434588 8.27438376098871 1.55941076744348 4.81861059740186 2.04642767952755 9.34006585739553 1.76329269735143 2.3678976111114 2.30877119386569 4.59291398897767
833.389 7.8799147810787 2.00269579906017 4.82552169822156 2.12953023733571 8.37136762775481 1.82892135661095 4.12372206896544 1.87517633046955 2.83483430556953 2.47659566579387 4.09645591489971 1.35165952555835 9.78622192516923 2.25037919152528 3.54579576477408 1.94646551860496 9.85942890495062 2.47275498779491 9.89172510616481 1.51960298586637 7.55122534371912
834.19 8.55269560217857 2.44994252072647 2.66191199049354 2.408921275381 7.34655725024641 2.30667727431282 8.76678365468979 1.40279066739604 9.68129134550691 1.80016740933061 8.51785721443594 2.20489470511675 8.39740095101297 2.29304677033797 8.7046847268939 1.94975971998647 6.56881229020655 1.40601958408952 8.41455875337124 2.2992840747349 9.47454698197544 1.75400050636381 7.73035137727857 1.38005364052951 8.11517598293722
849.127 5.91992590948939 1.95432586958632 9.0745317786932 2.17077741939574 9.71431841887534 2.31618231562898 2.90262482687831 1.59620873108506 5.13174435868859 1.31629533842206 4.48109352216125 1.84826580872759 5.62895121611655 1.87648292444646 6.78280610404909
849.321 4.33970654755831 1.50631905738264 2.2427972368896 2.13524328162894 4.30333750508726 1.76113699059933 9.17713413573802 1.38502341061831 2.45080338045955 1.63710442809388 8.64443996921182 2.35193176437169 4.522231657058 1.79893748937175 2.91076617129147 2.17279394017532 9.06843290477991 1.70662980535999 6.37340614385903 1.8091939356178 2.88459985144436 2.20626306785271 3.56509859673679 1.53005882445723 2.56072933040559 1.89132966129109 5.66810956597328 1.69450108585879 8.23472418263555 1.74949977165088 5.9903327934444 1.92638522256166 8.23334809392691
922.315 7.62399864941835 2.15310706747696 2.0174600686878 2.03957892004401 9.71548471227288 2.34585231691599 9.43926561623812 1.84206456188112 4.85387494973838 1.78118573548272 9.72496002726257 2.20092431241646 8.83439567312598 2.38938356731087 3.14437187835574 2.44750106846914 7.79882328212261 1.67293647490442 9.70303169637918 1.5167596177198 5.48096487298608 1.63520223787054 9.12801849097013
974.58 8.21371144242585 1.98815777665004 8.28208428062499 2.39459697054699 3.64265103265643 1.86325334701687 9.8269290048629 2.4925766906701 9.900663966313 1.98854786707088 3.78813655301929 1.87216764325276 4.62334560975432 1.67389100240543 6.533880636096 1.67234984282404 5.50093648396432 2.40047205239534 2.59783655591309 1.80159166902304 8.72093266621232 2.097394196596 9.69915641658008 2.39971588263288 2.09987713396549 1.39190171770751 4.00412314757705
983.7 7.22684991359711 2.45739279743284 3.74433631822467 2.45755397416651 2.16571508534253 2.43776256293058 8.67822978831828 2.29178050532937 7.52300025895238 2.05830091442913 5.68206540495157 2.07772666905075 6.46662894636393 2.14943591877818 3.93149421550333 1.86957683861256 8.35451532527804 2.09955760296434 8.98504214733839
994.575 7.22822346352041 2.02950697373599 2.72030650265515 1.86927119782194 4.98560516536236 2.42177257835865 5.8708812315017 2.26444511217996 5.76751195639372 1.83074966203421 9.18993170745671 1.46552846329287 9.16604295559227 2.44059702334926 8.21409035660326 2.20710681313649 6.24925385043025 2.251753253676 5.52741977199912 1.49702567923814 3.27612617239356 2.14030272103846 9.18863878212869 2.07950620716438 7.41135223209858
997.544 3.32226011715829 1.95240253098309 9.40953387133777 1.48887176830322 9.11747282929718 2.31917382804677 2.41123687662184 1.63506885524839 2.47605521418154 1.82155629536137 5.45073730871081 2.29520220747218 2.18726136162877 1.48068144330755 4.67307017557323 2.28929167492315 9.11414518766105 1.30022866697982 9.61359130591154 2.3561120050028 4.86966363526881 1.33740321528167 5.64586350135505 2.11023133806884 5.08342414721847 1.68440315397456 9.5576790496707
1008.97 6.73091957718134 1.71055567814037 4.24384227953851 1.86026168651879 9.8437204901129 2.06357275350019 6.51383000798523 1.87449254039675 3.8608744610101 1.56780697656795 9.33995703607798 2.04222613768652 6.74652404524386 1.47850587423891 7.62149172648787 2.05158754587173 3.68121335469186
1025.7 7.80425894632936 1.95334462085739 4.59227579459548 1.87366245621815 9.91562027484179 2.17238079952076 5.84580275602639 1.42399727134034 8.95886275172234 1.32546393405646 9.56494884938002 1.71683149347082 8.01552728936076 1.85822482677177 5.39120884053409 1.49580841651186 8.82575153373182 1.96128385448828 3.68139846250415 2.37554658912122 4.7506815623492
1026.2 7.28185704350471 1.51485105361789 9.12119907326996 1.40052665611729 2.6860721744597 1.51754532530904 3.29423621855676 1.6520582024008 6.66267259605229 2.15833309916779 4.31758258864284 1.5839182372205 8.12082924507558 2.07322447784245 7.08443012833595 1.5463840873912 4.46266474202275
1109.12 2.62768519669771 1.66552598653361 5.35275371931493 1.67317601097748 7.91873270273209 2.15502712009475 2.99450387619436 2.23226617621258 4.3309831507504 1.52476365016773 8.88033748418093 2.46704065101221 9.79044593311846 1.40325486054644 6.45853251591325 2.0426601822488 6.01064996421337 1.94247618336231 8.75374231860042 1.42738853991032 5.46553618833423 1.87005977844819 8.8250172547996 1.62419516704977 7.9885482378304 1.55839944500476 8.52411367185414 1.96039752271026 3.41187676787376
1119.99 9.64001915603876 2.43913989821449 6.76398129016161 2.09032914936543 9.13072370178998 1.79006551560014 3.37871365994215 2.21954115387052 7.9378324970603 2.4258493963629 6.72265504300594
