# Using the following values to generate the workload:# num_procs = 50
# mean_io_bursts = 10
# mean_iat = 25
# min_CPU = 1
# max_CPU = 2
# min_IO = 0.3
# max_IO = 0.5
20.6732 1.05127016780898 0.320470726070926 1.88430335186422 0.362045367294922 1.11523820948787 0.497485091071576 1.12699728133157 0.478327450482175 1.55781621579081 0.310596804087982 1.92338689113967 0.302994870720431 1.46999265020713 0.460534282075241 1.59765009954572 0.339958779839799 1.58406520495191
48.0979 1.31869542319328 0.378870234359056 1.03597316495143 0.437318491702899 1.19002235936932 0.359292355086654 1.24873824557289 0.471182691724971 1.44682225282304 0.365142146870494 1.66533339302987 0.406811570702121 1.63137921108864 0.457320994744077 1.56585311354138 0.435665126424283 1.88175619975664 0.457413119962439 1.78642527922057 0.482456927001476 1.50324638094753 0.378724461328238 1.34223865694366 0.393793235905468 1.05440624104813
68.3273 1.92743482859805 0.399959545955062 1.09877977753058 0.492162818228826 1.41321606142446 0.358798443945125 1.35343177011237 0.469091467373073 1.05701042246073 0.443134563835338 1.5355914386455 0.358449848089367 1.89514802885242 0.450477376300842 1.96065145987086 0.498568351985887 1.10287181218155 0.394993290817365 1.41372233186848 0.404978690529242 1.59159971866757 0.37678420948796 1.4116146012675 0.457356104347855 1.31966060143895
95.9892 1.3353724507615 0.387156082969159 1.05347552197054 0.465929355006665 1.63301357696764 0.455123106529936 1.23909484292381 0.383794714137912 1.91321530588903 0.391917771566659 1.00149102904834
96.8053 1.84770102216862 0.316491053253412 1.41878149099648 0.355794953694567 1.09136688546278 0.344376360019669 1.22010892583057 0.451826037652791 1.42405489063822 0.309406292112544 1.41973057668656 0.316066231578588 1.8450759681873 0.423867432959378 1.33590511395596 0.446180055849254 1.69696592120454 0.323324039345607 1.54640555148944 0.456402284046635 1.55686638969928
103.066 1.68288623169065 0.473312978632748 1.74492253339849 0.436922948341817 1.248652942013 0.335789622087032 1.2100059252698 0.350407967204228 1.46278087957762 0.345243718195707 1.17934108083136 0.376290037622675 1.5755114397034 0.43280764836818 1.86919896118343 0.304234960442409 1.74293278413825 0.31488471175544 1.44311957806349 0.47797615933232 1.22660594247282
126.419 1.364453851711 0.495523188542575 1.51381473965012 0.357545353192836 1.57884068437852 0.346142609743401 1.62863683328032 0.329418757464737 1.40858670533635 0.345849926397204 1.9354127892293 0.337162087997422 1.98763934173621 0.474340639216825 1.52157552773133 0.432004416221753 1.38092386443168 0.330623643286526 1.33988422737457 0.359254973428324 1.33069613017142 0.440586505457759 1.14662700542249 0.464961400674656 1.10577392275445 0.490996682783589 1.11880844784901 0.328075621789321 1.29042010148987 0.387099267821759 1.99420326319523 0.402407182147726 1.92433986230753
129.283 1.09837247501127 0.349680352350697 1.81678986106999 0.395493735838681 1.76565092033707 0.398758212430403 1.97193721099757 0.428955075517297 1.05042483634315 0.347080552112311 1.05790028860793 0.488054262474179 1.89875940722413
192.902 1.93259089300409 0.393678888212889 1.82915354240686 0.308926435094327 1.38979698345065 0.400920801050961 1.32377786724828 0.39747726963833 1.36528381588869 0.41386661590077 1.62575763231143 0.3378054253757 1.12289860565215 0.470065605919808 1.20321247261018 0.301662380201742 1.53864733548835 0.384911536518484 1.113190833712 0.383777089044452 1.99190008151345 0.369204024830833 1.86767467320897 0.435687666479498 1.34669156582095
193.209 1.3061156431213 0.335382154770195 1.91089967102744 0.406705398159102 1.85798251209781 0.324094316875562 1.29852971970104 0.318845063447952 1.81789288506843 0.492119887052104 1.15155592490919 0.375103319529444 1.77813181467354 0.405444124992937 1.16653832956217 0.43184630246833 1.45672167418525 0.332910892739892 1.36162513587624 0.484069237858057 1.60310871037655 0.366465325281024 1.82528230012394 0.426199189806357 1.69470377522521 0.308721680240706 1.88958308915608 0.323092034365982 1.73321273224428 0.378713372768834 1.69583608442917 0.441834262665361 1.9788110924419 0.301126217842102 1.82845064601861 0.364852630021051 1.26246070559137
195.354 1.55391683313064 0.405288062430918 1.09986663260497 0.403854240104556 1.39945945818909 0.38164977170527 1.74845615564846 0.400057175103575 1.48651313316077 0.323224605061114 1.03259913576767 0.311460923310369 1.54095940245315 0.384365805238485 1.74700298765674 0.413143800524995 1.10746397124603 0.453542137006298 1.45026631350629 0.326175732258707 1.75137430685572 0.307565005403012 1.18072570138611 0.32876414055936 1.88434409932233
217.929 1.04014291171916 0.377463389281184 1.12268544407561 0.492794291302562 1.49094211659394 0.401079026749358 1.80676524667069 0.471252516331151 1.38804125250317 0.331873299693689 1.0808799106162 0.407972957007587 1.60407304833643 0.480644290242344 1.6404105052352 0.491815918730572 1.44126734440215 0.379390697088093 1.05939088854939 0.353246963070706 1.98474207147956 0.462570739723742 1.43497216445394
286.182 1.51519088284113 0.497623386280611 1.21721008163877 0.453711350075901 1.01940710865892 0.331047509051859 1.99435459030792 0.417627209657803 1.2888076971285 0.350101720634848 1.31075176410377 0.312163184490055 1.54924143664539 0.474226304283366 1.76418543653563 0.478484960598871 1.58100013248622 0.465145164309069 1.80959085491486 0.383032216737047 1.5681107705459 0.463019195199013 1.7624242673628 0.433874960802495 1.12148291897029
301.721 1.20420556352474 0.305491365073249 1.42595514585264 0.341791041195393 1.4835240538232 0.48437230810523 1.11496532009915 0.316103090019897 1.76872559078038 0.477625272981823 1.37214371468872 0.397090469812974 1.26814031694084 0.331834245985374 1.1891187238507 0.406810336234048 1.8824610025622
317.313 1.4589822597336 0.331741564301774 1.3832996529527 0.306622042646632 1.36376256053336 0.394371236069128 1.00172949931584 0.483105050586164 1.49412904120982 0.48481040536426 1.73959446675144 0.458819661941379 1.32819550205022 0.439404890360311 1.15461529116146 0.354448451800272 1.51346312998794 0.49506204938516 1.28506889357232 0.424094245536253 1.4431580347009 0.408431002823636 1.32931430614553 0.302754144789651 1.08066745707765 0.434739219443873 1.09578155633062 0.307698789844289 1.01278739096597 0.398527100076899 1.77073364588432 0.371709495224059 1.7839117385447
393.507 1.26611942565069 0.468450122978538 1.27452553599142 0.461300954222679 1.64970397111028 0.369689706107602 1.46334473136812 0.369037245959044 1.57077027251944 0.479611175926402 1.70336824818514 0.346962578967214 1.94044785993174 0.472999209910631 1.77371823647991 0.457596268691123 1.33426832826808
400.08 1.57414499646984 0.404104430135339 1.59045244962908 0.308626791881397 1.03834418463521 0.323450674721971 1.43144151614979 0.354544871998951 1.07617947389372 0.36547741740942 1.35574473720044 0.40491704819724 1.62958861631341 0.407432052306831 1.50420688069426 0.307379962829873 1.67969536455348 0.450488646700978 1.65586860408075 0.440898734331131 1.55424549616873
412.599 1.28580229030922 0.303225253149867 1.07636567251757 0.46222196156159 1.87398274475709 0.336631210846826 1.37775383354165 0.418416069773957 1.46529591735452 0.452403987525031 1.74995737033896 0.413334209658205 1.32055592467077 0.481544022681192 1.82728569419123 0.432623659865931 1.08562075486407
413.33 1.69337413646281 0.489661954669282 1.27513803215697 0.333421502774581 1.94113464979455 0.309606232354417 1.96294831368141 0.403444005129859 1.55991017189808 0.480425446853042 1.1317329001613 0.33615052299574 1.99131181556731 0.426217190176249 1.02956882840954 0.469867745693773 1.0948696625419 0.310062584839761 1.60915578179993 0.39081618282944 1.1502534057945 0.392497052578256 1.67819298082031 0.41023519160226 1.89497947623022 0.454304153425619 1.11805770592764 0.372043680865318 1.10539713874459 0.300588617892936 1.44578972761519 0.376543952105567 1.28907335666008
503.142 1.05475619575009 0.363910499308258 1.52936963923275 0.366195601923391 1.19768917071633 0.489197516813874 1.84937863633968 0.318604759778827 1.24989176681265 0.470831554196775 1.44515591906384 0.379080588836223 1.80400501075201 0.413612413033843 1.09444895200431 0.406207067985088 1.54163446533494 0.323883970081806 1.8962433564011 0.36303493808955 1.19319887179881 0.342431477457285 1.67048113862984 0.369354928052053 1.37252705474384
535.591 1.53663869085722 0.488133845524862 1.62954999110661 0.34126590937376 1.8040543932002 0.444153752597049 1.99392234231345 0.45692355921492 1.23858596128412 0.453253852855414 1.26013117097318 0.486210631392896 1.50617123791017 0.384067496610805 1.99188616569154 0.45696640200913 1.09940248541534 0.338152694422752 1.4146545890253 0.385379684064537 1.80155973043293 0.320451759593561 1.25554981455207 0.377598450426012 1.62945250468329
559.051 1.94350854773074 0.309122241381556 1.53241975046694 0.357288005994633 1.31239582924172 0.422478779358789 1.2758716866374 0.334016350703314 1.81119240703993 0.345225582038984 1.54890755517408 0.398933556722477 1.96451171580702 0.4701562655624 1.37659967318177 0.341734366724268 1.62446504947729 0.49569018278271 1.28880794369616
565.019 1.14977116393857 0.485252765240148 1.17700675362721 0.323801921959966 1.31145190750249 0.336907342029735 1.89550910913385 0.479397751810029 1.55844894703478 0.364784266008064 1.32694806717336 0.394824847532436 1.11153631308116 0.41952443071641 1.78384618507698 0.381368726398796 1.2283872878179 0.305336581496522 1.3800664274022 0.429199763434008 1.00727303000167 0.496491849469021 1.70171068096533 0.40091729555279 1.93267068872228 0.331541362218559 1.21422247169539
585.424 1.61583054321818 0.325372967170551 1.20631147315726 0.405667767114937 1.14327993406914 0.403131706733257 1.00470897485502 0.337149574840441 1.19227870204486 0.384370182873681 1.32440362474881 0.499146061576903 1.43169573252089 0.480805572122335 1.80874592158943 0.455350739369169 1.5604342839215 0.465353635791689 1.87990392418578
609.136 1.32234917464666 0.442000543978065 1.93262009951286 0.434098313050345 1.88371042045765 0.366053371177986 1.71452901279554 0.46068304721266 1.5075673898682 0.485766836069524 1.64611516403966 0.40490260636434 1.52793228230439
618.487 1.30069872923195 0.405291860830039 1.34645397774875 0.493550490913913 1.38091654935852 0.47147807511501 1.83977361186408 0.332510729553178 1.54715819330886 0.30165322967805 1.22257700003684 0.407823191629723 1.80936328880489 0.360422585625201 1.40305277891457
666.331 1.39220738853328 0.350477206567302 1.06558801536448 0.312643722165376 1.10427100793459 0.426324790762737 1.2456399903167 0.446945347916335 1.01184343919158 0.375411288021132 1.79473248682916 0.430120059289038 1.71021701116115 0.325430768728256 1.7488221495878 0.316854817979038 1.6520778676495
671.06 1.45705004455522 0.345664530480281 1.12224847939797 0.393831926537678 1.06128254183568 0.495806830329821 1.79869572585449 0.428219494735822 1.16246212041005
738.749 1.92222581710666 0.41513137081638 1.88620842876844 0.453498677769676 1.12487773690373 0.420445965602994 1.36246277927421 0.326497684698552 1.51088051637635 0.359298209380358 1.10235190833919 0.337796763796359 1.78339231689461 0.37396754976362 1.71242743590847 0.468690871773288 1.39857172034681 0.345501446118578 1.48186139017344 0.437426844844595 1.01261583250016 0.420244724676013 1.6311247642152 0.388429082278162 1.99779859208502 0.451576335960999 1.48486604751088 0.335102844703943 1.45445378986187 0.41395255276002 1.18023280799389
757.676 1.34788525500335 0.473872258560732 1.85532625345513 0.371282741101459 1.37710258434527 0.370706817647442 1.58976750867441 0.367547472333536 1.47498698276468 0.484721688786522 1.38459896622226 0.39835496400483 1.92030001059175 0.45961082871072 1.3759063121397 0.352242808137089 1.48574537574314 0.394974031858146 1.56709603453055 0.434660421358421 1.91905349423178
757.729 1.97837969753891 0.445467425743118 1.27194338222034 0.476802269509062 1.88903478044085 0.365697871055454 1.03546302416362 0.450063299620524 1.66868266859092 0.343126979237422 1.98156073223799 0.415786856133491 1.88165405904874 0.43992713149637 1.78631215100177
787.572 1.52914143633097 0.405733804125339 1.49795514834113 0.313174452632666 1.82968427683227 0.335034266952425 1.53219477995299 0.464980866666883 1.95679950481281 0.414194095646963 1.40056403516792 0.456902274256572 1.84367272956297 0.461021221568808 1.7770431812387 0.322561942366883 1.98714425414801 0.3963211548049 1.46265313168988 0.303286796668544 1.11553428089246 0.492048975266516 1.69863069220446 0.408780448697507 1.46654725028202 0.419021661067381 1.87695574504323
831.367 1.04288443690166 0.322535707335919 1.18045313423499 0.362823850382119 1.88212674157694 0.368850676249713 1.97705116542056 0.365071762120351 1.05718628130853 0.449680326925591 1.12542347656563
856.23 1.27094151522033 0.43421886912547 1.02134766033851 0.495830944459885 1.24521036050282 0.309268199838698 1.1110916712787 0.443562283786014 1.0240750152152 0.431718009989709 1.54660701192915 0.424795794207603 1.64977923757397 0.392132414318621 1.42551404517144
884.982 1.17712052143179 0.397728530503809 1.7479234864004 0.434377262461931 1.44373865192756 0.319560956116766 1.31737524084747 0.365899291494861 1.36513615259901 0.368357823928818 1.40656220773235
910.716 1.2062674423214 0.376182822883129 1.15526394057088 0.380041542695835 1.313174640527 0.307689390471205 1.47248271270655 0.475667313300073 1.14762494829483 0.47159515041858 1.97094330983236 0.416261788504198 1.59850970399566 0.307668359298259 1.82101779710501 0.38328683632426 1.49554878333583
921.284 1.31482975999825 0.46210089083761 1.65159569890238 0.314759311079979 1.49663308332674 0.446853240206838 1.06487425044179 0.402902950253338 1.30992589355446 0.386998281348497 1.61962096113712
945.945 1.19118921738118 0.306445749709383 1.48280081874691 0.349856637697667 1.76438755868003 0.378945298120379 1.81668320321478 0.348571739252657 1.96582576399669 0.385861561959609 1.0835555663798 0.476495959749445 1.95331660076044 0.454718387918547 1.3153389710933
953.393 1.19053433882073 0.376837022788823 1.5744950552471 0.403699855692685 1.87630640971474 0.425562723632902 1.70294869318604 0.376197495963424 1.95007632509805 0.405746740568429 1.14804709982127 0.316987735684961 1.09608981246129 0.454078272730112 1.67378377099521 0.3343460499309 1.84848895971663 0.325300439028069 1.74243742087856 0.308646162087098 1.64201020053588
970.339 1.79732399457134 0.321050029853359 1.36169687868096 0.318038079096004 1.70208677579649 0.499317859765142 1.09842482558452 0.459774350328371 1.62139234342612 0.374626082414761 1.51604613638483 0.380726100923494 1.42988266283646 0.367468947917223 1.42202003696002 0.464745358610526 1.02918953448534 0.322010245127603 1.04925892082974 0.36323324367404 1.68849801598117 0.353238071128726 1.25029214681126 0.469247048441321 1.09878082200885 0.367616211296991 1.69561635516584
976.684 1.47318978002295 0.438427868625149 1.25845228647813 0.301667694328353 1.74203129741363 0.324752539535984 1.11626444663852 0.397963191010058 1.07194873970002 0.380079127568752 1.70584733271971
988.179 1.98285111621954 0.318423734419048 1.62233502720483 0.378649390395731 1.77402411331423 0.412115234322846 1.6052320341114 0.437310778722167 1.9638743174728 0.414822004782036 1.58962209708989 0.466099882917479 1.38347692321986 0.338983436627314 1.37459524301812 0.309092641435564 1.9174901782535 0.459789844509214 1.60560273332521 0.403374388441443 1.46342280716635
1046.52 1.52804757957347 0.332044879393652 1.16688611800782 0.373137515271083 1.95007981453091 0.445384569559246 1.81354774604551 0.456744630867615 1.37106569693424 0.308949766587466 1.88890372263268 0.486017344892025 1.32832445716485 0.485357265360653 1.10571210016496 0.435405072942376 1.55492783873342 0.331165040656924 1.40759229799733
1126.41 1.95503226411529 0.32874771328643 1.43720336025581 0.479584489716217 1.32478701369837 0.350519794179127 1.24493735493161 0.386511581391096 1.19179119775072 0.384769434854388 1.21137841278687 0.320263310009614 1.6973857358098 0.305081755993888 1.0994312770199 0.349095186637714 1.5445365018677 0.393474821280688 1.44868072262034 0.362167198397219 1.40261975419708 0.304911543242633 1.81131494510919 0.326333995629102 1.99075773986988
1127.05 1.04483109363355 0.466178954672068 1.46188242547214 0.420684790797532 1.43668914609589 0.470773711428046 1.96745255426504 0.362353009264916 1.56929518468678 0.422548585012555 1.86797208571807 0.404257774911821 1.80273091094568 0.410565730975941 1.4591087710578 0.459785494673997 1.43663591356017 0.478504663379863 1.61449918872677
1128.7 1.68163658306003 0.413531370926648 1.15246372087859 0.484267409937456 1.81487596780062 0.321772943995893 1.60716704558581 0.301359913265333 1.18864552956074 0.357618405250832 1.74723844183609 0.34783755694516 1.40159009164199 0.302556206891313 1.64565346785821 0.375282895704731 1.54601110005751 0.454329650336877 1.09087545680813
1128.94 1.99903370835818 0.319021874573082 1.18366968841292 0.411585573526099 1.54380291001871 0.442125369235873 1.00971432286315 0.424787378916517 1.91345270816237 0.308500196784735 1.56580547220074 0.339714162424207 1.3911746381782 0.403912785556167 1.24252239661291 0.309811896970496 1.18776440504007 0.365948047721758 1.10583908343688 0.339543716283515 1.05276696034707 0.305738734779879 1.76051421789452 0.398472524760291 1.37019503186457 0.399645407916978 1.57513129781 0.483996561355889 1.91876716096886 0.354350193124264 1.31228429987095
1170.28 1.78449530503713 0.357280085608363 1.01737533067353 0.365917459968477 1.02714755269699 0.405114085553214 1.45504125696607 0.30101813217625 1.93566106422804 0.449158457573503 1.5989044571761 0.473036861931905 1.19148236885667 0.419923927588388 1.59199832216837 0.318125316035002 1.44067306513898 0.398355088103563 1.80074828164652
1180.71 1.78612573072314 0.420291367638856 1.62878885865211 0.34820489147678 1.26965639228001 0.38627953203395 1.28871661424637 0.381035650614649 1.28146181069314 0.383076708996668 1.22501295967959 0.453094912040979 1.60088955494575 0.352373641962186 1.92880158848129 0.349602830037475 1.95173688116483 0.370442058704793 1.68817109242082 0.489695273758844 1.06530773127452 0.429598334105685 1.35759618203156 0.488498855940998 1.98419994628057 0.419179225992411 1.26888037077151
1193.21 1.56118802935816 0.334544693678617 1.63754720985889 0.492227610200644 1.17824430530891 0.349276678124443 1.97262042271905 0.348179148510098 1.19297437928617 0.351022631581873 1.0492996762041 0.351875106990337 1.10855877608992 0.365100581990555 1.76837950083427 0.399772538524121 1.47587859281339 0.459948362549767 1.17586472490802 0.484472113056108 1.37853300687857 0.366824282985181 1.86749553191476 0.494991604518145 1.42801916366443 0.423649682570249 1.88577797892503 0.326405775547028 1.52846773923375
