# Using the following values to generate the workload:# num_procs = 50
# mean_io_bursts = 10
# mean_iat = 25
# min_CPU = 2
# max_CPU = 10
# min_IO = 1.3
# max_IO = 2.5
22.43 5.66329811699688 1.82499130461365 9.19052840955555 2.22949796272442 2.54026903770864 2.22458016630262 3.00876918248832 2.21978175723925 2.70805669948459 1.79747381825 4.65015549771488 1.91505447141826 2.17486133985221 1.84387806458399 6.91503987461329 1.6368755412288 4.22385714389384 2.4494730358012 5.90617910027504 2.36590686542913 8.59423802047968 2.21845816224813 4.11413374915719
54.1289 5.1692254152149 1.86785159399733 3.69740822538733 1.97888828134164 2.70550168305635 2.36791449775919 6.49655820988119 2.03247094545513 5.48660947568715 1.72896748147905 6.17125564068556 1.78701495854184 7.28618853539228 1.79948841258883 7.59809142164886 1.77671493282542 3.68898023106158 1.50191820086911 6.32319840230048 2.28380705369636 3.00662980973721 1.52377044940367 5.60409315116704
56.7561 9.57376879453659 1.31392927607521 2.06992092356086 1.37807712992653 5.59608748555183 1.64815452909097 7.01672918908298 2.30965497503057 2.38233659975231 1.4554629188031 3.91267719678581 1.41692851316184 4.63144939951599 2.13922153459862 4.53512971103191 1.44826638912782 7.52924295701087
66.2106 7.83144477009773 2.01714582601562 8.60701303556561 2.00535200852901 8.44964088499546 1.82726789461449 9.67915241979063 2.06878979727626 8.65477125346661 2.21114519229159 4.95441480726004 1.90888942433521 7.92649833485484 1.45815166709945 3.11284781806171 1.94251503515989 4.57605256512761 1.71543223643675 5.88958689384162 1.41638008803129 6.81847740709782 2.04991053687409 4.6640727519989 2.25041110282764 4.69093833863735 1.78457434419543 2.50450670719147 2.22592759048566 5.31845264323056 2.20081955315545 8.93674174137414
66.7415 8.11137412674725 1.99821480149403 3.36314529925585 1.57853590371087 4.1808377020061 1.69317481145263 7.17680013738573 1.75525654209778 3.43619324453175 1.60033342679963 4.75388373807073 2.19650104437023 3.28844327479601 1.43289652206004 8.72825275920331 1.55915742749348 7.29131015390158 2.24279625723138 3.23329231515527 2.14973922967911 4.47140250727534 1.58952970569953 8.64115140773356 2.34659360880032 2.96421196311712 1.76284029362723 4.63382390886545 2.01399228526279 8.2465305197984 1.5711852020584 2.47331351041794 2.08029319019988 2.75976955890656
114.332 5.21602827869356 1.8831472071819 4.30866631120443 1.34503870243207 5.81618857383728 1.92046588649973 4.28047336451709 2.05263426508755 4.85642167925835 1.50729968864471 8.55043146200478 2.01018394352868 4.59458797983825 1.38971551815048 3.57446879521012 1.89198125451803 5.45993586629629 1.97471332019195 3.01883991993964
147.867 2.35174182616174 2.00836265627295 8.83602639101446 1.65483876718208 8.13708404451609 2.33645024783909 9.92797151394188 2.2634395416826 6.50943032465875 2.31949413465336 4.0663404725492 1.35017285114154 3.21611054986715 2.3907562864013 4.07183615118265 2.092984256614 6.27715476043522 1.88651812197641 5.14353905431926 2.20380991557613 8.38027074560523 2.20261026211083 9.74993212707341 2.02143984511495 6.11071734502912 1.91160206915811 9.68694614991546
163.809 7.73010011017323 2.19564844276756 6.17345102876425 2.12263337802142 6.60459899157286 2.09612528067082 5.36734231933951 2.37447439003736 3.10431891866028 1.62366208359599 3.68565076589584 2.42101005846634 9.93409339338541
206.549 9.51628642715514 2.12990560550243 5.71201739273965 2.04839973738417 5.06723313219845 1.84122697757557 2.17465252429247 2.09097168706357 7.22965979203582 1.76773539409041 8.76155262254179
246.561 2.20449720881879 2.07667553732172 6.69412592239678 1.7094026369974 5.68497008830309 1.84245007690042 2.57314150594175 2.17831746404991 5.36906341277063 1.8031160807237 5.4993874579668 2.16092727417126 6.54177507013083 2.09286263491958 4.93990635685623 2.01138339219615 3.62448550015688 2.47539907144383 5.97976736165583 1.84168690154329 4.33061333745718 1.49939989242703 3.33312883973122 2.0786666165106 9.43539850972593 1.64195353509858 5.02865187078714 2.20107554513961 6.17852428741753 1.75017444333062 4.84423306025565 1.64435354443267 4.50660249404609
254.739 2.02236168272793 2.30625829286873 8.37467130273581 2.36749613266438 9.7484571505338 1.85484815640375 9.20806543901563 2.48558401893824 9.85594724491239 1.88631541598588 9.86404694058001 2.46211301144213 4.62134939059615 2.33254650076851 5.46334328688681 1.49357100855559 3.80352109484375 1.72856926620007 4.03922319412231 1.39323454145342 7.78927782550454 2.11973550710827 9.25226114690304 2.04361094515771 2.34012199752033
261.997 6.984335469082 2.32436358314008 2.64054644107819 1.3230007134378 2.51980841904879 2.13557234369218 2.85683985240757 1.92640448166057 8.53810343518853 2.16939242584631 4.46763160265982 1.70291050598025 6.4884917140007 2.33353562960401 3.3285861723125 2.30482570379972 4.13324868865311 1.39693038295954 8.98797587119043 1.3757267688401 8.22409795969725 2.0645878167823 3.74227741546929 2.47519589690492 2.50032312422991 1.59359473176301 6.68433148413897 2.23296323092654 3.58933091722429
287.475 8.0425499714911 1.59015994602814 9.28611517511308 1.95940099153668 2.65756244212389 1.53022139174864 8.08984055928886 1.76011322494596 8.45732699148357 1.48440917683765 7.6195351369679 1.35829472616315 2.56433195434511 1.50276666684076 6.868243413046 1.88143828492612 4.84939523600042 2.01879323180765 4.03991898149252 2.1431679922156 3.50016878917813
296.643 2.52182600088418 1.9733839545399 3.4260839689523 2.38759498987347 6.60947373323143 1.97320854086429 4.29775987938046 2.19211102901027 6.60399639979005 1.46816935259849 5.75226591713727 2.42360316338018 4.94782968237996 2.46310162730515 9.05137618072331 2.30564079806209 9.41360982879996 2.37569576855749 5.5329271722585 1.50535475462675 7.6304051913321 2.39461314175278 2.6249143909663 1.68465438140556 8.71575229801238 1.55084738042206 8.85736539401114 2.26391991749406 9.77120266295969
317.824 9.25446182303131 2.11977232852951 6.97993400134146 2.38232527673244 7.48324579186738 2.18055748827755 8.04600289091468 1.88987130569294 4.22836411558092 1.83381164502352 5.75689608044922 2.05036599747837 7.41340654715896 1.71722867665812 3.47473112307489 2.44969831621274 6.84073143452406 1.80351236928254 9.62252911925316 2.2662193258293 8.75442026741803 1.46430783076212 3.15397503599524 1.78197306944057 2.04387081973255 2.271789722424 8.39879655279219 1.76913208235055 8.2894797064364
317.969 4.25852135382593 1.6621655728668 6.28063210099936 2.29053828297183 7.42553240805864 1.99047258142382 8.69481439143419 2.43564492594451 6.27822410874069 1.33039329331368 3.86595277674496 2.39810344586149 8.57902328670025 1.45777659257874 8.18799665756524 1.63279837844893 4.6462967209518 1.99215816063806 4.97371003217995 2.16907992614433 7.59145366027951
318.914 9.47457441501319 2.09587867585942 7.58355066366494 2.15006893463433 3.84032578207552 2.45210837740451 3.24453171342611 1.62464849697426 3.02996810339391 2.32529419818893 9.7060260232538 2.36958393761888 8.09795446135104 1.83295734943822 7.40171100944281 2.13378401827067 2.60226346738636 1.30391279701144 9.79287596419454
347.101 9.6734896376729 1.86004261737689 7.88091685809195 1.56569222100079 2.56416659615934 1.69055921761319 3.7722883336246 1.78891356997192 8.62899938598275 1.32755044400692 4.54443463869393 1.45241607911885 3.64462695457041 1.72709065852687 5.00597069598734 1.85948865320534 8.7388542406261 1.98634292585775 4.31945325620472 1.3116247324273 9.5766867659986 1.97773690205067 2.72095493786037 2.25257049286738 2.66298933140934
366.12 6.29600506462157 1.35116767156869 8.10284576751292 1.53587992154062 3.73906749114394 2.38463790891692 2.53535005822778 1.61997340861708 5.35168579779565 2.37281528059393 6.05418630503118 2.19148498633876 9.41303190402687 1.72032080823556 8.59385817684233 2.21379350572824 2.0419166367501 2.39707115190104 4.37282580509782 2.3111034469679 4.03549087420106
473.692 2.26352140307426 2.33298717625439 9.86473192647099 2.05579799795523 9.67698076739907 1.61834256071597 6.87503371946514 1.91819760492072 7.12099417299032 2.09311740621924 9.87251369468868 2.28590752175078 5.14648674242198 1.37963623935357 8.1622852049768 1.38567168181762 4.25045949406922 1.70515609104186 2.14382960833609 2.04189914651215 8.9914180804044 1.48286752551794 3.00016466528177 2.03636958822608 8.90655200183392 1.87126065511256 7.76184978336096 1.40371669474989 6.07645288854837
478.503 3.0729306191206 2.34836440403014 9.56631631031632 1.60244848188013 5.73331373184919 2.12242908813059 2.73149068467319 2.05016735671088 2.26679172366858 2.26908155465499 9.18606436252594 1.84422793583944 4.61700248904526 2.14743797509 4.82630580849946 1.78817956056446 4.46633067540824 1.33972431570292 6.39841940067708 2.35421029562131 2.55835861712694 2.37052877899259 4.98521282337606
510.077 6.82415071129799 1.44714270252734 3.35324542969465 1.61626882478595 3.23986019007862 1.33518214058131 8.742889797315 2.2546497697942 6.08803953416646 1.97074996018782 8.99300875142217
516.366 8.36836064979434 1.981938747596 2.00438382849097 2.33604659829289 5.72487377561629 1.98508209204301 5.97481606528163 2.12665688935667 6.48865458182991 1.8351344040595 7.13911466300488 1.64632653379813 5.06868151575327 1.57273703543469 2.4470634739846 1.63066885508597 8.37458499521017 1.70226732455194 4.03813879564404 1.67937713293359 3.35306116379797 2.05604817597195 6.0552357211709 2.11917385254055 3.21037879027426 2.00386638045311 8.32189375162125
551.151 8.32289476133883 1.56018714541569 3.04780111461878 1.95936783580109 2.64116967469454 2.47518006684259 5.22243065200746 1.75138062182814 7.4557530246675
597.097 8.56279272586107 1.82606021715328 2.41336259432137 1.39557514404878 2.85467684082687 1.65958972824737 4.50586763583124 1.82643264662474 3.10122894123197 2.29303384739906 4.08522587455809 1.81370769636706 8.43763472698629 2.15384221319109 4.44841757789254 1.75223172223195 4.90204760991037 1.85002147713676 3.18137775361538 1.56671484224498 8.25434340164065 1.56617761785164 7.54362316243351 1.43490031380206 9.58632989041507 2.17255341308191 5.2321491651237 1.50621776962653 9.9045373853296 1.5780252315104 6.57906315661967 1.76863677697256 3.48491451889277
635.694 6.27998394519091 1.35945029472932 4.86129131540656 2.47146917115897 2.92433502525091 1.82239998281002 5.69002566300333 1.65602576117963 3.04949975572526 1.49743657270446 8.49919440411031
638.782 2.17026786319911 1.70714094107971 9.64850267395377 1.68242537574843 4.20607618615031 1.52606160659343 7.67124129645526 1.52426999099553 9.20813742652535 2.21113270102069 3.39065367169678 2.12161260694265 7.19309212639928 1.97617705641314 8.59509312920272 1.79111882606521 5.51779152452946
657.518 5.63565410487354 1.87787638818845 3.52949879691005 1.83015947742388 8.06405855156481 2.19574100216851 3.56308519467711 1.72748353173956 2.45708416029811 1.87160653406754 6.54766825586557 1.63749819677323 7.7916907761246 1.55323360431939 6.15136405453086 2.39295605709776 6.25791088864207 2.49677865803242 3.08158955350518 1.86692940946668 7.8627638425678 2.41890457356349 8.52718861401081 2.1283734944649 3.51882500015199
675.722 8.37766838446259 1.91882382947952 8.1276463996619 1.95000362051651 4.29146502166986 2.32400095071644 6.37876905500889 1.38313317131251 3.36665148846805 2.26738384626806 9.17085985280573 2.09312695348635 5.70180537179112 1.79299305453897 8.92639876529574 2.32722378382459 5.40111795626581 1.68206356139854 4.71601826883852
721.314 8.40472619235516 2.06750828670338 3.07157230190933 2.09007912613451 2.40027698129416 2.12082069450989 5.59140099212527 1.88085561329499 9.31462540663779 1.40357282944024 9.08065551705658 2.46160090789199 7.31946079619229 2.33977309577167 3.96421069465578 1.95995985884219 8.68670729361475 2.06329025346786 9.6062549315393 2.43917589625344 6.35984544083476 2.07829106701538 3.13689947873354 1.38708284674212 3.82615520991385 1.57215154105797 9.95650571398437
803.705 7.90486913919449 2.31355913281441 2.13181667216122 1.39629474356771 2.37358764000237 2.0170934041962 9.25620886124671 1.55186996674165 5.2347130086273 2.44400345953181 9.29585095494986 2.28090033819899 8.59510165080428 1.7635720860213 6.6424622964114 2.41318200742826 5.144500894472
811.067 3.63684754818678 1.55671984208748 8.50385386496782 1.4750299747102 9.35531812533736 1.69914403408766 8.82745985873044 2.42330721374601 2.73888966068625 2.29138312712312 7.35180768184364 2.44644000334665 7.21100244857371 2.05310498382896 2.11691995896399 2.19698974089697 4.87063136324286 1.3546568594873 5.53667266666889 2.39922582041472 2.98677721060812 2.32153262384236 8.71115813031793 1.30665421523154 3.88881108723581
843.811 8.70468164235353 1.52243507197127 6.80131241492927 2.24177877912298 5.21016782708466 1.83897832082585 9.1714003328234 2.22495084479451 3.89713796973228 2.09872778812423 3.2370289079845 1.96028623813763 3.63211948238313 2.28303211489692 9.55917032621801 1.35223960187286 4.40183739550412 1.78019874738529 9.3921200055629
872.793 3.73883689939976 1.41983720622957 9.59221096150577 2.21967032598332 2.67756713181734 2.37409891989082 4.89513934217393 2.17035706304014 6.71390074305236 1.87242997586727 3.70309828966856 1.48245207844302 3.68497071973979 1.83030991191044 3.34901348315179 1.57480667429045 3.23722704127431 1.97568478444591 8.95983547717333 2.2356279913336 8.79443529620767
896.343 6.86154413037002 1.44251361628994 8.95629065670073 1.49621144384146 7.90567987412214 1.83232412626967 2.39472640492022 1.99660242674872 5.25717054121196 1.83237149603665 8.04403385147452 1.48417113861069 2.85747334547341 1.99021127531305 7.68124387785792 1.99734884751961 8.30319796875119 1.55195043105632 9.53268091194332 1.70682289032266 9.07392472401261 2.34904910046607 5.17799642309546 1.54989666640759 6.49864892102778 2.34072790630162 3.39455188624561
898.935 2.55506416782737 1.96141190705821 9.3951459582895 1.8792584978044 6.01875962130725 1.71720757074654 8.15636217594147 2.11461298493668 9.93211647495627 1.88963387822732 4.84478215686977 1.63310501696542 9.10338843241334 2.03906635884196 5.37741606496274 1.4023977114819 9.50710709951818 1.32256114101037 4.56068789586425 2.23518998268992 8.80547594465315 1.91315675964579 5.94760912656784 1.91636784020811 5.72112439386547
912.282 6.12802825495601 1.64273006087169 4.55778294056654 1.99386009573936 6.08899743296206 1.81731329131871 2.23566809482872 2.14805212803185 4.00050964951515 2.16152041731402 5.21783776581287 2.29030609168112 3.90954617410898 1.35610462678596 8.72244142182171 1.37106072790921 9.29103851690888 1.52414274867624 5.94649329222739 2.46813992168754 6.14935886859894
941.707 7.02602409012616 1.34012346109375 6.73491192236543 1.94383462835103 3.72691364772618 2.36520898761228 5.22738128900528 1.97873002961278 2.7271502930671 2.33506611762568 6.24262014590204 2.26205833395943 9.2901903912425 1.5006698901765 6.85979721881449 2.04683413393795 8.96071854233742 1.96133127063513 9.60073108971119
944.689 8.83796602673829 1.35185293545946 4.30747285671532 2.32866233158857 3.13790457881987 2.01521581513807 5.56759044341743 2.09913005996495 2.06718100607395 2.03435581363738 5.69224136322737 1.33145929258317 2.10545115545392 1.33212713859975 7.94147674366832 2.21038085184991 3.63265230506659 2.26214581588283 4.94225716777146 2.34024393716827 4.32824090309441
944.969 2.27507675625384 1.88058398822322 3.38066536001861 1.98492671251297 8.33423068933189 2.33145776055753 7.15126192010939 2.45130415586755 5.46661556139588 2.17955233100802 9.85009008273482 1.71584129761904 8.19064090028405 1.33523099757731 2.24828497320414 1.63549648793414 4.45949793048203
959.307 7.17666227556765 1.33890370922163 4.38113525509834 2.32530513936654 8.28368320316076 2.00047692572698 2.8145324587822 1.56039321841672 5.13486075587571 2.38150332216173 2.40908470563591 2.17695152200758 6.452467514202 1.47840646738186 3.01103704795241 2.41057232506573 5.73804894834757 1.3021650201641 5.54982491210103 2.36120420843363 8.07970885559916 2.05363157745451 8.37715718336403 1.30227538440377 9.16540220193565 1.65826938627288 6.29098974913359 1.9148085298948 9.72607247717679 2.31168706826866 8.49321564286947 2.28223051717505 6.13529569655657 2.46556899305433 7.54790287651122
964.039 7.3446546997875 1.79627691432834 4.04135095514357 1.76953443633392 2.59952958673239 2.2512171594426 5.74368526041508 2.45262941187248 7.43944687582552 2.34752996433526 4.08410638198256 1.95694818040356 3.70805762521923 1.70877547282726 9.72869672439992 1.45657236706465 9.79834927618504
974.321 2.43775228783488 2.27958264350891 2.09201307222247 2.26276035634801 9.409971665591 1.4633391504176 2.74558019451797 2.32451954800636 8.53917835466564 2.08636420601979 8.76976234652102 1.3848366654478 6.15906688384712 1.55906279971823 4.50643293000758 1.73383105956018 8.47801515646279 2.26461357697845 8.3767424095422 1.75393904242665 3.65404126793146 1.95928381001577 5.45997867546976 2.12854179888964 2.36059312522411 1.69112538192421 4.67733874730766 1.36286827977747 3.35161761566997
977.603 5.63223165459931 2.22889500381425 9.16624824143946 1.67172294380143 4.67453420907259 1.81522244988009 9.8466231431812 2.0662510654889 9.87687434628606 2.26707532266155 9.83942726068199 2.25851421914995 8.61281217634678
988.635 3.69909831881523 1.91420780196786 7.25730287283659 2.40903603816405 5.28777630254626 2.07657656464726 3.82107329182327 2.46746335988864 9.74178808555007 2.04659076342359 6.48454615660012 1.73521710811183 6.63726259768009 1.39499720567837 8.13238656148314 1.84272941304371 5.16076712682843
996.53 7.1376422252506 1.4497432757169 9.73231955245137 2.32012032624334 3.1952466070652 2.45273929582909 5.59906261414289 1.93657767800614 8.50707551278174 1.36116384351626 5.54519523307681 1.74022780647501 3.64056920260191 2.27705426281318 8.78181808441877 2.33885323107243 2.89551465213299 1.71434432100505 6.06042212620378 2.10280854227021 2.93411656096578 1.5567580406554 7.36973886750638 1.93022198006511 7.25570634566247
1033.71 5.7692947704345 1.44156408105046 2.52254249900579 1.83876329399645 6.15520321577787 1.50705434782431 2.54306624829769 2.16127901794389 6.51630585640669 1.32743775462732 8.01197898760438
1063.62 4.67792119458318 1.88952943524346 8.05931839905679 1.80381569974124 3.06452728621662 2.13254504138604 3.03899179212749 1.71701173624024 2.75188290327787 2.09934368282557 6.5590665563941 1.53030198290944 9.24284355901182
1067.99 3.6541040148586 2.0756189246662 9.5344588086009 1.9245975500904 5.05187339708209 2.46031225845218 9.01654466800392 1.3397198327817 5.54862350597978 1.99377557458356 3.33198732696474 1.35862184278667 4.43097162619233 1.99526747288182 9.79384088888764 2.39521562065929 7.87863657623529
1097.47 9.82219244726002 2.07677109660581 2.39545162953436 1.88671156372875 6.01824515871704 1.70336932744831 4.13477249257267 2.04834664193913 5.59546483121812 2.07770577492192 2.99663222767413 1.99842043695971 3.5848236605525 1.79996688766405 8.97710213065147 1.74168411521241 3.90288998931646 1.74814341152087 4.95005138032138 1.47632805742323 3.34963885694742 2.27706838408485 2.29834027215838 2.20795373655856 5.79368536360562 1.61189567213878 8.50823412649333 1.9744573969394 8.39019081369042 2.36120325205848 7.52068592980504
