# Using the following values to generate the workload:# num_procs = 50
# mean_io_bursts = 10
# mean_iat = 25
# min_CPU = 2
# max_CPU = 10
# min_IO = 1.3
# max_IO = 2.5
5.44589 7.91596024855971 1.83369544977322 9.48381035774946 2.44259498072788 3.24155752547085 1.53389466023073 8.46926322951913 1.46083338102326 5.38213316909969 1.51928282901645 4.98449624143541 1.82419750792906 6.90616775490344 2.07184186670929 9.5582387316972 1.82788356216624 2.84181621111929
6.99936 6.55388053320348 2.09265181971714 2.37554945610464 1.55927684782073 6.0621122289449 1.65315712327138 2.14292969182134 2.21567498035729 7.47122571244836 2.0073997088708 2.5876123867929 1.66065167598426 5.42916582711041 2.37891523437575 2.80201994068921 1.48526562768966 4.72597279399633 2.42083762316033 6.17111711390316 2.49273710101843 6.90793247148395 2.31181877087802 8.15538419038057
98.427 5.7058771867305 1.97667380711064 6.44053955189884 1.3044497417286 7.65894963219762 1.70890231784433 5.5279448647052 1.46730660833418 9.09374176710844 2.43312583630905 3.68337192572653 1.3154085858725 4.41885426267982 2.33415951002389 2.48599021323025 1.68415016299114 9.04649055562913 1.47864607693627 5.58978773653507 2.05383279900998 3.52229181118309
121.724 6.41968013718724 2.33171835951507 6.46566715277731 1.40007681669667 5.44476908631623 1.31330873444676 5.95654645375907 1.45743119334802 7.61958706006408 2.46960620740429 9.54954619519413 1.48064737226814 6.25683557987213
183.249 5.45332201384008 1.93333465009928 2.73024435341358 1.44503221809864 5.51884910836816 2.09815573552623 7.97867883183062 2.32970942854881 6.67090338841081 1.60393563322723 5.44484788179398 2.22036096602678 8.98727859742939 1.97134281024337 9.1839305460453 1.80182551853359 4.96526791155338 2.21265013786033 4.79192291200161
214.663 8.7007455881685 1.43148298170418 8.66600362770259 2.16853173207492 5.12289173156023 2.1218572598882 3.20681468211114 2.12488744668663 5.97507018223405 2.11230198303238 8.65523428469896 2.37485560290515 3.12092577666044
218.764 2.02377552911639 2.46506881918758 2.01856195740402 1.79387997165322 9.72219842113554 1.37062099371105 2.81576587446034 1.43288078615442 4.30972185917199 2.43232724349946 7.48941716365516 1.7307452077046 6.66717092692852 1.77832687646151 2.84580463171005 1.70440593976527 3.50294060632586
282.93 2.78946585394442 1.48325708145276 2.29335114732385 1.39504961073399 2.10826778411865 1.59264419768006 9.70519384928048 1.66996383992955 6.82039242051542 1.54027980212122 3.66867167316377 1.92902455981821 3.81161464564502 1.57177799148485 2.89949367567897 2.35774965062737 3.16940793208778 1.73508626967669 7.21810827031732 1.53121359059587 8.76336869969964 2.37617478314787 8.31774943321943 2.32788499444723 2.14312803931534 1.77708798088133 3.86045137792826 2.45943084685132 2.7497641723603 2.39458971796557 9.23517051525414 1.95408895816654 7.47789436578751
284.986 5.41301945783198 2.38150859186426 2.1886539272964 2.25227247402072 7.55859681591392 1.6518472016789 2.34449341148138 1.50621751286089 3.46907814592123
341.107 7.40827536955476 1.36297803046182 7.08313638344407 2.42387782745063 9.08047559298575 1.9577345719561 2.90040664002299 1.92042961800471 9.77387417666614 1.74024490723386 5.33737303316593 1.72966122813523 6.75934775359929 1.45683612991124 5.63555793277919 1.60967337982729 4.47446230053902 2.42363845789805 4.14958825707436 1.64651484666392 5.67014853842556 1.71344996523112 2.93361268937588 2.02922770213336 5.02216185256839 1.68315015695989 4.78347985073924 1.81727390866727 9.23772999644279
369.162 4.8455948382616 1.46447693342343 5.15437408722937 1.32272581383586 7.67683703638613 2.41414219466969 7.17915949784219 1.38485921975225 4.07932588644326 2.05464951125905 6.36058505438268 1.39557557990775 4.8420475423336 2.22723900657147 6.87010022252798 1.64654326718301 3.0803525429219 2.40989111326635 2.91421409137547 1.6618261105381 9.80798275396228
447.059 6.21493710018694 1.92687878897414 2.2404830083251 1.76878223400563 9.78803095966578 1.46299941232428 9.8238676674664 1.52900836775079 8.36714566685259 2.01385607682168 8.56187187694013 1.73526959950104 9.35187914967537 1.35672762962058 6.64337294921279 1.76817699354142 2.25901757180691 1.691793642845 9.90690155699849
456.376 9.73448839411139 1.86418680269271 2.47961132973433 2.49032980278134 3.60783680714667 2.17078900961205 2.04012511484325 1.89048654073849 2.92294164747 2.13775981059298 5.02750547416508 1.51551947128028 6.207669749856
497.079 2.54845437780023 1.60191218564287 2.89024158008397 1.63521491549909 4.72983696684241 2.00613022800535 8.20621848851442 2.18858069544658 9.74402490630746 1.5757835325785 7.77208258211613 1.78510880088434 8.92184822075069 1.87714669238776 7.84442606382072 1.87716849846765 5.38946355693042 1.68298761062324 7.52251214720309 1.47473291559145 8.60209820978343 2.30833541117609 3.14535070024431
509.382 9.06234707683325 2.26220228951424 4.18654203414917 2.19124810313806 2.31913373619318 1.62649231981486 4.95985101722181 1.60457061827183 9.36710130795836 2.49079393781722 8.23766906745732 1.47261379780248 6.16049822792411
516.351 5.44388668052852 1.93705839328468 2.03968807123601 1.99459016621113 4.14684591814876 1.8799159723334 9.21977892518044 2.32648324463516 2.73615609668195 1.9217259824276 3.6409063115716 1.67732721725479 7.26957552693784 2.18069034451619 8.4735467042774 1.97374272290617 7.11138996854424 1.49740147572011 9.7812153249979 1.33967227581888 5.17174822278321 1.81174015356228 5.29889742843807 1.99701744690537 8.43608925305307 1.39973041890189 6.82554152421653 1.76649831626564 9.19180174730718
518.43 4.94323087856174 2.05362350512296 6.01228618621826 1.34947680644691 8.23511042818427 2.36188136059791 8.53634968772531 1.4805606380105 5.4981194306165 2.42771431813017 2.64834199100733 2.38386435927823 2.14591093547642 1.51248145801947 4.11724823340774 1.91737711550668 3.09534515440464 2.49806315284222 9.53485506214201 1.56402991609648 2.33275510184467
570.118 9.91059635393322 1.54782655229792 8.50290805473924 1.44272678317502 9.98919008485973 1.7767556283623 7.52678562514484 1.3438520652242 2.24901146441698 1.30543119665235 3.51635770313442 1.67197817275301 5.07131911627948 1.80837770951912 2.95361519418657 1.828938025143 6.33741202019155 1.38524152031168 3.81990048475564 1.4501159613952 4.11519338935614 2.04429808408022 9.06252535991371
625.378 2.98743243515491 2.16804545959458 4.67129289731383 2.4451177614741 9.53980028256774 2.44075244534761 9.98619556985795 1.96379506010562 6.28600441478193 2.33430367680266 9.9243017937988 1.41903920797631 7.22383639961481 1.60860818270594 3.00766846910119 1.54697945481166 8.08325775526464 1.72708744322881 8.27054169028997 1.88995463913307 7.29922632686794 1.56379792597145 9.77022368460894 1.72542440630496 7.06828560307622 2.44790226379409 4.28703729249537 1.61460398966447 3.30969581753016 2.48137834789231 3.66008880734444 1.64991484275088 4.68140703998506 1.98888082224876 3.81562576256692 2.21916078422219 4.00905871391296 2.18302100002766 8.59341276064515 2.07313903328031 4.78725042566657
669.568 9.56547398492694 1.34764181198552 2.26445816643536 1.57166629619896 6.27620440162718 1.73997703474015 3.5594659075141 1.61827926896513 4.72443968616426 1.68650831002742 9.35373204573989 1.49359267242253 8.22353768534958 2.34618081012741 2.99577912501991 1.33053038185462 6.93045015446842 1.85679836375639 2.35709248110652 2.43498135609552 9.04640543833375 1.64730041790754 7.09794862940907
679.385 9.12673677131534 2.48800257602707 5.19062694907188 2.14072542460635 9.00747487135231 1.50880846641958 9.55611744895577 1.72356913238764 7.09736059233546 1.49742461759597 9.87465265765786 1.41384018305689 8.68040276505053 1.43932372629642 2.5294262394309 2.01076145553961 9.03839660808444 1.43996431743726 3.27446166239679 1.71911614546552 5.94374779053032 2.41326346360147 3.46180066652596 2.1839243574068 3.31582704931498 1.73226275602356 7.26474545896053
681.638 4.49787672422826 2.13913732301444 5.11106141656637 1.79792009368539 2.40052886493504 2.43864717194811 2.05852892436087 1.89253953816369 7.01833082735538 1.33514471286908 9.13236916437745 1.68970186850056 6.39652296714485 1.35173998903483 2.86069871298969 2.33864107755944 3.44718722440302 1.66696164952591 4.07838289253414
686.437 7.10948446765542 1.84775299411267 2.23988431692123 1.69768629567698 8.796754732728 1.46252337833866 7.74749513529241 2.2636986986734 9.03043756075203 1.58499157233164 6.88779796473682 1.68394404919818 3.47064879536629 1.7923401218839 9.07418677397072 1.89475429989398 2.38119804672897 2.47526258891448 4.24293648637831 2.16467033484951 3.39550502970815 2.35421834867448 8.50932873412967
691.657 4.55504186078906 1.60623124623671 9.6986380610615 2.08540193168446 3.29793762415648 1.54679318768904 7.85566179268062
708.938 8.71921788342297 1.47635210007429 3.52501494251192 2.22929708175361 4.38999681919813 1.9603748306632 5.83484702184796 1.94936488652602 5.27251728251576 1.31688133152202 5.37870514951646 2.3537036685273 9.51573290489614 2.0756019923836 5.45352339372039 2.39891259260476 8.76310767233372 2.08450173540041 3.08588826656342
712.814 4.70977530069649 2.29804722182453 5.24406249821186 1.6874099155888 4.23989299312234 2.02991898618639 6.18493480980396 2.49942078534514 8.74999102950096 2.44386933315545 4.26425562240183
723.136 6.29514053277671 2.05879799285904 4.50702028907835 1.74995069596916 5.34347273409367 1.69122269582003 2.74754064530134 1.45508444039151 4.24879436939955 2.37320140833035 6.19965958222747 1.4674765849486 2.80290167964995 2.28529689703137 2.76480486243963 1.87367890710011 5.97473001666367 1.47911857180297 2.12764832004905 2.31128812991083 9.41103717312217
785.262 3.15863915160298 2.38558304226026 8.29366757161915 2.43856444619596 9.75928344391286 2.09201726578176 4.59576513431966 2.16084969406948 5.23758376203477 1.83866733042523 5.89108624868095 2.14038157071918 7.7557830940932 2.03748618206009 2.78353589959443 1.68467662669718 2.80891089700162 1.47951763840392 6.28775862045586 2.26118506146595 3.48454175889492
844.473 6.2814316842705 1.57326957462355 2.04519121907651 1.95916439639404 5.85401090793312 1.66041623530909 2.57732910104096 2.28536186516285 7.6415075045079 2.3182736499235 6.09575093723834 2.27970398804173 6.59948151744902 2.38234154069796 3.74212057515979 2.17621764810756 6.94691325351596 2.06480587814003 5.92140924371779
860.395 7.81614940240979 1.7631071745418 6.63948510959744 2.08528914256021 2.58839226141572 2.10706774238497 8.14859920553863 2.42232090458274 2.91674241051078 1.84633530471474 3.92997183278203 1.95420860955492 7.9138290155679 2.18585092108697 6.17094453983009
897.787 7.09134111367166 1.88405566914007 5.41119346581399 1.40166091537103 8.87600274756551 2.08870214316994 5.75694595649838 2.20339461769909 7.40218146704137 2.38435671841726 8.45394552126527 1.65053604179993 9.98905219882727 2.35813648942858 6.60673994012177 2.18927581897005 5.78431373275816
932.171 2.58496423624456 2.19120952319354 4.50584927946329 1.44826678587124 9.74630806036294 1.89879020750523 4.14765049889684 1.96055224621668 6.32406556792557 2.11966093722731 7.68385830521584 2.36010500732809 3.44683607667685 2.04856751793996 6.75694736652076 2.20814059320837 7.34006924927235 1.54641266828403 5.2855810970068 1.63366787461564 9.8049734365195 1.33083563540131 4.14096662215889 1.38999987561256 7.53670192137361
969.848 9.78193924017251 2.01206734934822 5.94591582939029 2.31273157633841 3.00194825790823 1.72366875298321 2.7567445654422 1.53087123231962 8.51441188529134 1.78025120804086 2.68196232803166 1.56351432567462 8.10621865652502 2.41165340114385 9.40914167650044 1.48622485771775 4.37511222437024 1.53755172202364 2.8635432664305 2.23679984342307 3.70747997425497 1.75827992223203 4.12286559864879 1.99845370082185 8.46002898178995 1.8005616677925 4.29384572803974 1.53549926299602 9.13915692642331 2.2375010823831 5.89217822626233 1.91357812043279 4.83199942484498
1036.85 9.87592648528516 2.30910513475537 3.05097556859255 1.96390973739326 8.99681702069938 2.12838748246431 3.48132382705808 2.03123500058427 3.71839589253068 1.70224810456857 5.69962872937322 2.21060167811811 6.58465597964823 2.48318268721923 7.13076244294643 2.02559915110469 4.74671159125865 1.82327111987397 9.94503797776997 2.21379837114364 8.94001162797213
1046.39 6.87900390103459 1.76100866645575 9.05759527534246 1.31619207477197 2.02361911162734 2.11564108571038 5.89178493432701 1.87336417529732 5.92224930785596 1.67926354110241 4.46572347730398 2.11323777977377 4.43841254711151 1.93989816782996 6.56996121071279 1.5139350197278 5.30643610469997 2.02214941736311 6.57431914657354 1.60220722109079 2.24945863708854 2.33932866910473 8.01817171648145 1.42765293391421 4.53026380576193 1.99961157105863 6.08779690787196
1049.01 4.240817848593 2.29020786555484 8.68843387626112 1.62182321250439 2.51947004906833 1.41104022450745 7.08686536177993 2.32936813533306 3.44293310306966 1.78583782026544 8.33801729604602 2.34263356188312 3.11344705335796 1.52132689524442 4.38716194033623 1.67628948343918 7.40647131577134 1.96252979030833 5.73898947052658 1.95466603795066 5.59822983667254
1049.84 7.33997865952551 2.29481811486185 9.22523245215416 2.4549913559109 8.21274239383638 1.64447626834735 8.96125739999115 1.77644151709974 5.24698651768267 2.48764108158648 4.25449142232537 2.17401836831123 6.6805004067719 1.75131282368675 5.15781423822045 1.67188694495708 5.38001317344606 1.94985629320145 2.87811945192516 2.34319335371256 5.06020666845143 1.68096439996734 9.00570428557694 1.87222744589671 4.34484390541911 2.49697837978601 9.0374005548656
1064.28 3.0951287522912 1.5568680386059 5.87375012412667 1.33567043365911 5.90760224312544 1.62330978410318 5.95597804710269 1.92281134026125 6.00968507677317 2.43654720317572 9.04206882975996 1.65974203497171 5.42944379895926 2.47428851090372 9.35141800530255 1.73719405680895 8.95771433226764 2.27366028074175 3.08701155893505 1.71191309858114 5.44229728542268
1076.65 5.29682655632496 2.47227213792503 5.336222268641 2.07442118870094 5.78264720737934 2.42353872722015 6.82453170977533 1.32149969870225 3.40340758673847 2.22720565777272 7.94617864303291 1.60590570680797 3.47004602476954 1.77079630810767 5.48289549909532 1.60210627531633 6.521483855322 1.87092354334891 9.29294024407864 2.37596573680639 3.9123824313283
1102 4.81133715622127 1.35509368572384 5.25930254533887 1.52521408135071 9.26916020549834 1.82488886518404 3.44185679219663 1.88899744618684 6.4186153486371 1.75933502390981 4.57601649127901 1.47837353320792 7.26179325580597 2.08552787872031 6.91180111467838 1.54395387275144 3.88930297456682 1.55954164778814 7.76090469770133
1126.42 6.18545178323984 1.72598272152245 6.95270383730531 1.38897304357961 6.02055976353586 2.31732076695189 6.10955311916769 1.3099993461743 3.83647534251213 1.4015537949279 4.11953509785235 1.90418040435761 4.19901732541621 2.487123830989 8.04865916259587 1.60800473205745 8.66720434091985 2.2292046229355 7.55098433792591 1.81671729106456 6.51722786203027 1.87632267028093 6.22574641369283 2.43482060516253 7.52911778353155 1.30578864403069 4.55947444401681
1155.96 8.41149759665132 1.83566947262734 5.15672074258327 1.70274112001061 6.09999912232161 1.95825690925121 7.47090417705476 1.445811578352 8.61284657008946 2.30735863782465 9.18349204771221 2.146838654764 6.71701906993985 2.3682607203722 3.72346311435103 1.53682023249567 7.7129247430712
1193.34 4.10731968842447 1.85483495378867 2.5482759848237 1.42911942750216 6.23062139376998 1.76925750607625 2.78644644469023 1.85749286729842 2.8216913305223 1.72086602365598 3.16742272675037
1283.6 7.67775814794004 2.00455195084214 4.53298516944051 2.49526232592761 8.43213492445648 1.423045697622 7.23487460240722 2.38140961499885 5.85014096647501 1.61715228185058 3.00121771357954 1.54539340147749 3.08433475904167 1.36683699106798 2.09494175203145 2.47726234868169 6.55398281291127
1306.97 8.41382437385619 2.05481891203672 5.69191050156951 2.21764775793999 5.3535428121686 1.56674225861207 4.74066029302776 1.82359580798075 5.79602939449251 1.88709864336997 2.44785977341235 2.28514857925475 8.18079210631549 1.47524648625404 6.6645881049335 1.69452220126987 2.69292695820332 2.32117165327072 3.47873422317207 2.18968480555341 2.77763249538839
1317.17 4.58866743557155 2.07971493722871 9.0556759070605 2.41010300526395 3.80155069380999 1.6870597188361 3.79830026440322 1.6554763128981 6.24602576717734 1.73022498097271 3.27946445718408 1.92453158507124 8.55657271854579
1362.26 6.61815845221281 2.47212372403592 7.61321324668825 2.13725873120129 2.97726748324931 2.13003316801041 2.33054706826806 2.40035025775433 4.86221458204091 2.11299269879237 2.20544648543 1.81100807813928 6.35077823884785 2.4495013599284 2.37591125443578 1.71318876892328 4.81977285817266 1.30172896785662 7.27805156260729 2.47688792599365 2.05071227252483 1.39715867694467 7.60854712687433
1385.22 6.54921051114798 2.14302007816732 2.06126429140568 1.77888338873163 3.08634888939559 2.19887371947989 6.5647250264883 1.84930666480213 4.82344635203481 2.2228760340251 9.52840670011938
1405.91 9.17675690166652 1.58098265277222 3.07919867895544 1.77881447635591 6.4062751494348 1.98588673071936 4.28686789795756 2.40816517658532 9.89127955213189 2.08975330283865 7.08874118328094 1.77490592170507 4.94376447238028 2.48313902029768 9.13614703714848 1.99868679540232 3.58706759288907 1.67002740381286 4.63058199174702 1.34546183710918 4.37601618282497
1429.86 7.2292910143733 2.25655231932178 5.61107297614217 1.73097826177254 4.92441232129931 1.93027969393879 7.59147716499865 1.36964286807925 2.59837944619358 2.25848328657448 6.29361097514629 1.8682946940884 5.00327073037624 2.257403713651 8.47052653878927 1.50776579873636 4.65338642895222 2.05708321724087 7.99624077230692 1.57684408361092 3.12086836621165
