# Using the following values to generate the workload:# num_procs = 50
# mean_io_bursts = 10
# mean_iat = 25
# min_CPU = 1
# max_CPU = 2
# min_IO = 0.3
# max_IO = 0.5
18.1681 1.33975739264861 0.375526576256379 1.87955441977829 0.384120698552579 1.96507951733656 0.438880815263838 1.9667335501872 0.437919946806505 1.43416577135213 0.362112616514787 1.30898334551603 0.360299410810694 1.28795494069345 0.329470426589251 1.91983659542166 0.359717373689637 1.93663367861882
33.5942 1.203128996538 0.41936539853923 1.82028838386759 0.381289947032928 1.49970379844308 0.326993702491745 1.52732664509676 0.398436810681596 1.82440511579625 0.459026726009324 1.81573488865979 0.323168996348977 1.2323577827774 0.349417332233861 1.38462062855251 0.339390143984929 1.31081007304601 0.449685621308163 1.93409190140665 0.352248941548169 1.29247899586335 0.322886008722708 1.4958650986664 0.338426961610094 1.04645832418464 0.445579890208319 1.82731234631501 0.384437027480453 1.53907929570414 0.388217273680493 1.93627354130149 0.475362773193046 1.96680652745999
74.6255 1.10404794663191 0.43980978759937 1.03060238226317 0.329419036954641 1.38191754836589 0.301095762709156 1.40731984609738 0.406126249721274 1.51638223603368 0.464593420550227 1.57716490048915 0.476154967350885 1.00222508353181 0.308845767239109 1.54052500450052 0.311652672337368 1.56850000517443 0.427571019669995 1.72116585308686 0.310067585064098 1.49629296502098 0.393111962312832 1.75508855236694
85.7777 1.9157331243623 0.384044185420498 1.98630941822194 0.466611049929634 1.42682232195511
96.2052 1.29550487780944 0.405495873047039 1.06642186827958 0.45730294235982 1.71770691336133 0.456396865099668 1.14958344004117 0.397820815630257 1.83032202697359 0.384803801681846 1.19165014848113 0.427061403403059 1.69381497846916 0.488814559206367 1.93975456547923
100.603 1.32288184762001 0.316682279622182 1.9813976122532 0.474245633464307 1.35721346270293 0.403660899912938 1.46670876001008 0.439214209001511 1.5831562213134 0.30441614985466 1.97132415533997 0.362035554973409 1.2050505024381 0.470344734331593 1.946659817826 0.464904948044568 1.68058380181901 0.319095691479743 1.28755160374567 0.425538500584662 1.7262655866798 0.321626350050792 1.55717881326564 0.462667578505352 1.51555846235715 0.478072044672444 1.78637325088494 0.473672896297649 1.21929396479391 0.328210677299649 1.9012586157769 0.458326523378491 1.09239452332258
115.937 1.39257769216783 0.460266977455467 1.27394317323342 0.413945158896968 1.26951985503547 0.498568192776293 1.12409271625802 0.300824555661529 1.53492460260168 0.319702498195693 1.73747368436307 0.402084684651345 1.90397116052918 0.317663400201127 1.82471793377772 0.307313855458051 1.75190174090676 0.444332671863958 1.19479879667051 0.485505260759965 1.10166537342593
117.256 1.26919208932668 0.316256820503622 1.75903644645587 0.447987283021212 1.94014524389058 0.353762753820047 1.11842975160107 0.483709236234427 1.42885303776711 0.36361744068563 1.15869048447348 0.440902073122561 1.92663875222206 0.385607171384618 1.80419642105699 0.302491233870387 1.82412839867175
137.504 1.75508336420171 0.342794307647273 1.00073796813376 0.335181022528559 1.50902552204207 0.308507733792067 1.27345176879317 0.463272987026721 1.97394457715563 0.351175013184547 1.8262618300505 0.451976242102683 1.109880507458
166.595 1.61119004292414 0.309733658190817 1.82803508196957 0.43844913681969 1.36396102258004 0.449825929058716 1.6371529342141 0.492602902604267 1.67274469602853 0.382986772945151 1.97540523693897 0.342216784227639 1.69196557044052 0.370232511451468 1.99715907173231 0.397163822175935 1.62236696528271
178.677 1.21175943291746 0.45912885167636 1.5393510942813 0.366758130816743 1.87817668588832 0.404880100768059 1.22553847939707 0.477368523133919 1.68185037258081 0.362551716901362 1.25797069491819 0.379526946647093 1.5931580318138
212.476 1.24515079660341 0.468773321481422 1.62589514045976 0.454907712992281 1.83018836332485 0.405832261731848 1.41102010849863 0.396116585982963 1.62227413267829 0.457672872114927 1.59269818849862 0.322883371077478 1.22107920842245
287.01 1.66231870581396 0.307480493746698 1.74658747459762 0.323809654405341 1.97803710307926 0.323905306588858 1.88778867735527 0.326850580098107 1.0869755318854 0.421716589201242 1.44130159588531 0.438163818232715 1.26341196824796 0.39416506132111 1.74572658538818 0.363644602708519 1.53389560058713 0.385186425084248 1.67326065944508 0.48245657980442 1.68991235038266 0.315377057157457 1.81366438721307 0.474177824100479 1.59678300656378 0.394111691787839 1.29998179525137 0.447485050652176 1.7735196093563
354.735 1.55331249325536 0.342566444398835 1.10409713792615 0.45314596737735 1.31489896448329 0.417019064165652 1.12475372571498 0.4509566440247 1.34554133494385 0.433860771870241 1.08888349146582 0.446122042741626 1.08982453751378 0.309453509794548 1.18765587476082 0.457492707716301 1.4544818426948 0.407742626732215 1.66294266888872
389.459 1.15460276114754 0.34618738591671 1.97086578095332 0.421930824778974 1.34160622651689 0.310123797040433 1.64274082216434 0.472660249704495 1.20684590493329 0.384351748926565 1.43166100699455 0.429327196488157 1.93107868661173 0.383292343840003 1.2654931107536 0.432676763366908 1.96566576929763 0.484066561143845 1.7562475267332
449.557 1.12143983482383 0.39805774227716 1.54041338968091 0.331864734599367 1.86361803580076 0.463469850178808 1.7214426107239 0.467506469134241 1.06429073144682 0.372706934716552 1.96976545383222 0.305225401744246 1.83250554138795 0.367926441691816 1.32468554307707 0.353456897707656 1.7150512074586 0.377955334959552 1.5853407913819 0.375963796582073 1.4030374258291 0.375271288445219 1.92198557918891 0.433194979140535 1.8340811082162 0.404369171429425 1.80673487833701 0.452390659414232 1.46672694198787 0.333268650341779 1.48150010267273 0.476322844624519 1.9134605138097
487.918 1.92867546575144 0.34944947627373 1.12202210002579 0.430735344206914 1.06612141593359 0.326907287817448 1.98854388599284 0.408058800827712 1.70364830899052 0.307848021481186 1.34934491151944 0.320650362176821 1.37647112319246 0.379405865771696 1.28387924470007 0.466212003305554 1.27575026801787 0.388173497514799 1.09576659230515 0.359774105483666 1.42147735925391 0.453487884113565 1.31459981156513
491.47 1.68179339589551 0.348920637182891 1.51114054513164 0.300062175514176 1.87304298300296 0.404024205449969 1.04898674529977 0.374167775828391 1.7457003777381 0.379487978713587 1.10302431834862 0.303199569461867 1.85342428414151 0.430828523822129 1.76580464746803 0.477400697953999 1.95505943638273 0.320116309914738 1.75173678225838 0.415840252209455 1.28009363659658
595.987 1.43675948563032 0.390121902665123 1.15462650242262 0.487653238652274 1.25533714448102 0.491817367495969 1.35533407586627 0.481022644368932 1.31317772297189 0.310168575076386 1.92054977663793 0.4011179914698 1.0512804070022 0.465942620811984 1.65032592834905 0.3575875940267 1.83147118170746 0.3802776733879 1.67024200083688 0.456651292135939 1.28126934356987 0.456731403293088 1.5628613862209
608.137 1.13861844502389 0.399381913989782 1.02405351237394 0.331906175427139 1.66373708099127 0.316495948331431 1.65487156854942 0.30207761679776 1.36834685178474 0.403557991841808 1.02088753227144 0.36854598717764 1.41282088146545 0.462721558986232 1.63544111489318 0.4458602740895 1.14716099645011 0.334999537561089 1.88977078860626 0.351153182191774 1.23025355371647
623.484 1.69728600350209 0.336311874678358 1.55715005774982 0.33883351800032 1.29448825563304 0.300093501713127 1.60707919299603 0.390741785243154 1.434841071954 0.375352702336386 1.77942198305391 0.389045187504962 1.89930919976905 0.469445361336693 1.93770571961068 0.324529860494658 1.87335700402036 0.310297464951873 1.33236788678914 0.34798823655583 1.05738762696274
632.873 1.64732343005016 0.431743050878867 1.45114613650367 0.393232579063624 1.36117539112456 0.404876715363935 1.01547609339468 0.331769080320373 1.34752267505974 0.30378461680375 1.88444476341829 0.412122457521036 1.29139902559109 0.320550973480567 1.65877010999247 0.446884957654402 1.92745475564152 0.339461867278442 1.21325777284801 0.358547477284446 1.88530783751048 0.311717798514292 1.42617611633614
679.974 1.98360912292264 0.425254644360393 1.46574358292855 0.382080818898976 1.79934879741631 0.337581571284682 1.31016101222485 0.356652128277346 1.76347686373629 0.389320552023128 1.1510549292434 0.321869524987414 1.14200866548344 0.4847546601668 1.84775177575648 0.388086094707251 1.76964500569738 0.486018364178017 1.37997149117291 0.418206361215562 1.48934004595503 0.37641032282263 1.72648114524782
737.694 1.52429565554485 0.475190461613238 1.82765624532476 0.301433583162725 1.32078496366739 0.337884607445449 1.21011350397021 0.463894429849461 1.54603963997215 0.454676736565307 1.45403302111663 0.4300823522266 1.91447572386824 0.408043659524992 1.66463476116769 0.306373154465109 1.09767775656655 0.45597926620394 1.3348011856433 0.452246500877663 1.81611802312545 0.383444454660639 1.05814000172541
778.028 1.04848437523469 0.443636010866612 1.73033701069653 0.473834575153887 1.23095222655684 0.389755176752806 1.11175785516389 0.412832912430167 1.03237268025987 0.443035302497446 1.50538604520261 0.304979917453602 1.94790852372535 0.44862501709722 1.12800663011149 0.36992278159596 1.2701729440596 0.438194813253358 1.0804471524898 0.344955799961463 1.17603967781179
805.853 1.31796610238962 0.312042114837095 1.24031650880352 0.490674552461132 1.51513779023662 0.321182059124112 1.4938823422417 0.463981291092932 1.61516632279381 0.363182517699897 1.15031838719733 0.446030988683924 1.22084526857361 0.453620000556111 1.16562443505973 0.327849972480908 1.08839982608333 0.333898474648595 1.70145184826106 0.445917019667104 1.62137498776428 0.486166849685833 1.82494844752364 0.377491321787238 1.98750167549588
825.035 1.5778679868672 0.370838947081938 1.73091003042646 0.37177987084724 1.52551569370553 0.495822024485096 1.45736273634247 0.451086241193116 1.37507393793203 0.419343405775726 1.42112017073669 0.425416449550539 1.78636181401089 0.45401242566295 1.91622383380309 0.450239766249433 1.31057239859365 0.419353853166103 1.32290869462304 0.442847495386377 1.96904373541474
828.208 1.05871338164434 0.382977198855951 1.20363821112551 0.474397578462958 1.60493876505643 0.350237971125171 1.49416913418099 0.35995482201688 1.34585788031109 0.387527797324583 1.3821102140937 0.343580323969945 1.10200571361929 0.451816280605271 1.61189421219751 0.412804835475981 1.33929566945881 0.304748718161136 1.86843064357527 0.301552528515458 1.11431167344563 0.466811396693811 1.91877480130643 0.474286981485784 1.1975279408507
838.637 1.26900407741778 0.392131942790002 1.46024386468343 0.421649037022144 1.24791995692067 0.405017003929243 1.289387910394 0.434780184132978 1.21742543554865 0.324253345513716 1.93806919828057 0.404890103777871 1.09845152264461 0.417652763659135 1.15336812590249 0.491364913992584 1.06981713906862
843.806 1.18213639804162 0.499317923607305 1.1663265330717 0.307174622314051 1.11004970618524 0.367455304414034 1.37399275647476 0.499517800519243 1.22710519307293 0.488784951949492 1.14424636843614
844.477 1.354116498027 0.336148705566302 1.39718844788149 0.473116073058918 1.62780935084447 0.464435843937099 1.22172529739328 0.461229111626744 1.21079285466112 0.479833015380427 1.35974401421845 0.449582666391507 1.36208823695779 0.356094692647457 1.64450276829302
879.869 1.78009608085267 0.443935861578211 1.05583578464575 0.460581090347841 1.33010789286345 0.315501443110406 1.68450573040172 0.406318811932579 1.01106566446833 0.411251964885741 1.10314045590349
906.27 1.96722759632394 0.424415897903964 1.03224457893521 0.404796845419332 1.76917612785473 0.457913951249793 1.69201018591411 0.435671710409224 1.88087802892551 0.407002864265814 1.95324580394663 0.371741284243763 1.55894255614839 0.37504086275585 1.32716068765149 0.468078577658162 1.69251925451681 0.346548516536132 1.23693928937428 0.352383839245886 1.93061166070402 0.353066380880773 1.58787854108959
921.033 1.746145630721 0.387883504154161 1.59324836521409 0.431071385648102 1.92939355084673 0.300921949418262 1.64627078338526 0.446536870673299 1.911175733665 0.441315089724958 1.30143961822614 0.475338338129222 1.32588365278207 0.475521400989965 1.17875113361515 0.460806112457067 1.14795999717899
938.558 1.73141974164173 0.393976454995573 1.7788774734363 0.348910645907745 1.32672619377263 0.330626525729895 1.24706391920336 0.325060362368822 1.98155937972479 0.472811276046559 1.04085758770816 0.441911337710917 1.69912453740835
947.377 1.49996163137257 0.489054171415046 1.46958132088184 0.406032326165587 1.42606876417994 0.462328032404184 1.19261763989925
1004.86 1.56503887847066 0.359316555177793 1.58607514062896 0.355035890638828 1.72892735549249 0.421227488014847 1.03082540351897 0.419461471028626 1.89838539017364 0.309278574306518 1.88569539296441 0.351468847831711 1.81246561463922 0.468012374360114 1.00627095857635 0.337680570269003 1.50158226420172 0.375720535963774 1.82646643649787 0.328415890457109 1.3354285354726
1027.32 1.07619332894683 0.496694095013663 1.88708691322245 0.322874061157927 1.23033172916621 0.38614287674427 1.14779007970355 0.348398598702624 1.56790357106365 0.396470833243802 1.56857342924923 0.49734552539885 1.66676595062017 0.365798316569999 1.52546433871612 0.432496269745752 1.79702961095609 0.409272165037692 1.21922880830243 0.491847706679255 1.58528830530122 0.396982523100451 1.43982564355247 0.398967025335878 1.75368551816791 0.467298512998968 1.34640555363148 0.417478605406359 1.14026506827213
1045.84 1.59381097112782 0.303874844685197 1.02199123613536 0.462820772780105 1.20669633429497 0.421327436203137 1.10175835923292 0.481592486053705 1.27321878890507 0.427180975489318 1.6390682766214 0.339969976339489 1.15926144574769 0.473041207250208 1.3318209766876 0.323454564902931 1.67766165384091
1048.32 1.23331051389687 0.358033063961193 1.62986777769402 0.482272369647399 1.7616968662478 0.311813161103055 1.67832132987678 0.339211197802797 1.23242344311439 0.342087744968012 1.88735767058097 0.349068272858858 1.93069095583633 0.317283459892496 1.30868110130541 0.412162150163203 1.41913531068712 0.443313802033663 1.75128338881768 0.330680169956759 1.14130062237382 0.401567837875336 1.11755527649075 0.355065852636471 1.06917615816928 0.371570792421699 1.86834600404836
1077.36 1.85482742032036 0.399854070274159 1.0250804068055 0.387536978535354 1.0900782442186 0.469428375409916 1.36819526180625 0.456798410462216 1.05669702170417 0.306425483711064 1.98670679121278 0.37924425965175 1.70290364208631 0.348853505356237 1.0854939292185 0.358434111392125 1.45702478429303 0.362910162657499 1.17067022272386 0.49190913583152 1.1091531382408 0.340850184112787 1.55980839743279 0.435595783172175 1.02169187809341 0.474536512931809 1.09477965394035 0.399282215349376 1.85172589123249 0.344017606042326 1.02401416562498
1087.09 1.51120750769041 0.419483334105462 1.31508268648759 0.480692179640755 1.16350298956968 0.46461264397949 1.46504203579389 0.373413332365453 1.4259992367588 0.376312544895336 1.3996699526906 0.422452654503286 1.15431027719751 0.332448101649061 1.99785206560045 0.441399272391573 1.73086698516272 0.33953616800718 1.13673108979128 0.38310020910576 1.43978588329628 0.385675714816898 1.95493475790136 0.372582966182381 1.58985223365016 0.347428608080372 1.4381976427976
1113.56 1.4602728120517 0.497544189495966 1.07899845996872 0.366533408779651 1.83677615248598 0.413229343295097 1.63221321324818 0.471318246563897 1.64780676434748 0.384608169505373 1.48710957262665 0.368474308773875 1.92766916332766 0.480557915894315 1.79390343511477 0.468293520621955 1.01034938753583 0.404762673098594 1.41120618884452 0.40204631946981 1.09306437033229 0.485672428319231 1.75632948544808 0.459024741034955 1.20254042651504 0.476746619446203 1.33036220516078
1115.53 1.3535868471954 0.350912831025198 1.77775752427988 0.35726281455718 1.41095277597196 0.430814229277894 1.55819943360984 0.441336108651012 1.73970695980825 0.38694941480644 1.20318824471906 0.475039291009307 1.06213853578083 0.320122112846002 1.56624464830384 0.335774475941435 1.40670877322555 0.485498978476971 1.84496558154933 0.447295742668211 1.59002550202422 0.4406891961582 1.2295233621262 0.397570979455486 1.87906823540106 0.3883321239613 1.74677750677802 0.471165013639256 1.80908276489936 0.464743276452646 1.7385127893649 0.41327178766951 1.21442936966196 0.315005529252812 1.08684188430198
1123.11 1.78096867422573 0.362535651726648 1.01640324108303 0.376914262585342 1.70771747129038 0.321593218157068 1.17704381467775 0.335876162303612 1.37124043982476 0.376929153222591 1.55892524472438 0.304625324951485 1.84384744148701 0.474977016821504 1.58523804065771 0.341071801260114 1.01000586152077
1132.96 1.41082430095412 0.357777624856681 1.58204024401493 0.492381350742653 1.37666787649505 0.485251473449171 1.09756928565912 0.411464993096888 1.72041552327573 0.451196592533961 1.16968159237877 0.494174998858944 1.87601876794361 0.497917711641639 1.90694193099625 0.462308006593958 1.01815337385051 0.475907301763073 1.12663988303393 0.410985952755436 1.5082552912645 0.359039958333597 1.31815465399995 0.398179392563179 1.08215911872685 0.341105362819508 1.45154750300571 0.455120933428407 1.86237603472546 0.345717882690951 1.98816511500627
1210.43 1.16826362884603 0.478607401810586 1.84881526348181 0.41458455407992 1.95930554601364 0.322090787207708 1.04035322531126 0.432428319891915 1.28706621401943 0.446120370272547 1.03048912808299 0.403481786046177 1.8191632037051 0.385579050797969 1.30236615054309 0.451545576332137 1.18880295217969 0.440033134259284 1.67014338844456 0.440066635422409 1.94873492629267 0.481604340393096 1.44539775606245 0.304986328352243 1.3574950885959 0.396102894563228 1.90019866311923 0.374426681967452 1.55952732264996
1220.69 1.01450962200761 0.489880718663335 1.14572966471314 0.476277160085738 1.26457016915083 0.475985539285466 1.8213446047157 0.425078208185732 1.48922666721046 0.49201349131763 1.57272815844044 0.455036029499024 1.63417035201564 0.407450687233359 1.97278681956232 0.305324481986463 1.20252654701471 0.374589552357793 1.92816737829708 0.301636508945376 1.86937347752973 0.401511658122763 1.13362443773076 0.333955156849697 1.89867723477073
1244.08 1.48421354102902 0.486915476620197 1.88853515917435 0.322083581145853 1.23340255441144 0.33689669999294 1.71728872694075 0.420101085817441 1.27364576235414 0.46260022954084 1.68069301662035 0.30161676784046 1.09601428965107 0.395617077127099 1.07080465182662
1301.78 1.09438844397664 0.329722464736551 1.4454510633368 0.46611113245599 1.65639727679081 0.384396844450384 1.0990677063819 0.370202937908471 1.45980364456773 0.448065280122682 1.01024006097578 0.492809588415548 1.96954047260806 0.337360655283555 1.08020247402601
