# Using the following values to generate the workload:# num_procs = 50
# mean_io_bursts = 10
# mean_iat = 25
# min_CPU = 1
# max_CPU = 2
# min_IO = 0.3
# max_IO = 0.5
5.59838 1.24074271623977 0.31808627191931 1.71910542692058 0.48144142376259 1.6122433389537 0.351370653184131 1.16228060191497 0.414521826663986 1.28940531890839 0.337638324405998 1.83262832066976 0.321643126662821 1.15767238289118 0.321472920570523 1.0644183321856 0.390168917644769 1.05666759330779
42.0374 1.53077051485889 0.475802382826805 1.03494966798462 0.457944314880297 1.40000376687385 0.429442042019218 1.00345727684908 0.44687302489765 1.01070389198139 0.411445658840239 1.82986516691744 0.484326117811725 1.78898518835194 0.393102651648223 1.09939018450677 0.338460299139842 1.83573654526845 0.382886787364259 1.36679528281093 0.401291845133528 1.21818896755576 0.471207526652142 1.49784866953269 0.312649210868403 1.42805564426817 0.467394956108183 1.52579722227529 0.492409473191947 1.32614972209558 0.45377820036374 1.33513644477352 0.381721554975957 1.76904010726139 0.347231007926166 1.71502058277838
44.1782 1.09510989300907 0.433466923423111 1.75983225135133 0.36597799109295 1.36743754683994 0.342158169858158 1.55395304877311 0.478096811193973 1.55959543539211 0.337176411272958 1.51916036545299 0.476606836216524 1.75675466749817 0.315602420270443 1.09621033305302 0.400237635103986 1.08386174938641 0.386000017728657 1.86221976368688 0.406179534550756 1.7223626410123 0.464547796593979 1.29243486747146
48.8957 1.95496031455696 0.44670482063666 1.35186358727515 0.320319151878357 1.21682210220024 0.492572702514008 1.36898123961873 0.486243774043396 1.65061712265015 0.318286398798227 1.2514377720654 0.418009432638064 1.29847311251797 0.409428442828357 1.31127614970319 0.480111821368337 1.94183649122715 0.317893081577495 1.56691411789507 0.315598501963541 1.20883780159056 0.357671523746103 1.83660375955515
68.8263 1.04081062902696 0.474157077027485 1.66690959781408 0.382652667909861 1.19117127358913 0.406186329713091 1.75881524011493 0.412255536345765 1.4394151752349 0.385676338430494 1.91215753275901 0.304982149414718 1.57583091664128 0.340886505227536 1.53072131425142 0.344865941209719 1.09882140276022
76.1816 1.14523135009222 0.355409697676077 1.25066080200486 0.378031128970906 1.07685325131752 0.346094891428947 1.87294127047062 0.430373747972772 1.79314071522094 0.419238293031231 1.00034168735147 0.420283611211926 1.57284495909698 0.360286467289552 1.59510143729858 0.385753338597715 1.62489092652686 0.321195996413007 1.21693762461655 0.321995032159612 1.71914405399002 0.365205065021291 1.55704885022715 0.432236731797457 1.06778789730743 0.347347908606753 1.17429447406903 0.362377842189744 1.03836499317549 0.459767271904275 1.05762393213809 0.309447708213702 1.48923608614132 0.418107458436862 1.54002522001974 0.434658959507942 1.09784995531663 0.350713157979771 1.18885057535954
80.8015 1.56057086959481 0.351163517264649 1.30935860308819 0.41367309121415 1.86599078401923 0.355853275721893 1.99301274935715 0.450124345719814 1.86537040234543 0.370410937070847 1.8751859983895 0.375447252113372 1.93697244417854 0.41325935232453 1.01484323176555 0.476299647521228 1.66275176312774 0.454768827045336 1.53640096867457 0.469319537375122 1.9872752437368 0.45672135418281 1.05970162269659 0.45230283648707 1.23532397020608 0.406437094276771 1.40167199796997 0.369383226148784 1.78731604525819 0.479300132161006 1.46943258214742
82.7764 1.59747984260321 0.399616604065523 1.6174701678101 0.332670028926805 1.05388913466595 0.483518739510328 1.05132541060448 0.494946595234796 1.98426438379101 0.343318469217047 1.69603533158079 0.449904996948317 1.07407442084514 0.337514880299568 1.20067950920202 0.360408248705789 1.03086692583747 0.381731185968965 1.03333548130468 0.437345290789381 1.98140735714696 0.466219461429864 1.39236896205693 0.484319874085486 1.88435112661682 0.351780368713662 1.22127815359272 0.376642221398652 1.57748727174476 0.489985857438296 1.50882712937891 0.471027862746269 1.24862422165461 0.398045068141073 1.72847689455375
181.749 1.1698918340262 0.349755867058411 1.77739186049439 0.477124542277306 1.77090159826912 0.332472698809579 1.44402419356629 0.487926723575219 1.18945645866916 0.391479671001434 1.82623209967278 0.417854084679857 1.51672926265746 0.499784744624048 1.27595934760757 0.470184828201309 1.91645400761627 0.464386584796011 1.6156952555757 0.370468280324712 1.63497260399163 0.485070176841691 1.02597293490544
182.815 1.24704119097441 0.487105400348082 1.12914079288021 0.322769431816414 1.75978969922289 0.415450735250488 1.71480229846202 0.404580146167427 1.10055581456982 0.37065848573111 1.25535773159936 0.423824432864785 1.77177251270041 0.410959810437635 1.77737508248538 0.346714296843857 1.28156945155933
200.363 1.88784960540943 0.441928031342104 1.1462757717818 0.353186080837622 1.3315306964796 0.417982674203813 1.56366483448073 0.4317038747482 1.25847883801907 0.369250767212361 1.18440025649033
275.548 1.24149316432886 0.49132193098776 1.35586164263077 0.390982729429379 1.96724289795384 0.311264250893146 1.1968974780757 0.378774352418259 1.90821285452694 0.499519245373085 1.34908074350096 0.431545956619084 1.84391895844601 0.318238546233624 1.46737641259097 0.479832218121737 1.01347835385241 0.482308291131631 1.14476612280123 0.402779878443107 1.77497862163 0.346464576758444 1.87622351245955 0.426910133380443 1.20089084585197
329.568 1.41887657018378 0.383810056466609 1.60853520245291 0.315058988379315 1.73760614357889 0.352665635710582 1.80708733084612 0.325137201324105 1.66192342573777 0.399539992772043 1.67000319878571 0.349538916815072 1.32532680407166 0.487503621447831 1.33683340460993 0.346020396472886 1.89728492638096 0.321640086080879 1.32682830630802 0.342868232307956 1.86337633128278 0.464002870488912 1.05857338453643 0.309381199860945 1.29447724926285
389.085 1.77870535198599 0.498826123727486 1.77416015043855 0.474136022524908 1.66248437785544 0.490626692585647 1.85308447177522 0.374634917639196 1.09362905635498 0.349731540726498 1.7361479208339 0.376470984891057 1.81934949429706
420.808 1.65461317915469 0.476748009119183 1.43367527634837 0.408455477235839 1.32504935213365 0.360586330620572 1.98646418494172 0.487751418538392 1.3975249119103 0.491017715679482 1.64245167816989 0.482052819710225 1.44342677900568 0.391264179162681 1.65082033444196 0.300694718211889 1.34997582389042 0.46147290864028 1.4407594462391 0.432068177498877 1.8537199520506 0.309823663393036 1.55016496474855 0.31141236461699 1.55553110828623
427.449 1.16883521643467 0.333663035836071 1.56097439001314 0.473768675792962 1.0977815145161 0.373585574282333 1.62059198319912 0.47396330893971 1.44604509836063 0.422950687957928 1.53993526077829 0.376570445206016 1.96392012014985 0.321666721673682 1.24598073889501 0.354227756382897 1.57405352313071 0.343096498120576 1.130450588651 0.352119158115238 1.14484873157926
481.221 1.5900370948948 0.356025609653443 1.6718154894188 0.408946747332811 1.68179995450191 0.481614752532914 1.05882317572832 0.366137956082821 1.98084354074672 0.452454194752499 1.29379248153418 0.432021417235956 1.85097705875523 0.422325420752168 1.31185256899334
490.201 1.62951309396885 0.427534188143909 1.52423516265117 0.330070091364905 1.44645001739264 0.346769471233711 1.96711018914357 0.499019631184638 1.80777059704997 0.378002520650625 1.39652152732015 0.496669890778139 1.73951295483857 0.425796039775014 1.99545941385441 0.331905006570742 1.58986161462963 0.33173770471476 1.71459640259854 0.480084026465192 1.73013829160482 0.361195941269398 1.781828668667 0.492944707069546 1.66116507118568 0.367262630164623 1.05422681616619 0.359838711516932 1.45766973961145
494.58 1.1925923335366 0.477051007933915 1.24963480886072 0.326925896573812 1.07679575658403 0.448560914443806 1.55726659018546 0.47986991093494 1.38321312074549 0.311745072714984 1.92378741176799 0.363163918163627 1.870181360282 0.357128490367904 1.14773758198135 0.453771717380732 1.23443908337504 0.365294821327552 1.24555568606593 0.469980818871409 1.50793725368567
497.735 1.78717927122489 0.331669910205528 1.28174050012603 0.356621792726219 1.42906275321729 0.442796207498759 1.26887071458623 0.381912253471091 1.80928517109714 0.477375831501558 1.72459780005738
507.679 1.76688570482656 0.435450011724606 1.80552067002282 0.412419343553483 1.03785770502873 0.388198182871565 1.88382412213832 0.495646374998614 1.73366874153726 0.304055213695392 1.62502535106614 0.471070642676204 1.3370003728196 0.434992376575246 1.15598844341002 0.320831751963124 1.34317351062782 0.356958000874147 1.84235372906551 0.348090995429084 1.85853013722226
532.169 1.11594032705761 0.357826844323426 1.62329311436042 0.350399798853323 1.79938829410821 0.33298194790259 1.53627712116577 0.407838566508144 1.71916215727106 0.48645030669868 1.11467476910912 0.427799314865842 1.36361977900378 0.349710256233811 1.7243968215771 0.327284614788368 1.45614612591453 0.492825434217229 1.67087594349869 0.33244494353421 1.98682595649734 0.479251013649628 1.29777452885173 0.406308864755556 1.38557045417838
542.399 1.73763978714123 0.406942189345136 1.76328236213885 0.439778070477769 1.83545547770336 0.408068632474169 1.50546250585467 0.456656278856099 1.39372752257623 0.342660584161058 1.52482282277197 0.346187363797799 1.7328344497364 0.372353582689539 1.97181911137886 0.371382445516065 1.45501278387383 0.332917568273842 1.88475543516688 0.312442906200886 1.49936495139264 0.456556117208675 1.05614372901618 0.316209080349654 1.55111949634738
560.333 1.01224982994609 0.326120658079162 1.71175256394781 0.42383507527411 1.37352000479586 0.458179867360741 1.18516190676019 0.453964757826179 1.95664111454971 0.443092862283811 1.79341582558118 0.473519811360165 1.21751010138541
569.256 1.76756541640498 0.420145647181198 1.55911693768576 0.348068102682009 1.50303424801677 0.334150586929172 1.98251647735015 0.465850365022197 1.91354258637875 0.356903716456145 1.22720598056912 0.415584822464734 1.36548232566565 0.433108932385221 1.64480009791441 0.356850227946416 1.25751532125287 0.327049914235249 1.79589205561206 0.322992451768368 1.71337394043803 0.445372202713042 1.57456150022335
597.11 1.59834834374487 0.491273421887308 1.70253106672317 0.354061591112986 1.8303684128914 0.361555018508807 1.49253362626769 0.474558668909594 1.78677822253667 0.341396054392681 1.61691551376134 0.483943747449666 1.32934582955204 0.31834674780257 1.77352747763507 0.456475200271234 1.41808256693184 0.387450473709032 1.98635857272893 0.377003372367471 1.63441327540204 0.401673084869981 1.17627853201702
667.506 1.0331256731879 0.434628852037713 1.78482359810732 0.442453802842647 1.39990202127956 0.379683416243643 1.87755605671555 0.414862624229863 1.33118463866413
674.175 1.82414101832546 0.364395493408665 1.93555194046348 0.32792956023477 1.45653151255101 0.488229928165674 1.67310510785319 0.315953151322901 1.16833357792348 0.384496711287648 1.09351875004359 0.406853578146547 1.76506317523308 0.336830898048356 1.08371863164939 0.347012245375663 1.55351337627508 0.359078312525526 1.11787435691804 0.344978889683262 1.91654570726678 0.381760364212096 1.79666698444635 0.311011561984196 1.13330226042308 0.356692722858861 1.24314067978412 0.308789898874238 1.2039134693332
726.604 1.58441559178755 0.45152673185803 1.61827231710777 0.456042471062392 1.21150653460063 0.337565315421671 1.27573967538774 0.305179301230237 1.10159319336526 0.363452195096761 1.76024923147634 0.366833537863567 1.71335011580959 0.311657971749082 1.89547141734511
757.937 1.1601002055686 0.321519064391032 1.42282902472652 0.341587555781007 1.66473296307959 0.375133769121021 1.33663554978557 0.367385061038658 1.37325849640183 0.477039563516155 1.83794079255313 0.428450860595331 1.61392121482641 0.424635781859979 1.83451135735959 0.431993352295831 1.26155566656962 0.367777533410117 1.67486601090059 0.429445814853534 1.38808709848672
785.667 1.15118811116554 0.311153961438686 1.50437534390949 0.345252375956625 1.21677227993496 0.487421922571957 1.64455723413266 0.404393080994487 1.6737503441982 0.318986397376284 1.28191950987093
797.496 1.54172502062283 0.44095944664441 1.85206368099898 0.364741440722719 1.39842707966454 0.467311038449407 1.80806097364984 0.344644608814269 1.97929933667183 0.389788022451103 1.34820907795802 0.321851985761896 1.61735597858205 0.423821769282222 1.96370420302264 0.421889860834926 1.5488290686626
813.244 1.09325207350776 0.399132148502395 1.36737854359671 0.447167266299948 1.91721895802766 0.451107079349458 1.79339220630936 0.42606714698486 1.10347737953998 0.481795688765123 1.14202245441265 0.390993504086509 1.93545104027726 0.34944515847601 1.61956700636074 0.34830326186493 1.07092278660275
846.252 1.96792419534177 0.339749254006892 1.69704528944567 0.337159652169794 1.76157978828996 0.312919580005109 1.60192035208456 0.331472627678886 1.73426106921397 0.473536363150924 1.52640105551109 0.32860817341134 1.92885116394609 0.499320750404149 1.0353974532336 0.426645374717191 1.89320054743439 0.356872995803133 1.33747695712373
851.42 1.14789137174375 0.3114109008573 1.44045566790737 0.397914105746895 1.91005448717624 0.490784727782011 1.33972798404284 0.48874518298544 1.99039820628241 0.356400212552398 1.47712702234276 0.394488979782909 1.84962177742273 0.346836434537545 1.24584235623479 0.433308474160731 1.95715340855531 0.346204241691157 1.33456405531615 0.398490739287809 1.00034349714406 0.344906945852563 1.01367523870431 0.458555017830804 1.29952407744713 0.39923013872467 1.28051787288859 0.46534338304773 1.94896849035285 0.384460683492944 1.01675273105502 0.493788661668077 1.89424663339742 0.341996725043282 1.81200874783099
867.652 1.04578518704511 0.414392479974777 1.84471026435494 0.332426428282633 1.85720964265056 0.489920483483002 1.75389616121538 0.409521288936958 1.02069189399481 0.392853126302361 1.15704947127961 0.377024562563747 1.34921716665849 0.341376762185246 1.17009490751661 0.365219324128702 1.59664282156155 0.350323659973219 1.62190350494348 0.472060652635992 1.9529596157372
882.915 1.58360209921375 0.321836092788726 1.7385299843736 0.321802956936881 1.95004212274216 0.434467363031581 1.39185603847727 0.471916301036254 1.53949795034714 0.420834439061582 1.82997709512711 0.324895737646148 1.77822070685215 0.457449488714337 1.19181525357999 0.496025537373498 1.06856442731805 0.314941624971107 1.68680849834345 0.388207251764834 1.9284142695833 0.42270291056484 1.99282365012914 0.465133502380922 1.59680283069611 0.310449354862794 1.29120108182542
900.283 1.85907001048326 0.316507960809395 1.32429240271449 0.442083331011236 1.19448834494688 0.41216671122238 1.90828172094189 0.428770619397983 1.93975394451991 0.396698493976146 1.17491895565763 0.49118549968116 1.47975240298547 0.483949875133112 1.33385276631452
908.511 1.01869079796597 0.432773578818887 1.42284149280749 0.47577281948179 1.30491189239547 0.376986231096089 1.13409580942243 0.388034203555435 1.20761962351389 0.450313990749419 1.85619088169187 0.474772651912645 1.57575930724852 0.316128062177449 1.36932026175782
932.511 1.7966709441971 0.380495405290276 1.34950996772386 0.382734634308144 1.15298987179995 0.445360724814236 1.14166212454438 0.334369483496994 1.79994147852995 0.492215760936961 1.62497078441083 0.434428698243573 1.55508193140849 0.361791594745591 1.7735188761726 0.382618449954316 1.36104487115517 0.366222638683394 1.69085903372616 0.408145570755005 1.76020017941482
964.893 1.01505187735893 0.343790339725092 1.20009443839081 0.483601008728147 1.59437229461037 0.472536351950839 1.25755131570622 0.339407874876633 1.2021520237904 0.312914260430261 1.22638243762776 0.350857531698421 1.57433776627295 0.309568564034998 1.1039768345654 0.44236937253736 1.60593692096882
1010.06 1.87733482662588 0.331239983346313 1.30376280238852 0.435011477116495 1.25901266816072 0.378614565357566 1.48583284812048 0.367144236434251 1.19293547840789 0.329034172836691 1.42835338739678 0.388166303327307 1.51004276867025 0.426891407417133 1.98321297438815 0.377419724036008 1.22555045830086 0.477688656141981 1.34316805400886 0.324499683827162 1.22937413072214 0.475289104320109 1.79376548831351 0.421732273651287 1.69706408935599
1023.16 1.8178085735999 0.472476219944656 1.80397093342617 0.369043790455908 1.95374154322781 0.458598357066512 1.17580992053263 0.373963909363374 1.99712356016971 0.337736585829407 1.04016101290472 0.326365726627409 1.26541639189236 0.350627408362925 1.4822221302893 0.34723464124836 1.7611186131835 0.42879602573812 1.21499723405577 0.466420717956498 1.63219618913718 0.479247917421162 1.36673920671456
1027.81 1.04457093426026 0.349125440744683 1.13005205895752 0.447533830115572 1.87595287780277 0.345640060165897 1.69557460956275 0.352402081992477 1.29988922644407 0.327995718363672 1.47183597483672 0.365741572296247 1.67435035738163 0.319367060111836 1.15310371760279 0.409146360028535 1.53801380284131 0.484437671070918 1.69410502701066
1105.55 1.56928348820657 0.478517332579941 1.05490214447491 0.34434746382758 1.62664564256556 0.429113085288554 1.09470892045647 0.477891621412709 1.76246178150177 0.446447567688301 1.0290150528308 0.448415987705812 1.51466540200636
1121.7 1.87205405393615 0.360154160764068 1.96624028170481 0.448521698499098 1.86683998606168 0.462457969924435 1.88624203903601 0.465234882058576 1.48139012046158 0.469387423340231 1.28791555087082 0.362194289453328 1.83766737137921
1146.87 1.48192484187894 0.385340111888945 1.95662461896427 0.472340093739331 1.55060615879484 0.44772525485605 1.91267588105984 0.325180015480146 1.59895765129477 0.482617691438645 1.8717310114298 0.461607189662755 1.94576505105942 0.352092852396891 1.38152635842562 0.363202099129558 1.47192801814526 0.401908773137256 1.73599735856988
1150.51 1.26975046936423 0.448356001824141 1.07318019657396 0.390506744431332 1.98606778332032 0.30827599382028 1.56144812330604 0.343976426543668 1.11593140452169 0.43817530781962 1.72974184970371 0.485201473394409 1.33327998663299 0.34826246695593 1.52380529558286 0.400634414423257 1.17336082900874 0.327078129909933 1.69837077241391 0.451594971679151 1.18372805998661 0.486745059071109 1.2334414019715 0.417229687608778 1.96902135154232
1182.82 1.17742603318766 0.42152999616228 1.63687172392383 0.4303122269921 1.7290198027622 0.331612108042464 1.20444445405155 0.354150190530345 1.8422166777309 0.36783187170513 1.96023246576078 0.386011699633673 1.65562229347415 0.315239181462675 1.90042868698947 0.416184483654797 1.48225974757224 0.311397337447852 1.2298544824589 0.444491006573662 1.08893688954413 0.362832422042266 1.7510290122591 0.491775019094348 1.15902032586746
1182.92 1.95617213402875 0.471984943980351 1.70946103683673 0.401111707696691 1.48567253584042 0.334101525973529 1.20294069428928 0.486080755479634 1.34433043887839 0.435492385644466 1.65418402082287 0.329180778982118 1.96227141399868 0.335430688410997 1.99151428975165 0.381672944827005 1.96296159108169 0.451165265915915 1.76805632910691
