# Using the following values to generate the workload:# num_procs = 50
# mean_io_bursts = 10
# mean_iat = 25
# min_CPU = 1
# max_CPU = 2
# min_IO = 0.3
# max_IO = 0.5
17.8562 1.63166861678474 0.466563598206267 1.60843001655303 0.478352332208306 1.532264462905 0.399883732711896 1.33925211033784 0.421659043990076 1.62183302058838 0.482428783830255 1.72490147408098 0.476117617171258 1.05979900876991 0.363069795398042 1.60979808075354 0.453063271986321 1.82763757184148 0.397443070961162 1.59072880772874
19.3002 1.84272885369137 0.37775521450676 1.58338673901744 0.36203807448037 1.46326785674319 0.313785899616778 1.89547819574364 0.425773063162342 1.04596920195036 0.383706659125164 1.83567248866893 0.310970237106085 1.18285355949774 0.431477503059432 1.42077536555007 0.43645174135454 1.24009440699592 0.482548340689391 1.95303506450728 0.466757435724139 1.39047036319971 0.327895378880203 1.56817935290746
27.3408 1.85765950125642 0.308344460278749 1.20916839758866 0.391186144761741 1.72174908872694 0.31303180065006 1.89005586202256 0.4527276345063 1.27510553365573 0.415215476229787 1.00017885677516 0.432364885648713 1.1859437962994 0.36226150947623 1.21091122063808 0.474884078698233 1.98077804665081 0.339193755714223 1.01990703982301 0.452521879086271 1.46237366786227 0.470198920276016 1.10382436495274
29.7943 1.70646442123689 0.462471936224028 1.54975554766133 0.49129104912281 1.80850016372278 0.396281844330952 1.69607694423757 0.497529354970902 1.8551184607204 0.411462618131191 1.69086878141388 0.392251032870263 1.51373270829208 0.457376644806936 1.73411566577852 0.354409840749577 1.66383537650108 0.338529785396531 1.52932676137425 0.300598103227094 1.94897710555233 0.442665901919827 1.15091389720328 0.411702440446243 1.22037954838015
30.7831 1.31651550903916 0.30615092436783 1.36041960888542 0.486064634937793 1.17760603921488 0.386335386894643 1.84252621163614 0.353219791734591 1.25107262097299 0.458050805004314 1.05743834003806 0.434821784542873 1.11111008934677 0.419162474712357 1.76079628244042 0.422170921880752 1.32700637890957 0.491300892317668 1.5576831009239 0.345914046326652 1.45833784597926 0.309193823393434 1.89309481740929 0.374834446050227 1.77114332956262 0.374569065961987 1.67030759481713
32.9016 1.69482214888558 0.495287106791511 1.17192716198042 0.408814158057794 1.06698571075685 0.319465480186045 1.37697274470702 0.386790314083919 1.59005818795413 0.458494446054101 1.21053038863465 0.40614349716343 1.84399969992228 0.37834210912697 1.07687221071683 0.42017905539833 1.47089125914499 0.395029337983578 1.73620975180529 0.359861966967583 1.18038246943615 0.450983104389161 1.24020496709272 0.378191146440804 1.84993461333215
61.6284 1.85743198799901 0.481387087423354 1.66323425923474 0.440793912531808 1.73295182385482 0.484402064792812 1.17996888770722 0.362694762460887 1.40006131492555 0.415461414679885 1.32570351543836 0.391746102133766 1.43433686159551 0.416489524673671 1.01536852749996 0.305019263317808 1.03876438597217
70.8492 1.66910449950956 0.390114207798615 1.9344855803065 0.347437730291858 1.3502698240336 0.384567339764908 1.13148115039803 0.377437610644847 1.03741827374324 0.326741118123755 1.47046592226252 0.322256196616217 1.56522280257195 0.460318197635934 1.6232360585127 0.474978932738304 1.46939839376137 0.341427152743563 1.21126834186725 0.496099859988317 1.51942877774127 0.494190846476704 1.9751756337937
112.504 1.48818073235452 0.346406630426645 1.98172202985734 0.465743176080286 1.03590928670019 0.363174383668229 1.69300644099712 0.317488499218598 1.75199445290491 0.462805538950488 1.09200688265264
115.66 1.00252797082067 0.467743676388636 1.74965608981438 0.451782212266698 1.84558999259025 0.470444277115166 1.83800840261392 0.373167624650523 1.81955722463317 0.383895558398217 1.96907705091871
130.21 1.59367033094168 0.418814918212593 1.14092741021886 0.420970491226763 1.250011152355 0.315538774989545 1.23227530554868 0.398802950792015 1.52487734728493 0.338515447685495 1.72036017524078 0.459094949811697 1.75473754131235 0.434355153702199 1.59782873932272
143.371 1.71228143712506 0.385407895362005 1.47196368034929 0.396332522016019 1.14067629282363 0.472923709731549 1.08921700087376 0.447803504113108 1.20602001645602 0.377489534439519 1.27302587032318 0.359791254578158 1.92296574893408 0.383331661159173 1.7029741408769 0.310983789106831 1.4649951539468 0.359868843154982 1.89046868542209 0.368802274018526 1.65645075612701 0.377451192541048 1.21177201950923
191.348 1.83030767692253 0.402520498912781 1.64238327252679 0.486471173353493 1.11555549944751 0.353411321993917 1.39587308722548 0.444658575719222 1.41673419182189 0.453429955802858 1.0075792921707 0.423237353749573 1.06411694828421 0.335038296086714 1.26483301422559 0.354537568055093 1.50696413707919 0.416616230271757 1.5647416934371 0.414140376495197 1.04946074145846 0.455618040449917 1.50991144310683
195.588 1.92576678935438 0.417352518439293 1.49476687214337 0.364044863171875 1.42148937471211 0.421139065129682 1.49133004946634 0.494195121061057 1.01710231765173 0.34806790468283 1.24974556849338 0.388567592203617 1.56723643396981 0.306033857399598 1.61182385543361 0.449478780990466 1.64155509741977 0.339838190050796 1.56972742988728 0.469855909794569 1.44836186571047 0.334425192093477 1.6086340143811 0.392683900380507 1.24561429512687
230.066 1.59053957927972 0.305367421591654 1.33835362037644 0.440433886134997 1.54265975626186 0.430701449653134 1.59339027106762 0.326423507230356 1.45539785572328 0.438938570348546 1.26445522811264
236.72 1.80838097329251 0.470417346386239 1.27108316635713 0.31147831263952 1.65568278566934 0.430463881930336 1.81439238484018 0.476651134155691 1.02736014430411 0.482134376000613 1.22998810326681 0.356864124909043 1.66177054634318 0.352388538466766 1.63113478873856 0.317419303301722 1.65808886219747 0.313375329365954 1.20574946585111 0.465953683713451 1.28934115311131 0.394764122879133 1.52221479453146 0.389406949002296 1.61763341282494
248.168 1.26979573094286 0.46060724677518 1.48070472176187 0.460112852882594 1.41193593596108 0.401118598505855 1.58159948023967 0.447329270513728 1.58225035108626 0.44537449022755 1.71673351735808 0.33479435807094 1.92053472157568 0.342142959265038 1.12316239066422 0.496593247773126 1.16239349264652
270.83 1.17030806653202 0.445600657537579 1.57189586944878 0.361890632007271 1.33689782535657 0.314564070198685 1.67278651474044 0.307210847409442 1.99816621374339 0.404554381826893 1.97106214566156 0.488947787741199 1.32153961714357 0.45517515623942 1.52343938453123 0.420908169960603 1.42053568735719 0.375061210105196 1.40420726872981 0.358584959292784 1.39443437638693 0.396617150865495 1.72940999013372
286.728 1.44107501511462 0.338691947748885 1.1965403391514 0.379674432240427 1.07132689468563 0.381646813265979 1.6775521915406 0.453890207689255 1.0415492716711 0.335317162098363 1.74868801329285 0.377877498231828 1.80533826653846 0.417685843491927 1.43705742317252 0.318112728092819 1.26711075054482 0.468818181147799 1.80529459612444 0.323558536265045 1.02545602642931
327.274 1.68631463916972 0.349130193982273 1.75960365496576 0.4359386743512 1.88117641210556 0.327226822217926 1.19456297159195 0.484801219310611 1.22367502027191 0.435224388586357 1.59625934623182 0.310496907122433 1.88508100062609 0.307630796730518 1.76225864817388 0.311684993468225 1.21761938324198
419.925 1.39663341245614 0.484429282927886 1.83394398796372 0.371157022798434 1.93441742379218 0.435161925759166 1.39309065253474 0.338406093930826 1.84457024931908 0.494408394070342 1.69847963470966 0.49617588990368 1.7242107396014 0.376537753362209 1.46742377523333 0.384214735636488 1.4129695140291 0.329771539196372 1.82038686960004 0.341430313512683 1.53309216001071
422.177 1.60002936469391 0.440885805804282 1.56067436584271 0.330479295318946 1.33098206226714 0.333943499485031 1.64079453889281 0.411631316319108 1.05963765224442 0.470576848881319 1.32219060580246 0.411050320696086 1.93815523246303 0.317197023658082 1.01211681542918
428.304 1.36784705496393 0.47580390824005 1.47577002970502 0.415308465529233 1.19384655356407 0.327898172056302 1.09341827081516 0.325293151428923 1.0502859945409 0.442943726340309 1.09501521009952 0.388836934138089 1.20338928629644 0.417580733681098 1.4831118574366 0.399770710337907 1.35025161039084 0.376051951106638 1.8510569401551 0.471913024829701 1.6395648973994 0.448843880277127 1.48650608723983
432.659 1.0280488722492 0.395907002221793 1.15716414898634 0.483798444783315 1.6588890152052 0.366120765125379 1.14797759824432 0.45179042564705 1.87935892422684 0.480182821536437 1.37166663887911 0.487223709654063 1.48822364141233 0.448026680853218 1.56821819324978 0.316745653329417 1.94259483111091 0.301674927584827 1.28510901425034 0.313581619923934 1.61889571743086 0.325282442430034 1.45683179539628 0.456261816667393 1.4426821784582
449.563 1.2903049858287 0.363650154229254 1.81579377921298 0.31595411663875 1.59335935348645 0.337242487166077 1.19829671387561 0.435342449508607 1.51349230716005 0.408685987722129 1.60414989222772
455.449 1.39873633952811 0.373802850022912 1.10618772893213 0.32747541628778 1.09699795953929 0.44258567430079 1.46810074243695 0.460120907146484 1.12164489133283 0.33610387952067 1.37875069654547 0.444350931560621 1.60622793226503 0.433309827605262 1.77538832952268 0.396872482821345 1.97599425562657 0.426518537988886 1.666026359424 0.375572234531865 1.51423843810335 0.395208026282489 1.70844814623706
456.68 1.07226532464847 0.371900440473109 1.24172340892255 0.453620221186429 1.14165229257196 0.381155410828069 1.8231996295508 0.31746474201791 1.63174053793773 0.424460028298199 1.43075282033533 0.338102672249079 1.93347060144879 0.357978146942332 1.62295329850167 0.415355079947039 1.01730008632876 0.387519069202244 1.73525801347569 0.405433654366061 1.20841496251523
614.983 1.92560322606005 0.371351553034037 1.2125921973493 0.31820487100631 1.98030490730889 0.38840588782914 1.49714178219438 0.309568602126092 1.38452079263516 0.489565720874816 1.07293943176046 0.384824347728863 1.19425976765342 0.464303150447085 1.7838115314953 0.345145597215742 1.32143661263399 0.333946410287172 1.85666306689382 0.322853792645037 1.45592764834873 0.352547682821751 1.22271672612987 0.30895194336772 1.09677737858146
623.799 1.73169449274428 0.438960035145283 1.16522525576875 0.462945819878951 1.12351876008324 0.378577943658456 1.99362305738032 0.305335480067879 1.34117366420105 0.476579923275858 1.28090343251824 0.329904609266669 1.1983530651778 0.384261972736567 1.09421132947318 0.3756004486233 1.66564734047279 0.497067024093121 1.90857278928161 0.484755110973492 1.17275038734078 0.372133580967784 1.36371060879901 0.401030118623748 1.1919197703246 0.352744233608246 1.76103551289998 0.332074676547199 1.72961316537112 0.495101648010314 1.78757101506926 0.449878788879141 1.37248949962668
672.89 1.22290035104379 0.407358741993085 1.48274585441686 0.473544848896563 1.67079923232086 0.453912296518683 1.0174203934148 0.326328791631386 1.48979133367538 0.493969391984865 1.514463233063 0.469128029467538 1.60992755484767 0.489783085463569 1.86257061967626 0.447151682060212 1.31893416983075 0.324875157093629 1.57064988883212 0.356916981656104 1.65149573748931 0.41890899320133 1.44803824461997 0.372106330143288 1.09163182950579
673.445 1.16184899257496 0.438418249879032 1.1770308567211 0.492497181054205 1.78552484628744 0.371940261032432 1.88619214249775 0.348229007842019 1.86243599792942 0.440545938815922 1.49542442825623 0.3701687308494 1.20471481559798 0.440935813216493 1.78654549270868 0.300378171633929 1.54905879567377 0.36984164789319 1.20852269278839 0.417375421384349 1.1734779952094 0.496961547993124 1.66137132025324
729.932 1.47958131902851 0.392776957014576 1.62689015711658 0.443875534646213 1.4268733500503 0.465262476215139 1.0088533970993 0.325719647482038 1.93083482654765 0.398152804560959 1.4138701998163 0.426605853019282 1.49516478436999 0.359219462610781 1.72097145323642 0.462867577234283 1.43102874816395 0.434088523266837 1.94349397486076 0.345801433594897 1.47560456418432
809.433 1.79372438252904 0.320144482189789 1.01520883222111 0.302566915703937 1.05564612825401 0.303546818625182 1.17944454913959 0.460175829473883 1.29451322345994 0.460851940419525 1.09804506413639 0.360204508854076 1.9435836665798 0.386353339394555 1.63320372137241 0.442792757228017 1.24411223898642 0.475335478922352 1.43227278394625 0.412349212355912 1.70064757671207 0.386703745415434 1.17758603394032
815.817 1.43593833013438 0.471032829256728 1.72832388989627 0.48344737063162 1.89929831330664 0.435287318518385 1.3094761040993 0.428276261268184 1.56894430075772 0.385545601882041 1.20765184657648 0.493673138646409 1.8479754878208 0.312184948753566 1.91697648144327 0.419853970268741 1.60540209012106 0.358343521971256 1.91763087036088 0.331449557188898 1.37222607713193
820.589 1.73068039724603 0.417974780499935 1.9966699606739 0.350312210526317 1.11632385035045 0.340227015130222 1.2519415859133 0.464708297792822 1.73297928133979 0.37496725465171 1.03646812587976 0.332344274641946 1.50943008740433 0.404603211395442 1.96990257664584
862.483 1.5400286000222 0.492965089995414 1.16353899077512 0.459973069047555 1.52006326592527 0.453009258955717 1.12090962124057 0.330020410846919 1.83896509977058 0.30608446309343 1.90482361568138 0.30326501862146 1.06063936464489
881.473 1.26811395259574 0.314349367981777 1.7337036752142 0.448640453722328 1.37876759446226 0.344391548447311 1.2009676322341 0.40607827603817 1.97259208955802 0.338585972553119 1.11859492026269 0.38524603145197 1.6194594912231 0.359225593414158 1.23192765982822 0.329374317964539 1.16745525621809
906.836 1.69028166588396 0.439631726546213 1.66606449685059 0.340178736904636 1.6583400235977 0.419649234879762 1.11108059273101 0.342779980786145 1.71116443746723 0.407362282508984 1.35262608667836 0.38458524630405 1.46666463301517 0.467237940616906 1.80333771230653 0.349671125551686 1.4451086143963 0.323552950564772 1.0890714765992 0.354621634120122 1.67641334258951 0.360458985483274 1.11033420311287 0.431347594875842 1.37065281672403 0.41698271506466 1.59647722821683
915.019 1.51811840571463 0.480849209846929 1.54203525884077 0.363578213239089 1.07938019302674 0.31659199022688 1.28840400697663 0.370101944869384 1.37221405375749 0.309511617105454 1.36761511070654 0.443905640626326 1.17300983867608 0.316111467313021 1.72200640616938 0.400913859717548 1.78377264668234 0.393273186404258 1.7198832933791 0.45316369459033 1.67042475240305 0.305768331931904 1.83482024422847 0.3159735518042 1.5623194007203 0.319342132331803 1.57158553763293 0.342236332036555 1.38750893319957
977.918 1.74080603779294 0.334183337260038 1.40395347517915 0.33899870715104 1.03046925342642 0.397318914765492 1.38572488585487 0.337151531176642 1.00541761796921 0.39174868054688 1.32422853121534 0.430089780827984 1.1540425575804 0.44473537649028 1.17470682016574 0.444481003703549 1.67098165070638 0.374244420370087 1.946985877119 0.354885690519586 1.78590132342651 0.335455057583749 1.66010797256604 0.401762903248891 1.16357763530686
992.805 1.60036454396322 0.364473987137899 1.88665130920708 0.407055465411395 1.60170215880498 0.352448730962351 1.49598291935399 0.343392906431109 1.82830416946672 0.428295222949237 1.56864697905257 0.43401367305778 1.89954130956903 0.365701372548938 1.42985247494653 0.48119835453108 1.11171013931744 0.463436092995107 1.89296414097771 0.389199865469709 1.5831008956302 0.331582096545026 1.82650320092216 0.414883616380394 1.03523740987293
1006.98 1.33197637461126 0.440159455407411 1.20383119909093 0.472925994498655 1.30726415896788 0.387868644529954 1.12852622219361 0.432696595834568 1.0973686738871 0.410360390692949 1.35783634101972 0.440936977416277 1.30109231267124 0.308028133539483 1.4866164480336
1043.89 1.1283538560383 0.45638161082752 1.39383655553684 0.413560051424429 1.65407583746128 0.419148318236694 1.65602155984379 0.489340254012495 1.98205430665985 0.479697901150212 1.65847837342881
1084.98 1.15478717233054 0.463704350311309 1.17705217353068 0.331363382795826 1.2355846716091 0.387197247799486 1.47227023611777 0.330442660814151 1.78363616415299 0.417832335550338 1.08436861843802 0.352806388540193 1.87678006873466 0.306156855309382 1.4374377662316 0.464611480990425 1.81423043413088 0.480301729636267 1.32243399275467 0.435797564359382 1.61109528620727 0.462224308075383 1.78731826902367
1185.39 1.75535959424451 0.412004013406113 1.59118485078216 0.370569954626262 1.37274210876785 0.474624763755128 1.60362365702167 0.446601297101006 1.83662149240263 0.465054002823308 1.40390602243133 0.322897766530514 1.6847248414997 0.368170225340873 1.93525695754215 0.487190075824037 1.53036072687246 0.439762194035575 1.87128161033615 0.359370852448046 1.59466600697488 0.322113691829145 1.75495628803037 0.477488802187145 1.95516163995489 0.497118467651308 1.00271436804906 0.484108454035595 1.7591886324808
1192.91 1.54141843202524 0.423364498279989 1.07743756542914 0.363994765328243 1.90712361363694 0.384625464817509 1.08299167454243 0.475071814423427 1.9254163170699 0.420780997909605 1.60636574961245 0.462882043467835 1.12145316181704
1217.08 1.49006647570059 0.304168953606859 1.62157001532614 0.38795363898389 1.13872630917467 0.470877989241853 1.89750688057393 0.324277816154063 1.36223016213626 0.49629954318516 1.1540899083484 0.387698199227452 1.89608548674732 0.46026317034848 1.08452019724064 0.301866938313469 1.5011794057209 0.36945368158631 1.00848570559174 0.325122120091692 1.3918917325791
1257.72 1.54261455871165 0.41134651559405 1.16839454229921 0.351904909871519 1.63598576071672 0.345075953798369 1.15933484188281 0.474995833449066 1.07840700610541 0.395985190616921 1.76974496548064 0.373215604107827 1.46960760792717 0.337851455807686 1.95385679509491 0.350859040813521 1.35747081064619 0.389246432343498 1.92998773790896 0.346093217562884 1.60448750597425
1310.29 1.76069722813554 0.388157259346917 1.0852434867993 0.429587997542694 1.59630870469846 0.462041256437078 1.95632718550041 0.396538082044572 1.95884922356345 0.356212425045669 1.17995032202452
1331.85 1.14703942695633 0.385196899063885 1.36307683051564 0.491824224311858 1.55536622274667 0.432777079939842 1.56783882877789 0.400554123381153 1.26656386232935 0.46927047111094 1.88028361112811 0.376429062150419 1.96563796792179 0.478019153838977 1.04540635691956 0.334594843257219 1.21402558102272 0.3772996194195 1.19548403262161 0.324782304326072 1.88658345793374 0.483381052315235 1.36949281371199 0.466772817214951 1.52861135522835
