# Using the following values to generate the workload:# num_procs = 50
# mean_io_bursts = 10
# mean_iat = 25
# min_CPU = 2
# max_CPU = 10
# min_IO = 1.3
# max_IO = 2.5
37.0288 4.08949912339449 2.02983573516831 6.22026611678302 1.38434897474945 6.33621324412525 2.46848840992898 9.39657654799521 1.37925919955596 3.4701908454299 1.94580654678866 2.7197016980499 1.51631239373237 9.98805971816182 1.98819468831643 7.46624150313437 1.62994226114824 6.44158873520792 1.79693279350176 9.69133143685758 2.38619989054278 6.42983708716929 1.78251357339323 7.02812615968287
58.0594 3.79147749394178 2.43177226958796 3.33247525244951 1.93063121531159 6.49781660363078 2.46308150906116 3.87591121159494 2.17121777441353 5.75463803485036 1.37399376090616 8.67411069385707 2.09970843782648 6.43226709775627 1.62450227020308 3.17208176478744 2.25573276365176 6.54717217572033 2.03702930575237 7.73972454480827 1.82409742381424 5.02151757478714 1.41690291231498 9.12776751816273 2.4444419442676 3.41809195280075 1.57004268076271 8.6572336293757 2.49749070880935 4.49987054988742 1.78667564010248 6.15244470536709
107.71 3.88054360821843 1.62423693072051 6.77055764570832 1.56048073973507 2.803880315274 1.59120627017692 5.08430556021631 2.0008140059188 5.63370810635388 2.09469481976703 6.28480406850576 1.77641530465335 8.30003492720425 1.81110242735595 3.92675223574042 2.46778947291896 8.1234241835773
117.733 6.27544230595231 2.17949749967083 4.82862248644233 2.296713464614 5.68155337497592 1.31157845621929 6.31954538263381 1.43623958462849 5.38986596651375 2.00482864612713 2.01471620798111 1.97796600405127 4.03813557885587 1.92677779039368 3.12845421768725 2.23541670786217 5.29127178527415 2.40011348435655 8.12100545316935 1.39670312972739 7.05574375018477 2.43361844466999 4.29238526895642 1.37865247773007 9.55528063513339 2.4985186916776 8.29815552942455 1.49695896487683 9.37881091795862 2.466505925823 9.99155899882317 1.45840418701991 3.81659517250955 1.50723179578781 5.14572062343359 1.73943438753486 2.30311513692141
170.605 5.0160962715745 1.36360784024 3.68069799616933 1.60359708508477 5.27518859878182 2.05076662395149 5.23876971565187 1.70768964113668 8.01486884430051 2.0451429634355 7.47394002601504 2.31881770472974 9.26128545589745 1.54917748151347 2.90578194521368 1.82713516047224 2.9938590824604 1.59935566242784 8.93406856060028 2.44581639198586 4.9154181741178 2.43094759872183 8.50514011830091 1.5031430112198 7.12910538166761 2.01994659649208 8.62012351490557 2.24605072615668 6.11590138636529 2.48190535558388 5.03406504541636
179.422 2.18630496226251 1.96780584268272 8.86324756778777 2.37391291595995 8.80136004276574 2.10839100684971 8.38141491636634 1.30141478925943 3.27333540096879 2.14346311734989 9.62611475586891 1.95665661673993 8.2556187864393 2.24269400415942 7.27606425061822 1.97260768637061 8.65167532302439 1.65665682237595 2.38631763122976
197.184 9.82355832308531 2.36306903660297 8.14551634527743 2.11214520679787 3.84797477349639 1.33855874836445 2.27423752844334 2.23605351038277 3.44703504629433 1.57061677770689 5.17108983546495 2.45400574523956 8.79120640642941 1.9055670642294 2.46868047863245 1.42580972043797 4.67711443081498 1.9414709802717 4.34426021203399 1.60712712947279 2.80716966465116 2.45248373299837 2.75600518845022 1.96538416137919 8.30538012459874 2.3485552135855 7.97641117498279 1.55973202232271 8.00595559924841 2.19509458532557 4.13254575058818 2.0243655718863 5.65297436341643
200.434 8.65036139823496 2.11872268430889 3.40294526144862 2.30482443561777 4.81138692237437 1.71355798030272 4.61957212537527 1.70822974359617 5.11323764920235 2.24478689385578 6.82614961825311 1.46574079170823 5.62231717631221 1.73043747730553 5.41590232215822 2.25095384223387 3.61702938936651 1.8829127564095 2.84692910313606 1.37819687183946 3.12084443494678 1.87789824651554 8.81304165348411 1.49394735936075 6.0780934151262 1.37056447872892 7.42143540270627 1.72138088596985 6.53219922631979 1.39725882224739 9.32439160905778
208.474 6.02351845614612 2.2319526899606 8.50143806450069 2.16099786181003 8.69195221364498 2.03157661538571 8.27597082592547 1.88583422182128 6.76143360696733 1.9017929491587 9.87327747792006 1.3606455870904 4.15854215435684
209.743 5.81741070747375 2.28801741441712 6.9525502640754 1.30976889329031 9.07639754377306 1.74584161546081 5.95231594145298 2.16654001222923 5.6913035120815 2.48315274622291 4.7311328779906 2.16944736726582 6.66246473044157 1.91601804913953 4.36305947974324 1.6308285208419 7.42936247959733 1.81156229097396 8.63275498151779 1.82785114152357 2.84519887715578 1.74576148670167 7.79753628745675
258.147 6.54494503512979 2.05191547442228 7.34542945958674 1.80664440821856 7.61664098128676 1.69627989279106 3.35900945030153 1.33793709501624 2.5563147906214 1.79550973409787 5.62836506031454 2.38454829212278 5.62320766597986 2.37276155399159 5.09601737745106 1.86914498088881 7.68875049985945 2.17922748420388 4.00447852350771 2.07605073042214 9.97314398176968 1.3141942853108 5.07381491549313 1.38711882829666 3.82406582869589 1.55186771759763 7.84637783840299 1.47034865804017 9.82945647835732 1.77059433469549 5.96507927402854 2.09689932540059 7.62637678347528 2.18531325524673 7.01143667288125
282.054 3.48039818555117 1.8330068057403 8.99713113903999 2.12661091350019 4.13675236515701 1.32606837963685 5.1913455221802 1.52211450580508 8.03577204979956 1.9305358110927 7.36084287427366 2.20840216865763 3.72143920511007 2.22087950548157 6.4190621972084 1.50164956115186 5.74147631041706
328.247 3.61219858936965 1.88214493384585 7.42601190879941 2.19155099773779 8.33307069353759 1.79826296912506 8.98865660279989 1.58767572622746 5.76399521157146 1.50585890794173 2.88194947503507 2.35233562542126 8.82643704116344 1.94927171301097 4.00816529430449 2.07714358279482 8.52595260366797
371.07 9.3221948556602 1.48670247225091 5.30460193194449 2.29956890465692 7.4810998570174 1.60472811479121 6.56969831883907 1.70886781821027 3.7491397485137 1.69419244881719 4.02595845609903 2.0248319812119 5.37311533093452 1.99153376668692 8.66475816629827 2.15083186943084 7.22625754587352 2.23699670443311 7.62700870074332 1.69873150670901 9.98148300312459 2.09150629658252 5.32912214286625
429.605 4.93055933341384 2.07202650522813 9.64507937431335 1.94643563907593 3.2397678643465 1.77846132190898 3.64147281274199 1.44111594455317 2.33028923906386 2.09755824413151 5.77789826504886 2.22223190963268 7.41628550365567 2.20758784636855 7.74360936693847 1.3987160731107 6.52220512926579 1.6587001722306 4.27560690790415
447.99 4.66256135329604 1.79521129867062 9.08175200037658 2.11910304361954 7.4658263977617 1.35687316684052 4.522576097399 1.49521031547338 2.98381058312953 2.36931346589699 2.32926050201058 2.42998091075569 6.92265569977462 2.19083629213274 2.96301215328276 2.39231890616938 8.96801983192563 1.55637753577903 6.21716697700322 1.65896425079554 5.70989179052413 1.33347368966788 3.67598202452064 1.80590673452243 2.9372700471431 1.82289858590811 6.54891530610621
457.504 8.92415357194841 1.6049999633804 5.15302607603371 1.51340681007132 2.44993572868407 1.54039732925594 8.4280863031745 1.52886007707566 6.31054788082838 1.35322876479477 9.08069212175906 2.46981721483171 2.62737017683685 2.25764942998067 9.0705088544637 1.73741518566385 8.06923171132803 2.42503181044012 4.54085656441748 1.6747759455815 6.21800523996353 2.21569275250658 8.0869247559458
466.265 3.11615119129419 1.65136184561998 3.39601560682058 1.75942362761125 9.98970086686313 2.31927879070863 6.83715020306408 1.57266621785238 6.18044273741543 1.44350351737812 2.75919782929122 2.36756830336526 2.36481004580855
472.122 2.83588709123433 1.57753208111972 3.2899825386703 1.98276185020804 8.5968210157007 2.29890827964991 3.56137680262327 2.27958870334551 8.3304869569838 1.46787697393447 3.19800679571927 1.45876739304513 4.71329184435308 1.91332974340767 9.88758259452879 1.50889855762944 9.29220962896943 2.00300359511748 4.74514959566295 2.47678130511194 9.51776323094964
532.824 5.260094223544 1.49720900291577 3.45828861743212 1.75666498094797 5.28448579646647 2.0342832009308 5.95544714108109 2.1056016064249 5.9869193136692 1.64569172281772 7.98028373159468 2.18103656964377 4.41335817053914
555.025 8.0840690266341 1.80954325087369 9.70547208562493 2.45682387212291 8.25643054768443 1.33093611039221 6.97668388672173 2.3246146784164 2.85819961875677 1.69378248881549 2.22361643984914 1.51047351974994 3.3316748291254 2.18792127491906 2.66376725584269 2.29642331497744 4.36273254454136
620.921 3.67876423895359 1.83479446284473 2.2681244648993 2.31659961678088 5.98190457746387 2.32186727132648 7.61475158669055 1.75154908299446 8.44960121437907 2.24516743477434 3.82111758925021 1.70286628780887 3.60014127939939
622.606 3.52816472388804 1.44770974637941 9.88146234862506 1.33082705261186 6.26043469831347 2.26623124293983 7.36950081214309 1.33052522866055 4.81532232277095 1.58419210389256 2.92928555607796 2.02127664359286 7.66646225750446 2.28485545683652 7.82265301793814
656.418 6.74783744104207 2.17349936282262 2.50334733724594 1.58802032219246 5.33273636549711 2.49211126035079 6.08909792080522 2.41375756338239 4.6045427583158 1.88214315604419 2.30803311802447 2.11564855901524 7.03762415796518 2.36798626864329 7.69141082465649 1.37957813823596 9.89113504812121 1.97321428414434 2.35939327068627
665.449 9.15990395285189 1.96717817839235 7.99691148102283 1.47427720548585 6.07833061181009 2.1301751691848 3.30051221139729 2.4598495611921 8.59423346072435 2.49656719630584 3.77693977579474 2.42146844575182 7.80238005891442 1.68602200457826 4.13154833391309 1.61311088576913 7.84538768790662
677.83 7.27150187082589 1.78060035929084 2.06379037722945 1.75934823993593 6.2327545043081 1.45916403112933 9.29082726687193 2.36300407825038 2.8042857106775 2.35183294340968 2.38792496919632 1.45244865231216 4.98802888393402
687.14 9.15099024400115 1.71873940685764 2.06385288573802 1.7345295635052 2.36975083872676 1.6194772276096 4.07283752970397 1.59345908183604 8.25268369726837 2.07436586590484 4.59526992589235 1.94881092542782 9.88152791373432 2.18372560543939 6.44063883274794 1.99508422743529 4.19565433636308 1.974385686405 7.49099596217275 1.4243100672029 2.51153327524662 2.26260325768963 7.81976086646318
723.037 9.22339859604836 1.68769043665379 7.62239323370159 2.36437161201611 3.58939199149609 1.30876792920753 9.95125943608582 1.44533903822303 6.34571775048971 2.47043426260352 7.89399577118456 1.45985536491498 9.78583109937608 1.9485656471923 9.51974352821708 1.91855917563662 9.90927803888917
739.892 5.51841062121093 2.30384630858898 5.75521145202219 2.07610180051997 2.06971851736307 2.32358586601913 5.50592905655503 1.97350116958842 6.22204295545816 1.63054547654465 6.84517309628427 1.34939829483628 9.28777254372835 2.16078120358288 5.84908043220639 1.45955553948879 3.42903654836118 2.22969137122855 9.05465147644281 1.74912327080965 4.14321769215167
750.661 9.11660407856107 2.11240300368518 6.48838851228356 2.47900825217366 6.89385651051998 2.32772419713438 8.2479702681303 1.71209346177056 5.16873058490455 2.41873054597527 7.33700496330857 1.98833193723112 8.23595199733973 2.39303806396201 6.01552288793027 1.536978737358 7.85904324427247 2.0306686242111 3.27381554618478 1.55897853923962 7.60571069270372 2.24144944129512 3.43532135151327 1.46212741807103 2.35087272897363 2.22546363007277 6.37818750552833
762.833 7.99898863956332 1.79891322292387 3.19287131913006 1.34621866988018 9.57870988547802 1.30453656120226 4.70289828442037 1.54909913055599 2.41335029527545 1.79009543033317 6.32456754893064 1.75382210118696 6.63449651375413 2.2312041413039 7.90780332684517 2.00554830711335 3.38580148853362 1.37224294282496 5.62884426303208 1.76308441543952 6.0324280820787 2.13170060040429 2.47044893540442 2.30717433039099 5.25251239165664 1.75763089805841 6.48161613754928
812.146 6.62091525644064 1.42019687118009 8.70592103525996 1.54074074951932 7.67848249524832 2.29465897381306 2.92376132681966 1.98304951963946 2.2123006619513 1.70664794016629 9.74861510284245 2.33671373603865 9.72114139422774 2.18135958751664 8.21171442978084 1.96900281254202 6.97007375024259
837.363 8.85338277556002 1.81720905257389 3.00083653256297 2.05342564303428 7.80225912854075 1.39328773273155 2.84665019996464 2.1891017595306 3.38015994615853 2.10109717445448 5.31820929609239 2.13762631118298 8.57646591961384 2.1713715499267 5.77518201433122 1.72483955509961 7.20882480219007 1.78282074555755 9.33664470538497 1.75595122529194 9.07843041419983 2.34583817804232 4.77901918254793
883.018 5.7888829447329 2.19069685665891 9.21820060163736 2.01093982746825 6.16248124651611 2.1340142252855 7.55571973696351 1.49080935781822 9.70493258908391 2.28101001903415 6.72418466955423 1.47078279703856 4.95845863781869 2.14122771546245 8.93217108212411 1.6769356242381 8.05736733973026 1.86144120162353 2.64113502204418
895.317 6.06779136881232 2.43268937664106 2.74015106447041 1.85996505040675 7.52654211223125 1.66151539254934 2.26361034810543 1.84075382445008 7.42468547262251 2.08800906734541 2.2663031630218 2.4498159699142 4.7451246958226 2.47028337772936 5.65567649155855 1.56193706803024 8.08425724320114 1.59055791711435 8.40096678584814 1.61979937208816 5.05448517017066 1.98678228566423 5.17671008035541
917.768 7.60995713062584 1.83811452295631 8.6479306332767 2.30331991054118 4.89416145719588 2.14791517164558 5.96679092757404 1.93479415792972 6.10966265946627 1.8201825927943 9.71468381769955 1.69206603346393 3.11579378135502 1.71612587440759 2.93574307672679 1.73887387318537 4.60610181093216 2.11313146566972 9.26978020556271 1.67149287201464 8.13663928583264 2.27858230192214 7.54710603877902 1.44312343886122 7.35333330370486 1.97110349852592 5.3078122343868 1.71578267849982 6.34522612579167
942.235 4.1366477292031 2.00983820846304 6.91565966233611 1.8188278070651 7.82895520888269 2.23005062267184 3.42232198826969 1.39064827002585 6.26683793775737 2.06999128554016 3.21076199784875 1.63288413928822 5.42159568332136 1.85887250648811 4.61248889751732 2.1332940094173 3.00446505658329 1.94419293962419 2.16611517593265 1.4950880933553 7.42927224189043 1.87408164832741 2.79560238309205 1.73459518123418 6.09515500254929 2.41812978256494 5.83293906599283 2.36579357786104 8.11997124738991 1.64655180750415 6.18692192062736 2.25683836685494 3.12492900155485
943.766 7.47004968114197 1.63961778422818 5.20100273564458 1.83540693717077 6.06240086443722 2.45458208434284 8.94595246575773 1.94756097048521 6.43106054700911 1.50769185721874 2.18391068838537 1.67511409390718 6.81604269333184 1.62446343461052 9.7945638243109
954.414 6.04948744177818 2.33014159584418 7.9304691310972 2.38136640796438 2.30644851177931 1.33201201483607 9.60099093802273 2.20567551515996 3.34156387113035 2.12761914497241 4.97836243361235 2.14257863741368 4.65263922698796 2.12169505804777 6.66883493214846 2.47595420153812 9.53841676563025 1.92339512109756 8.04090598411858 1.83686442384496 8.4753100797534 1.58003982193768 6.47447887435555 2.22556721838191 6.27407287620008 1.32169870380312 2.27396454848349 1.93646094324067 6.65104715712368 2.42120364299044 8.73842905461788 1.83533492460847 6.38486217334867 1.89052949994802 6.08427861705422 1.36992981052026 9.62558952532709 2.22275075921789 6.38197702169418 2.28315220186487 5.90593188814819
1015.64 5.65694177523255 2.16109262816608 8.76973436959088 1.99055778738111 2.53530733287334 2.46698109256104 9.28541035018861 2.25887169251218 9.91202262975276 2.06844475036487 2.32522890157998 2.45952781345695 8.7349704336375 2.30222738534212 7.40008356235921 1.4101297268644 7.14795861579478 1.84457856817171 9.75016811676323 1.96428331965581 4.73462620936334
1085.45 4.72245111688972 2.26877820435911 6.02866316586733 1.75930097270757 7.26751053519547 2.23054403429851 2.27871950156987 1.72028070027009 9.75651458278298 1.48009235141799 9.38903340324759 2.1829536838457 3.13942503929138 2.06581382518634 6.36090330407023 2.12191970646381 4.40868197008967 2.24015627764165 5.19542838819325
1170.18 2.94690990634263 1.47471227822825 6.05935752764344 2.13016327945516 2.98875831253827 2.27123086405918 6.02455559559166 1.47088034646586 5.50641769729555 2.3587142101489 2.6876020655036 1.66483863778412 9.73000464960933 1.48621552726254 2.34460227377713 2.13355301273987 2.79662063717842 2.05106372889131 8.40482772886753 1.37998562110588 2.99751262553036
1176.45 3.72739027068019 2.18855905337259 4.97557280026376 1.40054384851828 7.42416929081082 1.98049847763032 5.59638179466128 1.36275944383815 6.26205614022911 1.46059854887426 3.94346157647669 2.05670535489917 9.84383973665535 1.85915358075872 5.61700867675245 2.36433603335172 5.87796130403876 2.39968741685152 6.42998802289367 1.73122690338641 3.12374530732632 2.30671712914482 8.38787863962352 1.75384180201218 5.46011344157159
1250.88 2.43837153911591 1.74861480584368 2.32353552803397 1.4803771385923 6.59107431210577 1.66919248830527 5.39120709896088 2.21825763108209 5.75032140687108 2.36686441544443 3.55403473041952 1.35199693571776 2.59486882761121 2.36417834684253 8.50048275850713
1280.55 4.57420767843723 1.38475239044055 5.0435825958848 1.51873609423637 6.04445388540626 1.54801428401843 8.6685691755265 1.72111164722592 4.19145478866994 2.25272555472329 6.71091669611633 2.33929166160524 6.63500619493425 1.9138230281882 8.55805083364248 2.05115697924048 5.62151913531125 1.66699985871091 2.00958786532283 2.37616036208347 4.31977922469378
1286.84 2.11661930941045 2.41577191324905 6.84596586413682 1.36325854929164 5.09593944251537 1.92790659638122 7.98159152083099 1.42803960703313 4.8815397862345 1.96291301790625 8.30124261416495 2.13064158661291 2.43223951198161 2.09160208972171 9.06882548704743 2.18652817774564 4.06277790479362 1.7657528789714 8.63397733308375 1.62300706915557 5.54804334975779 1.85515586165711 4.10704280808568 2.37412054380402 6.41528541408479
1308.87 6.84982677921653 2.11463158354163 2.18205941841006 2.22386379158124 7.77083664946258 2.11171002564952 4.91938179172575 2.20907856058329 9.77293908409774 2.23807636704296 4.98208257369697 2.137101710774 6.28696217574179 1.74049643920735 8.55551998689771 1.72244492862374 8.43657122179866
1340.29 3.94779412448406 2.35564559064805 4.47671824879944 1.74604356931522 2.58884964510798 1.72015029266477 9.52896002493799 1.44123641708866 4.19944922067225 2.29897215450183 8.50579282268882 2.26601336793974 3.59652435593307 2.14883752185851 4.64994874037802 1.9781642508693 5.57416336424649 1.61508214818314 2.84915618412197 2.13459143415093 8.53005990944803 2.4335159949027 8.88928317278624 1.32695938237011 9.80609506554902
1351.99 6.9022530913353 2.17219645269215 3.04176018945873 2.08670150665566 7.52191458642483 1.44585351804271 6.73945727013052 1.90419515147805 8.57436433807015 1.76850312305614 4.57968694344163 2.39229835569859 7.66635882481933 1.95747924773023 2.27762233838439 2.16278116255999 3.58086636476219 1.69205813799053 7.97078887932003 2.05390969794244 7.50092688761652 2.21115487255156 6.05761264078319 1.84299249276519 9.06028385274112 1.69968628259376 7.15194058045745 1.7577676281333 7.91976294852793
1362.88 9.51479838043451 2.29868565993384 8.99522873945534 1.378642770648 2.68295419029891 1.64749311758205 8.62135704606771 1.3811907784082 4.83484817668796 1.75228508170694 2.86628002114594 2.41912369243801 4.85985942557454 1.51160525437444 4.32240820862353 2.42294424828142 6.36334986053407 2.31934098275378 5.3897750377655 2.21929844077677 8.62937262281775 2.39321091640741 8.36037220060825 2.32151252403855 3.89637054502964
