# Using the following values to generate the workload:# num_procs = 50
# mean_io_bursts = 10
# mean_iat = 25
# min_CPU = 1
# max_CPU = 2
# min_IO = 0.3
# max_IO = 0.5
17.9315 1.56063097249717 0.380887224059552 1.0651117048692 0.311708951182663 1.03752215881832 0.402956660790369 1.67122063133866 0.444853551313281 1.42383772437461 0.48642629981041 1.45185327716172 0.373520500399172 1.81190013652667 0.312433680845424 1.74013811629266 0.467558738822117 1.04499648022465 0.456063521467149 1.94394033658318 0.374110018601641 1.75451846118085 0.373077268293127 1.14285354944877 0.318419741932303 1.71498859045096 0.393132693180814 1.20335612422787 0.366486646747217 1.81669868365861 0.355286327935755 1.3263034382835
42.1601 1.20005007088184 0.354095418332145 1.74699342716485 0.313568890653551 1.72460428741761 0.371775717288256 1.33734217728488 0.324908616626635 1.55347069585696 0.480581151414663 1.63230087701231 0.401058585848659 1.28191226604395 0.372677946370095 1.02231177035719 0.448696209862828 1.79001420456916 0.385547897033393 1.5756278722547 0.462580458307639 1.28766285954043 0.405578409740701 1.80539954570122 0.401732933335006 1.87392802350223
119.31 1.4034197954461 0.35176617144607 1.85602589929476 0.448193006496876 1.62245866144076 0.36212481749244 1.61821089521982 0.459844510024413 1.54576051607728 0.492347838915885 1.43976600468159 0.49783534007147 1.462128944695 0.45850683436729 1.0785277588293 0.406642057793215 1.52415522118099 0.46706192814745 1.56036280374974 0.48714323178865 1.66063873935491 0.353357649082318 1.17904235515743
131.625 1.7615142588038 0.37278633499518 1.65647981269285 0.450096460757777 1.22355967247859 0.466126491362229 1.72240747394972 0.34418174107559 1.93991627846844 0.426349774189293 1.05694845598191 0.47606433564797 1.91670219344087 0.330798610718921 1.54440425848588 0.422969482606277 1.1620673649013 0.434637300251052 1.76384875411168
132.496 1.54759320034645 0.449465397978202 1.21497827698477 0.412102298531681 1.74078314332291 0.409945482667536 1.90626269532368 0.310715215839446 1.26876854943112 0.474854598660022 1.77921201940626 0.395348183624446 1.22798739443533 0.404770661564544 1.47824685671367 0.34117915625684 1.33390311547555 0.300634632119909 1.11307455110364 0.432713894220069 1.5624833102338 0.488971758913249 1.42518800171092 0.439411225682124 1.19156151241623 0.458358540851623 1.34937007096596 0.453143112361431 1.68162402207963
139.347 1.48603759333491 0.349648542050272 1.67302003060468 0.341588393319398 1.63370615034364 0.324785087257624 1.04937026905827 0.478636601287872 1.76230693119578 0.457356012612581 1.36359298368916 0.369094717223197 1.42222319939174 0.494404763216153 1.83326502609998 0.359801376331598 1.43684564996511
153.586 1.62319728895091 0.37445862442255 1.8920138082467 0.425920398160815 1.53789502964355 0.444467415846884 1.02974775526673 0.409530114429072 1.6072012220975 0.49161327839829 1.9442127624061 0.445351613080129 1.22681688610464 0.370932325348258 1.28304632171057 0.403145056916401 1.21685637999326 0.307105762697756 1.90877836733125 0.420531791169196 1.82038702489808 0.345437418483198 1.18200209434144
154.303 1.74536587717012 0.434477570746094 1.18837405508384 0.482880426896736 1.70139129157178 0.427720942720771 1.77369476063177 0.305995567841455 1.64464641339146 0.411278811236843 1.14000472752377 0.455159856099635 1.50632797507569 0.361235869955271 1.62872274243273 0.366176567366347 1.93736316566356 0.417029719660059 1.42882599961013 0.464558523427695 1.92739376891404 0.317901224084198 1.32617627666332 0.359639576729387 1.01260070153512
220.328 1.26126551534981 0.338366254186258 1.15060423803516 0.422057379689068 1.15993798617274 0.359219615766779 1.89957468910143 0.341966412402689 1.02268679928966 0.419539212156087 1.93732229713351 0.324711489118636 1.66637747688219 0.336945205321535 1.48304156167433 0.427884977078065 1.17081092647277 0.386517909774557 1.18413091963157 0.455457032844424 1.36178056104109 0.308897924749181 1.84705367777497 0.431100547593087 1.14615147048607 0.439971293183044 1.08139374037273
246.843 1.10151814692654 0.339973166398704 1.63025545794517 0.301629880303517 1.6777365852613 0.429896016372368 1.91316996468231 0.427438876545057 1.26813581795432 0.424521932704374 1.72455124696717 0.434442951576784 1.55280290287919 0.482902416121215 1.43427747767419 0.426108066923916 1.21369058266282 0.341236401069909 1.97245903941803 0.349359079636633 1.8268586799968 0.332441154494882 1.90582703589462
247.233 1.82716470607556 0.48592978939414 1.56326428242028 0.41246295189485 1.38321398128755 0.333834749599919 1.11450290610082 0.382544628158212 1.66020514420234 0.446158689633012 1.82221656711772 0.33000337742269 1.63575061573647 0.476534959767014 1.99048098828644 0.471300242841244 1.70054242713377 0.4896215505898 1.57673853542656 0.414985996019095 1.59136427775957 0.458400404173881 1.26676853303798
264.396 1.37957919179462 0.397443892015144 1.44914414640516 0.371662657987326 1.47566348151304 0.330850009107962 1.41687697381712 0.491686990205199 1.00976017210633 0.459784440742806 1.92480153241195 0.352614563889802 1.28090931009501 0.41450612177141 1.03279480407946 0.483079151296988 1.81662583258003 0.440208986774087 1.07826923183165 0.375626535015181 1.41332399751991
265.782 1.96828205301426 0.471945866663009 1.35449783108197 0.468744351156056 1.90082213096321 0.458699789829552 1.1159273290541 0.364126017596573 1.44116074731573 0.406830968009308 1.74067792133428 0.407466192962602 1.01640740782022 0.426350830309093 1.6376693896018 0.385522510763258 1.54337442410178 0.497312929062173 1.15156413288787 0.493432440701872 1.69764002878219 0.394751602131873 1.69631258468144 0.405187304224819 1.60032088705339
274.586 1.57502100430429 0.395729139866307 1.47648572130129 0.468304604617879 1.80586886103265 0.372213717550039 1.73273876821622 0.388953203242272 1.05214561079629 0.34286037501879 1.44153135386296 0.37838141862303 1.35948481573723 0.337943992624059 1.4629868324846 0.433221236662939 1.04160613031127 0.477577691432089 1.70188717660494 0.494366638036445 1.98146307701245 0.477934275940061 1.23516050702892 0.34155125641264 1.25593868945725
278.706 1.92213644413278 0.337511737411842 1.48019240726717 0.419107940513641 1.69095989619382 0.492742762947455 1.22577857039869 0.308765877271071 1.77951649855822 0.470752081321552 1.12061536405236
291.978 1.02221265435219 0.41915632346645 1.39922157395631 0.363212089985609 1.78831537277438 0.42416727989912 1.13351060380228 0.310889696143568 1.72132443939336 0.352848655497655 1.08836546400562 0.449308821791783 1.94394275196828 0.429824568657205 1.51921341917478 0.479271612549201 1.51956633548252 0.408814367931336 1.76359581202269 0.481682730652392 1.53232836117968
296.48 1.70350706833415 0.466622362006456 1.41160128591582 0.341680185310543 1.00499797402881 0.491180537547916 1.67611543787643 0.4190629420802 1.19886047113687 0.438537843199447 1.45824448158965 0.412783117732033 1.84271401027218 0.469238436548039 1.61570625100285 0.332918104948476 1.4887228324078 0.484431690210476 1.04302286379971 0.353088892996311 1.82870905008167 0.400550856115297 1.77908518747427
326.601 1.38370130374096 0.35700004035607 1.97781787184067 0.399861636152491 1.34739127149805 0.308066699746996 1.90968186012469 0.466804991709068 1.26379440934397 0.439367314614356 1.56142888590693 0.374246775032952 1.30240807705559 0.304236774891615 1.98170227790251 0.430212295241654 1.55437116627581 0.458883930370212 1.56462760898285 0.38370326817967 1.27147261588834 0.36260773986578 1.5143834867049 0.483833531429991 1.69957506936044 0.39384583607316 1.04473732225597 0.452991877775639 1.92947168811224
355.779 1.65671319095418 0.38836294724606 1.81249142228626 0.31129953796044 1.64946544077247 0.481839988380671 1.9498551778961 0.39441954898648 1.44829539931379 0.484424398653209 1.45820644451305
369.878 1.2509846764151 0.435685568489134 1.05385592509992 0.367426264937967 1.55038972734474 0.334411996416748 1.33746262500063 0.460168495075777 1.60810690815561 0.370833866298199 1.9312419902999 0.472641493426636 1.33740664063953 0.389424126734957 1.83561428217217 0.397617511916906 1.70197913865559 0.483847200265154 1.46069766557775 0.30222576293163 1.94595482619479
374.236 1.08757198788226 0.387682803720236 1.02712762868032 0.455533153098077 1.28694323985837 0.430539591517299 1.61198171647266 0.463015936035663 1.05720845400356 0.352470391942188 1.99544304748997 0.366475951764733 1.39765623258427 0.317244046740234 1.2494462558534 0.376582020753995 1.59978122846223
446.182 1.76896833139472 0.35440339311026 1.92770654801279 0.319898627279326 1.98646439239383 0.370282405009493 1.23114826949313 0.344170750211924 1.99547870387323 0.466816575266421 1.91049527237192 0.487664690054953 1.08340991963632 0.368836312368512 1.65337051940151 0.364051770651713 1.75589594594203 0.44912419221364 1.62514100898989 0.340232280874625 1.02017747284845 0.465563670778647 1.42335429508239 0.424276904202998 1.93224471271969
450.856 1.33524740836583 0.328124173311517 1.18982024723664 0.488153408048674 1.51872553280555 0.327499661641195 1.53733690292574 0.430054433690384 1.3568842203822 0.391913720127195 1.56811119336635
501.658 1.28280037920922 0.304600804112852 1.6459426889196 0.494766718382016 1.34612516849302 0.393999047018588 1.43655935116112 0.303834085911512 1.15382632147521 0.362277531065047 1.31966766645201 0.447961474582553 1.85371929849498 0.336587997246534 1.11011156649329 0.377263545244932 1.04348521772772 0.424385246681049 1.86908599105664 0.42808414818719 1.4283300570678
523.405 1.99855978903361 0.340026328293607 1.22836159146391 0.483290368504822 1.10487638087943 0.399241249915212 1.76668371376581 0.349052746733651 1.88364851963706 0.376555720157921 1.75261840666644 0.387327751098201 1.67054075282067
556.696 1.58054623752832 0.380106283770874 1.09965712320991 0.490492824651301 1.50440519372933 0.300656575616449 1.07011795858853
614.835 1.77993135224096 0.311081114085391 1.36297704116441 0.326975446939468 1.69812516728416 0.340533738024533 1.37831527926028 0.498325667576864 1.85100323194638 0.499995028274134 1.5294712879695 0.461596509953961 1.90314747206867 0.383699939632788 1.02125966106541 0.37002762448974 1.32156761013903 0.468045778060332 1.15442946692929 0.464052685815841 1.71619711094536 0.466090174764395 1.26003710809164
614.886 1.05046108714305 0.422063675103709 1.70178230595775 0.330243824236095 1.83752122893929 0.300335979182273 1.72502541914582 0.410278087621555 1.53208743827417 0.317758998041972 1.75738988118246 0.332247799634933 1.01741236960515
631.9 1.56926477467641 0.308743859129027 1.8139637443237 0.346380277117714 1.69960805121809 0.476936121657491 1.48533692630008 0.466558993980288 1.81209181342274 0.474680740851909 1.50559866032563 0.430487345764413 1.19453690387309 0.313167860079557 1.87254093354568 0.352304633241147 1.44760258239694
685.05 1.71137096360326 0.432292114989832 1.96462648920715 0.371153386682272 1.48406436154619 0.419568314775825 1.92336220364086 0.496718441788107 1.89017332298681 0.470684502925724 1.949286385905 0.430268614925444 1.24369374942034 0.325336143840104 1.97104354505427 0.494362365361303 1.52369549544528
696.222 1.56990949832834 0.445904301898554 1.53604574548081 0.407668942864984 1.2273576266598 0.458177360054106 1.19381862855516 0.415987549955025 1.39843842061237 0.398189330752939 1.48170969868079 0.467364803003147 1.79373952932656 0.312858525617048 1.12044604960829 0.355926568666473 1.18611835455522 0.305919303605333 1.59880286105908 0.364489389257506 1.93404743261635 0.357490453310311 1.16772780264728 0.343600819585845 1.43715588073246 0.480064015183598 1.94300749432296 0.381663187220693 1.46407609130256
755.425 1.33366769156419 0.49315611817874 1.20160866365768 0.474028384778649 1.57998677552678 0.421028631739318 1.80679356493056 0.431469634501264 1.55706375511363 0.474325338657945 1.41439007059671 0.33241504104808 1.42373619624414 0.465593121619895 1.90349573106505 0.367026173975319 1.07940394501202 0.304048921540379 1.47407190455124 0.400949417427182 1.84988831938244 0.442483451543376 1.43250457616523
808.455 1.82130849477835 0.364171805372462 1.39666039077565 0.415614858781919 1.95734026981518 0.360996467247605 1.39837761619128 0.304624217469245 1.32082299049944 0.486439238861203 1.36319175898097 0.318792288517579 1.72958434745669 0.48129492807202 1.29140300443396 0.311266412306577 1.62976416596211 0.440784331923351 1.62258334015496 0.406515024555847 1.31793988123536 0.458427717583254 1.42308590165339
883.198 1.11819663294591 0.387296686414629 1.93111919704825 0.303273292817175 1.39816984347999 0.31214839424938 1.90016860375181 0.398137112520635 1.40259476657957 0.346580625744537 1.95665400987491 0.473130915872753 1.62009976571426 0.398195860721171 1.67881698417477 0.361816166806966 1.24013820267282 0.376948954164982 1.24608308263123 0.444551172433421 1.96666546375491 0.497635383950546 1.34621225460432 0.312757448293269 1.29653399833478 0.323861838551238 1.52607346093282 0.469142237957567 1.67524627037346
891.937 1.52838068478741 0.302988037467003 1.06744904723018 0.438611016282812 1.85722678503953 0.469781776703894 1.98366790125147 0.463640684820712 1.97561261919327 0.411409075418487 1.04955580900423 0.468502181675285 1.75077677564695 0.405736616998911 1.6203379186336 0.353050208278 1.04777588159777 0.385863617807627 1.4346466648858 0.399479279015213 1.75312002166174 0.344343385705724 1.69520920352079 0.485538629675284 1.31323903682642 0.498395138513297 1.626900926698 0.466399554163218 1.61401022365317 0.301201853062957 1.8925190011505
892.252 1.72959010349587 0.451113323681056 1.7121882471256 0.455125208571553 1.66089310497046 0.436443293653429 1.55158451525494 0.307194897485897 1.2738260559272 0.444660571310669 1.72181970160455 0.410109454859048 1.00641667493619 0.497294816141948 1.87623947788961 0.309156855987385 1.42286584107205 0.350778018729761 1.40245191985741 0.462392032425851 1.37557147187181 0.44806289318949 1.42826757160947 0.375097651965916 1.94798026210628 0.379948691697791 1.62311841011979 0.352061756700277 1.96961394324899 0.392909484030679 1.7323529899586
923.344 1.39863239810802 0.442636550636962 1.70089722471312 0.431123780459166 1.46334603335708 0.478254008805379 1.94349231314845 0.431847481103614 1.02504524681717 0.423728150548413 1.19543605833314 0.376227993424982 1.27006261656061
946.57 1.92077195784077 0.311996307224035 1.47906658239663 0.362990695470944 1.53315129084513 0.329447072651237 1.53967525693588 0.450704534118995 1.73348863632418 0.366973790107295 1.95256078196689 0.496238394919783 1.61770776263438 0.369839674374089 1.60764879523776 0.399025895260274 1.16121609788388 0.359934035968035 1.36858064914122 0.444731673179194 1.94925751211122 0.340246930485591 1.91334467474371 0.30900812484324 1.77747718873434 0.434686688892543 1.90046451566741 0.452591731026769 1.14762412314303
952.326 1.45990199130028 0.419577690027654 1.31521217012778 0.44374662777409 1.33661118266173 0.370039708213881 1.55066941352561 0.314292895840481 1.01579267298803 0.491533740004525 1.48238568427041 0.467887578113005 1.95806251419708 0.482487926445901 1.44774869619869 0.477996954182163 1.95393801596947 0.498096115607768 1.53438407508656 0.338856071000919 1.58137993817218 0.392156500834972 1.08328261226416 0.310726030217484 1.3934705464635 0.37390238805674 1.60414556413889 0.392079418478534 1.87038792064413
961.734 1.08491061418317 0.353968714922667 1.80895747803152 0.429362768214196 1.29598358296789 0.442950135329738 1.66042870027013 0.329094381816685 1.75700936187059 0.486471928004175 1.13343446166255 0.366258247569203 1.86650558491237 0.428230243735015 1.66209579724818 0.316542052850127 1.46893536392599 0.48231171281077 1.23548970418051 0.414559476962313 1.90377853391692 0.328789397748187 1.94220011192374 0.362328878557309 1.4626270912122 0.356859196303412 1.68622423172928 0.317080980166793 1.15950671257451
964.462 1.38483144086786 0.409632999822497 1.57814552122727 0.404353308165446 1.16093167988583 0.48589416812174 1.89851727639325 0.498565394757316 1.93904444761574 0.410392715921626 1.40942803351209 0.486254407279193 1.38955439766869 0.424613291257992 1.09754122281447 0.414990461245179 1.33097624941729 0.47661787266843 1.95110529847443 0.465181494364515 1.5972453111317 0.40911741508171 1.92025696462952
1031.96 1.3794455404859 0.349109109351411 1.72401660005562 0.479289843561128 1.46305521437898 0.483652471611276 1.31619833991863 0.348039582045749 1.3889918490313 0.323073998466134 1.81377616943792 0.309874761104584 1.87503937794827 0.348297359375283 1.11713029653765
1041.09 1.37772440677509 0.4649266787339 1.52457405463792 0.380941464286298 1.2749541006051 0.35715280873701 1.31011774833314 0.456625231588259 1.54585225507617 0.315703584253788 1.50232832902111 0.317213160963729 1.4780584552791 0.38782996297814 1.69725942704827 0.416141126351431 1.31439803959802
1078.86 1.71172908204608 0.46791059942916 1.03086295514368 0.470954543026164 1.63574491860345 0.432411004416645 1.77668778109364 0.381733411597088 1.2324496365618 0.319152843859047 1.481724872021 0.348758628265932 1.29008095362224 0.492723371973261 1.37709036795422 0.419758203998208 1.17344657587819
1090.25 1.35972668370232 0.35658317329362 1.76183568337001 0.47265561609529 1.62866707961075 0.480067939544097 1.1759430305101 0.334069034457207 1.47684147511609 0.442961345566437 1.94893354922533 0.490274239238352 1.45875728176907 0.461458006920293 1.74188154865988 0.354941597674042 1.14168961415999 0.325912371324375 1.63395264931023 0.463082514842972 1.58998456830159 0.404578690230846 1.7678221645765 0.418817715672776 1.41253109020181 0.424713568435982 1.46243037795648 0.429507937049493 1.70041968929581 0.465187812410295 1.4181648613885
1100.88 1.07354259025306 0.450145715102553 1.52813473949209 0.35410067262128 1.93176133674569 0.344156005885452 1.96104377345182 0.461709171859548 1.3948022518307 0.485646214708686 1.12931650131941 0.486679850658402 1.06260229786858 0.42085616462864 1.41836088243872 0.357906725350767 1.3876284356229
1143.53 1.22438778192736 0.359623584477231 1.14545100787655 0.338902308605611 1.14593494078144 0.368853367352858 1.03761121304706 0.404687368124723 1.14945202483796 0.492323257401586 1.40486776037142 0.467878942377865 1.52257856563665 0.43213059832342 1.88304999796674 0.409692380018532 1.0716632171534 0.439009625045583 1.38869264395908 0.306305745895952 1.95834349375218 0.325751932011917 1.91825052164495 0.33302094200626 1.31290715513751 0.476363703096285 1.67618443188258
1172.28 1.48123981570825 0.308952445257455 1.68351431400515 0.326242066035047 1.71352399629541 0.425440622866154 1.33139755902812 0.307049142755568 1.82169089093804 0.455580733157694 1.02671018824913 0.394256259454414 1.74962400877848 0.479126713657752 1.45441266824491 0.314511474175379 1.83806727314368 0.409695491194725 1.23519380646758 0.424555694172159 1.87894932320341 0.355883142817765 1.02057343581691 0.301126834796742 1.35731806885451 0.488767626322806 1.12318899156526
1172.81 1.01282168203034 0.346505904197693 1.30753282480873 0.368122096126899 1.68551605264656 0.346974203363061 1.03367868252099 0.486137451929972 1.08407863113098 0.41493188329041 1.53910810756497 0.372848657425493 1.7946293654386 0.301314432919025 1.93765277136117 0.461470641940832 1.55712453089654 0.444508988782763 1.23144996468909
1222.19 1.64795365836471 0.488832801161334 1.28035499225371 0.311976880999282 1.11300434358418 0.303306785365567 1.51344394427724 0.317688497109339 1.84685380314477 0.451413825713098 1.53610225184821 0.325724036479369 1.72842651279643 0.308246362674981 1.74630079278722 0.429674214869738 1.16625840729102 0.461726168030873 1.7074213323649 0.496719552762806 1.88269182201475 0.4493413772434 1.13877175119705 0.470311937620863 1.7034603706561 0.454137077601627 1.04773087659851
