# Using the following values to generate the workload:# num_procs = 50
# mean_io_bursts = 10
# mean_iat = 25
# min_CPU = 2
# max_CPU = 10
# min_IO = 1.3
# max_IO = 2.5
3.53288 2.40452927350998 2.18619502726942 5.10263116471469 2.32710900232196 9.04858010448515 1.95057085603476 8.7609533444047 1.32951457761228 7.66953669674695 1.31942512011155 4.69132341444492 1.75855376906693 5.853979350999 1.35626544952393 9.29358057677746 1.5188929903321 8.09833571314812
164.192 7.69364086724818 1.99661149624735 5.87626119330525 1.93879038393497 3.22837929241359 2.1304411906749 5.77347532659769 1.65180672071874 5.27300909161568 1.5459695128724 6.75400473549962
182.887 6.77001998201013 2.23005955889821 3.56010293029249 2.24182230802253 5.83804029412568 2.21287833210081 3.9075554870069 2.35523126255721 7.59953241236508 1.38908998006955 8.50345128774643 2.09477371275425 4.9788322802633 2.49646614743397 7.68804210424423 1.36495470479131 8.44024951383471 1.91978517509997 9.67264064587653 1.64690790232271 8.74980117753148 1.99840071965009 8.96430908888578 2.20257026115432 7.993587160483
244.359 2.62595965899527 2.01743727764115 4.64593617245555 2.08223969750106 2.02489287033677 1.75943178460002 2.0024642329663 1.65377804208547 8.6415816899389 1.39262188272551 9.65323211811483 2.37444114852697 3.17233546823263 2.12807584861293 8.22390856407583 2.46266510756686 5.03480176255107 1.57530490243807 9.75933430157602 1.87929346542805 9.60785996168852
318.909 4.16650816425681 1.97268268987536 4.4693291336298 1.82735480209813 5.40984674356878 1.50717067103833 7.33800539374352 2.17428525453433 8.75344377569854 1.83346649641171 9.8236099164933 2.20114971939474 7.21319325827062 2.35251025985926 5.25758153572679 1.51418664893135 9.07756298966706 1.6944335299544 2.13849192671478 2.34455749029294 6.46164361201227 2.35097495280206 4.07211384177208 1.76734190369025 3.27086763828993 1.92321229027584 6.0610011164099
357.537 2.59042178094387 1.86165528576821 5.04313731379807 1.48607586575672 9.15096155554056 1.47028953293338 4.42333482950926 1.5691726568155 8.98223767615855 1.35862257452682 9.06146019697189 1.56531836492941 4.6270547658205 1.6414927684702 8.66009829379618 2.38883601306006 8.70828147418797 1.87968183057383 4.02939502336085 1.84861479485407 9.39120256341994 2.28043700922281 7.26072303205729 1.31613137107342 2.17014698684216 1.68096393505111 8.90423537604511 1.94574761195108 9.72279645875096
377.472 3.77344770357013 1.63665824066848 2.74834997579455 1.83298984160647 7.59460950829089 2.19980605589226 8.68065035715699 2.3781535406597 7.92355239391327 1.46440773494542 6.17742876335979 1.9089604168199 9.74813457205892 2.12852581543848 8.38881385885179 2.47188881393522 6.02986687608063 2.44645296260715 6.77166715078056 2.22670726729557 2.49510230496526
420.539 6.48287982866168 1.87425108794123 3.49323739297688 2.17423277739435 2.90166756138206 2.02898177374154 4.00593128241599 1.83194290138781 2.21662877500057 2.49761369591579 3.73919912427664 2.26778445597738 8.14316071197391 1.39882501130924 8.55849854461849 1.65282997032627 9.98104524239898 1.51535723451525 5.77428018115461 2.4027844347991 8.06003430858254
447.673 5.93426741659641 2.01992808673531 2.14649887941778 1.31671388987452 6.75878538750112 1.61674965014681 6.71054960973561 1.47322818264365 6.81038392148912 2.36141086174175 4.22190172970295 1.31796390600502 4.87036141380668 1.32122013820335 6.35625808499753
449.479 3.55059880763292 1.63594629354775 5.67474779114127 1.70190760679543 4.5320147909224 1.55627935631201 2.81969038583338 1.57157369237393 3.9989534560591 2.20169094195589 5.29271454177797 1.60598345315084 7.44389769621193 1.37188546806574 4.12153343297541 1.90611509568989 9.40715176984668 2.18621442299336 6.54698876291513 2.13026587702334 7.94144191965461 1.56004237122834 3.09654564782977 1.66206562034786 4.1973815523088 1.53092756988481 6.05828770808876 2.32798758922145 9.74536604247987 1.58275270648301 8.60315297730267 1.45616741245613 2.20541083998978 2.28839819366112 3.29338349960744
495.062 2.8538196310401 1.32543588206172 9.3977604676038 2.49431082261726 9.43918294087052 1.72586126774549 5.78548401966691 2.33766337577254 8.15255796350539 2.46000336129218 6.21720339916646 1.73432501992211 9.87586173601449 1.51893022051081 8.40492040291429 1.8139329848811 2.06769906915724 1.32486921036616 8.25390283204615 2.16285035042092 9.51076538302004
498.092 9.69620560668409 1.77659059651196 9.06380012072623 1.9989633881487 7.02414024248719 2.11823778953403 4.44704031012952 2.48030063798651 9.21169231832027 2.46586928507313 4.08048561960459
526.056 5.04455554485321 1.69356143148616 9.22858536243439 1.69877244895324 4.21608620136976 1.63969471445307 7.95875656045973 1.68068807544187 3.80230521224439 1.69373290929943 7.13302807323635 1.85571645591408 9.6482869386673 2.25346349943429 9.93697285093367 2.01023664446548 9.34313824959099 2.4083049621433 9.05124572850764 2.42639100477099 7.70332196168602 1.50416301954538 7.9683090262115 1.81247769035399 9.3828884921968 1.688630837854 5.56461170129478 1.9235183686018 3.82621242664754 2.25356035791337 4.75572156347334
542.633 4.14990036003292 2.06172619257122 4.96518875658512 1.317846232187 9.56924621574581 1.34457014705986 5.44060027785599 1.64005867345259 4.36976221203804 2.3336353876628 5.77384759113193 2.39946919707581 6.32337120734155 2.41119458610192 5.3323930632323 2.14656347688287 4.49027918092906 2.32292681597173 9.165522294119
601.525 5.23531875386834 2.43008262068033 4.96657013706863 1.84603469334543 3.66236385516822 1.93953890912235 8.05472348444164 1.32188775958493 7.88581556081772 1.69657371733338 9.27438898012042 1.35474888719618 5.69020729139447 1.4004471895285 2.17934249527752 2.13823923030868 4.05142677016556
630.681 5.83807290717959 2.16050477260724 2.68722630850971 1.5523757416755 8.83603054843843 2.12503689993173 7.82681357674301 1.35280045596883 6.15664357878268 1.84429235914722 5.66087370365858 1.95064609870315 2.33893201500177 2.02046063961461 8.97382953204215 1.85205149529502 5.53256835602224 2.18600196130574 9.6883169747889 1.47376319309697 4.73571974039078 1.5047143640928 5.31744180619717 2.46393796997145 2.86557790823281 1.93190767271444 4.35456398501992
634.236 6.2309285774827 1.74256457686424 7.12719476409256 1.47467962317169 3.13805568218231 2.2938807984814 8.17151822149754 2.1156894993037 4.38136027008295 2.45567954452708 7.03236122429371 1.39164019143209 9.68588066846132 2.3886364438571 3.09552694484591 1.97406132826582 3.81354479305446 1.8835476629436 5.35071261227131 2.14066309202462 6.61710543930531 1.86660813111812 2.85271583497524 1.54985213726759 3.34612795710564 2.33546555330977 6.51958657056093 1.61211959775537 2.96022992581129
686.026 6.73885117657483 2.14980559339747 2.83078034967184 1.36049136286601 6.62839956954122 2.39493898684159 5.5152720566839 1.74269237741828 6.8103585075587 2.04045771788806 8.97305171377957 1.70975358057767 3.88262428157032 1.71841865712777 6.65126735717058 1.3447952978313 3.96203412674367 1.91378525039181 9.22383476421237
720.925 6.92418329417706 1.46018023323268 5.52857020683587 1.8790005271323 7.17629276588559 1.76888113766909 9.94663895666599 2.21305678086355 2.41982149519026 2.37318247109652 5.24983880668879 2.02256471440196 3.4710294790566 2.10624491134658 4.6208621840924
743.746 4.65316936559975 2.01453732494265 3.58776405267417 2.07432542406023 7.68662250414491 1.57160233417526 9.01141749881208 1.96662633037195 4.56217794306576 2.40094488225877 5.83166633918881 1.93255126876757 8.9568060990423 2.44156736750156 2.18400013819337
775.752 8.58378325216472 1.82671623127535 8.65510740503669 1.93911603232846 2.56281302683055 1.71453573685139 3.61164563335478 1.41604993185028 9.40356889739633 1.61003523888066 5.57886855117977 1.96390148960054 3.28882678225636 2.15135358143598 6.13131248950958 1.98730373308063 3.83171233348548 1.83180960509926 9.05653487890959 2.09655062314123 4.16879566386342 1.60225683804601 7.58024019002914 2.06089936392382 3.056186651811
792.657 8.86707173660398 1.91522532170638 7.41152965836227 2.14577152114362 9.24482481367886 1.55379563886672 6.05461013689637 2.23269107555971 7.62600242160261 2.48111364515498 8.16469394043088 1.58953987043351 3.7691666148603 1.964221322909 8.16195897758007 1.31442455435172 4.52153380587697 1.83851584736258 6.57347417809069 2.44524707859382 9.16312868148088
802.596 8.1853894405067 2.04871893590316 7.9163297843188 2.37774510867894 5.41539045982063 1.31184792574495 2.07990109361708 1.6790196810849 5.20676826685667 2.21099413698539 4.84627985954285 1.58981091631576 2.67097236961126 1.35859001446515 5.02392423525453 1.48365345550701 4.50424676388502
834.552 8.46991122886539 2.11532686911523 3.31979076005518 1.50529776159674 5.46586920879781 1.99921911107376 9.44284989498556 2.1509733277373 2.31534087844193 1.85011145351455 7.74445817060769 1.51272845650092 4.2755996119231 2.44809862747788 7.68327425979078 1.42566012162715 4.16399833001196 1.87578536123037 9.10205483995378 2.06961905388162 5.54639660380781 1.38548773983493 8.71620807982981 2.41565891765058 7.25633728131652 1.79596750084311 3.91379716806114
858.652 5.39497037790716 1.86032499643043 6.87003538198769 1.59862828115001 6.11377000808716 1.76288286810741 2.92871064692736 1.41436850670725 9.60383203439415 2.47807084554806 7.26551734097302 2.37992362314835 4.96071909740567 1.70896137533709 4.15338682197034 2.44578804187477 3.01577321067452 1.72785104913637 5.66712732426822 1.98822505399585 5.6372281126678 1.55537947434932 2.10751094669104 2.10500757731497 9.03428585454822 2.13811322012916 3.51504465006292 2.07929767295718 5.71421378292143 1.46958126267418 5.21548804454505 1.35214884122834 9.41352648101747 1.74022626141086 8.63565621525049 1.69982104348019 2.34800880588591 2.37348141670227 7.86546551994979 1.50250407578424 4.5793184991926
871.363 9.30914871953428 1.7100675473921 8.89749333821237 2.36799432253465 3.50255826488137 1.73632791843265 6.41117128357291 2.23596657356247 6.10524523071945 1.7442617286928 5.76334095932543 2.42421381603926 7.56027408130467 1.48573114126921 4.17481870017946 1.59788256306201 6.50771214999259 2.48957148138434 2.82671725004911
965.085 3.35779162123799 1.30375070581213 7.70655035413802 2.48649573139846 3.4530624654144 1.36775611788034 9.52038355544209 1.30573579473421 7.88731269724667 1.37235011300072 5.76041402854025 1.8807955276221 5.45767885446548 1.72252978757024 2.63757739961147 1.6661115524359 6.74299159646034 1.98953591911122 8.56124890036881 2.1029537816532 8.05803641490638 1.78330875113606 3.78321228548884 1.506407754682 3.10181630216539 2.42507700007409 2.65774829871953
997.016 8.72491958737373 1.75518324375153 4.93289227038622 1.38494042754173 2.64398458041251 1.42180591383949 5.66839690692723 1.96274696374312 3.6853610239923 1.47931434819475 9.07838575541973 1.88288411097601 7.68634792044759 2.45396142201498 5.26656913757324 2.06721027567983 9.56576937437057 1.66662827664986 5.1681769695133 1.47813069857657 2.39494184218347 2.34103328613564 6.28893593326211 2.10568451685831 6.06020180694759 1.83003111807629 6.30647405982018 1.94038219870999 8.0482406783849 2.33540261331946 7.08798442967236
1051.58 2.85282236151397 1.73490371210501 8.67885778844357 2.4922139856033 7.50594831816852 1.73995888233185 8.23781816475093 1.40724351769313 6.85290924273431 1.73244349751621 2.39223106205463 2.46685406146571 8.41768850199878 2.39922096142545 3.71714801341295 1.68229284724221 2.4461187645793 2.46230230582878 2.51412819698453 2.18761674053967 6.022132050246 1.91796989040449 2.14660684578121 2.44508118703961 9.75258176773787 2.26775399027392 3.86491801403463 1.98418624177575 2.16123385354877 1.72058002389967 5.27505193650723 1.42998795583844 5.37280145660043
1112.57 5.93476719968021 1.98622302524745 4.30126541852951 1.4234690583311 9.91884508170187 1.88304565316066 3.35164756514132 1.8487820699811 5.83363729715347 1.81699541574344 8.15154741331935 2.26753555117175 7.52602671645582 1.68070466853678 3.19079627096653 2.28003061907366 2.45390809327364 1.8936211431399 3.43601525947452 1.39254367174581 3.05224151723087
1125.31 3.20106673054397 2.40174412215129 6.80351232551038 1.30587767688558 7.68411452323198 1.98930928139016 4.71885973960161 1.97605583202094 4.04693407937884 1.72969247503206 8.94814866222441 1.71576809315011 8.12099224701524 2.22545104632154 9.20087196864188 2.43075519213453 4.92214876413345 2.31947807436809 5.59843698516488 2.16471600616351 7.59105963818729 2.27494345344603 8.94670720584691
1191.08 6.37634713761508 2.18193176053464 9.37807306461036 2.32534325048327 7.13009060174227 1.72136611789465 5.86003532633185 2.26037604548037 4.97862068936229 1.79842509664595 3.61632404103875 2.22942545646802 7.32049281708896 2.06777839995921 4.19368766434491
1218.37 8.81815153174102 2.36177336564288 5.30712340027094 2.00907458858565 4.32323363423347 1.94410130782053 3.35291426628828 2.07380871018395 2.65221431478858 2.3110016127117 7.39554333500564 2.39114320259541 9.55145380832255 1.5175697314553 3.30864566378295 2.15681708585471 8.03857589885592 2.11194254606962 4.49517508782446 2.10133412610739 4.91881273686886 2.14435961553827 3.72339901700616 2.24775128243491 7.81924607045949
1234.91 5.01508648879826 2.02881498001516 4.03252504579723 1.36162036750466 8.53947321325541 2.4305649262853 6.38668187335134 2.4315751677379 9.90946746617556 1.70748252319172 4.79551860876381 1.42390376953408 5.85401353053749 2.36943426029757 3.91366751305759 1.3594516470097 6.05233778990805 2.20238663796335 3.81358744949102 1.3565163673833 7.63963134214282 1.81160482214764 6.45742680504918 1.5205506821163 7.92277595214546 1.42334835864604 2.67493315786123
1257.99 9.36133273504674 1.75519515667111 9.50788819603622 2.40011968920007 9.96685185283422 1.53026853073388 5.41187256202102 2.24012955389917 5.42986220680177 1.66342882933095 7.76983108744025 2.28497115029022 9.36366939172149 2.38549844957888 7.11616369895637
1273.31 5.24592102877796 1.3542908729054 2.69312850572169 1.50046292925254 9.84792970120907 2.04579081861302 3.50271192379296 1.7742130311206 6.07735251821578 1.75387485688552 9.46600496582687 1.47195526268333 7.64114979282022 1.92665102081373 2.79328326880932 1.8360997704789 8.80729433149099
1282.63 3.44850180670619 2.11767640933394 8.61781189776957 1.91886407826096 6.89144136756659 1.90716409785673 7.40946206822991 2.30230748280883 3.60297429561615 1.82226524902508 8.46606180630624 1.69739567721263 5.93788162618876 1.51433863295242 7.49195921607316 1.33905544932932 8.7303332220763 1.65185575010255 8.49158249981701
1293.51 2.11216728202999 2.35258540501818 2.43880654685199 2.12484912378713 3.64282059296966 1.83349618986249 4.96678307838738 1.92472283942625 6.41527442075312 1.93487816834822 9.54364034160972 2.07530446052551 8.38351207599044 1.95595069061965 3.80678407661617 2.0525890218094 7.9368231780827 2.37827588012442 5.33838454261422
1325.11 8.39222684875131 2.29014772288501 5.03749869205058 1.49950165906921 2.49953150562942 1.66946179913357 6.30842208489776 2.29603768317029 4.85059585608542 2.16549892397597 8.70263026468456 1.68815278913826 9.2176747508347 2.1053998327814 6.91435808874667 2.31954880114645 8.12462944164872 1.55035639954731 6.92987378686666 2.49165144506842 2.63075529970229 1.78830255270004 9.39677539467812 1.94211026998237 6.20548735372722 1.79009588100016 3.70539286546409 2.02559575475752 3.87465695478022
1372.94 4.79981400631368 2.02006892198697 7.8407395221293 2.15008288631216 8.09092670120299 1.75244590053335 5.70165568776429 2.12363655855879 2.98600999824703
1402.74 9.44117797166109 1.4249464022927 9.97979184053838 1.91446430049837 8.48746505379677 1.612891040463 5.30053842626512 1.93956015026197 8.95741118490696 2.32538591241464 9.8030714429915 1.6323033628054 5.8565786536783 1.595614108257 7.9910145457834 2.18217393243685 8.41467383690178 2.14126402027905 5.13013226911426 1.65583575377241 3.56592855229974 2.18375684786588 2.73495037294924 1.55822373125702 7.45300500653684 1.60874252729118 4.2988009378314 2.1069882738404 3.28933194465935 1.59620006224141 8.67928402870893 2.19864506172016 5.84303822927177
1454.45 8.2728497479111 1.93830657517537 9.41800941713154 1.7556474564597 4.36854163371027 2.31495104925707 8.26502108573914 1.62250025235116 2.36482654884458 1.47928050905466 7.44300012290478 1.86917369142175 8.97191232442856 1.5895927099511 5.20853085070848 1.79637611443177 8.47047801874578 1.91444025337696 6.36019406095147 2.39820818612352 7.46602857112885 1.41718842396513 9.15688985399902 1.63423711871728 4.18207614868879 1.43329706946388 4.28771319054067
1460.22 2.73620324954391 2.20970861762762 9.30830115266144 1.64548942139372 4.96759880706668 1.58747761351988 3.28064806945622 2.4269837458618 9.4930734038353 1.39915433907881 6.45711703784764 1.58758759805933 4.96382489614189 1.31032477412373 6.17149170301855 2.26496666101739 8.01488647982478 1.32718393942341 6.15913479216397 2.12503402912989 3.21966540999711 2.14709540223703 4.6802247222513 2.0076382547617 3.47306477837265 1.98663885341957 4.21636728011072
1488.26 8.27015692926943 2.45706439865753 7.88997173495591 2.29042679220438 9.1865139734 1.50133758168668 9.37277861870825 1.36110048890114 7.74768725782633 1.68416672814637 8.02564699947834 1.69429688146338 5.25042640976608 2.43193347426131 8.45587662234902 2.39096076097339 2.089674949646 2.29986812015995 4.29504460468888 2.4061701701954 6.57426675781608 1.6704094260931 9.19007225520909 1.86738701164722 9.50125931575894 1.62824232848361 6.07053950801492 1.49307422097772 8.09648344106972 2.22509314380586 3.29885829612613 1.40425173984841 5.20679708942771 1.85968587547541 5.15164968185127 1.8105236010626 4.13017925433815
1523.77 2.41844186931849 1.95568781234324 8.00947326235473 1.64607970798388 4.54927187599242 1.93976242402568 4.42816026322544 1.92822933765128 2.88263702765107 1.59715704089031 5.9091523475945 2.09882617210969 3.43020202033222 1.81311495164409 2.62923063524067
1567.3 3.75565794110298 2.14212709646672 9.07112276367843 1.57542961062863 3.77383388578892 2.02098288303241 7.69932602718472 1.48206561822444 4.14323597028852 1.35552535429597 6.84739269129932 2.39207001700997 6.93461393378675 1.95611938424408 3.18880655989051 2.2821677277796 4.87823677808046 1.79541062787175 9.84321077540517 2.38977932725102 2.67185422219336
1570.64 4.00468435697258 2.2650524970144 4.14502499625087 2.32985197789967 7.43644221127033 2.41632982110605 9.17081173323095 1.56452212464064 2.34227725863457 2.38388604354113 3.89537340588868 1.71105276914313 2.63061233609915 2.33838670020923 5.71429344266653
1581.33 7.41284463368356 1.48030432024971 3.85833432152867 1.41351335952058 9.5965185277164 1.99230546504259 5.79438216611743 2.43670360445976 8.61469079367816 2.10791386645287 7.66551783308387 1.91829637950286 9.47364130616188 2.11371726486832 8.7873841393739
1597.77 8.7010881844908 2.04226510459557 4.93934624642134 1.45271902652457 9.61778671294451 2.42604624591768 5.94814999774098 1.71738250441849 5.22352639585733 1.89441159376875 7.24170658178627 2.23367239441723 7.18516958504915 2.16428092755377 2.46044944785535 1.86537964977324 2.52080931141973 1.66635343180969 6.71867755241692 2.02529017347842 4.38222684338689
1630.15 6.74058076739311 1.55682095661759 8.3553950227797 1.80127152865753 3.03644434921443 2.20374819962308 7.17514088377357 1.51913189776242 4.91133445873857 1.76114157410339 2.37891524657607 1.74882553303614 8.81086558289826 2.0836661032401 5.72471375949681 1.6799254133366 2.10624735057354 2.3497693920508 7.37092567980289 1.36412475891411 9.45879809185863 1.93858901038766 4.33875446766615
