# Using the following values to generate the workload:# num_procs = 50
# mean_io_bursts = 10
# mean_iat = 25
# min_CPU = 2
# max_CPU = 10
# min_IO = 1.3
# max_IO = 2.5
41.5367 5.85858693346381 2.02692931080237 4.14704664424062 1.98694209000096 8.12232952192426 1.42895733881742 7.25385606475174 1.31246072724462 6.54340029880404 2.15787241691723 3.32115478441119 2.4578478612937 9.94545876607299 1.65122884130105 5.01886552758515
44.7636 6.57265580072999 2.41929835956544 6.94541915506124 1.41102660028264 3.95730269514024 1.82622654205188 7.84073247201741 1.6334745186381 2.39024803973734 1.34602709198371 6.17445613630116 2.43015592405573 4.15886012092233 1.65621602730826 2.39116173610091 1.46942913811654 3.11112618632615 1.91656736554578 2.831358499825 1.50318287918344 3.24696546420455 1.81047727456316 7.89647182635963 1.70576676800847 4.52615051344037 2.42294576736167 7.06900248304009
46.1567 8.68445165082812 1.43243998941034 2.23599416948855 1.99706126693636 2.47036432288587 2.17532125832513 8.58492951281369 2.37536738263443 7.80281026661396 2.05849827108905 3.45826389081776 1.84444984644651 4.24029343016446 2.21206568228081 3.10464949719608 1.44742132425308 7.92196983471513 2.10472159376368 9.32469205930829 1.30876988051459 8.3359203543514
62.9336 5.90520985610783 2.0122185703367 2.10151478648186 1.75219375723973 7.43889944814146 2.10773678170517 9.85364632122219 2.31035431912169 6.25524382665753 1.86789197744802 7.44888997823 1.79232007600367 7.91653341241181 2.13144784942269 5.22541118785739 1.3639246404171 9.8404785245657 2.023375162296 2.03623833321035
72.8964 7.79558078199625 1.86990757035092 6.52219520509243 2.08041621530429 2.05338901467621 1.43527562413365 7.76590343564749 2.47885076710954 6.24739003181458 1.42476191297174 9.12434319965541 2.25672544278204 6.91270753182471 2.05899537885562 5.74717868305743
100.832 5.00762167945504 1.78123471206054 2.46633560024202 1.88174722399563 7.73338054679334 2.33476672805846 8.13313900493085 1.56313647702336 7.90082850307226 1.78651762194932 6.93331210687757 1.75548412613571 5.08615090511739 2.12256659576669 2.22600383684039 1.32218554485589 6.70086757466197 1.58614569334313 8.42898280359805 2.10907881157473 4.07653298601508 2.20945189893246 2.85270942002535 2.42258012443781 7.58815502002835
103.824 5.3548764064908 1.87437745295465 8.3633409589529 2.00076610473916 7.60450133122504 1.88849311182275 5.81161409802735 2.28837599558756 5.28891349770129 1.60825431132689 6.22854385711253 1.40703781070188 6.82441112026572 2.41925075510517 2.2233750000596 1.99494238132611 3.87398384511471 1.95567469997332 9.653285196051
120.369 2.9502837639302 2.06814377438277 7.18159556388855 1.45344205535948 4.82409233599901 2.37230379702523 4.27207628265023 1.51341688288376 5.60883866623044 1.73132587298751 9.18446109257638 2.21691478062421 8.83839035779238 1.39897247413173 5.43974545970559 1.80232144584879 4.6122749876231 1.3713962608017 2.4696996640414 2.1209231431596 2.85275461897254 1.46804721709341 4.9478520359844 2.25026450725272 2.51369329355657 2.27502967696637 6.89819690398872
120.556 9.38569745235145 2.06691411789507 2.85732448473573 1.7914280353114 6.03828554786742 2.11787355840206 9.48138670995831 2.41779638063163 2.56369123794138 1.33932646112517 9.77405765652657 1.69004964819178 2.64899316988885 2.10699852993712 6.35555848665535 1.85120922885835 4.61377781629562 1.32434950191528 6.06303051486611 1.88127549188212 3.50162136740983 1.44976934511214 5.59564839303493 1.85564229367301 5.12473171763122 2.35278007555753 7.01917249336839 1.54619236895815 7.35179220512509 2.03880311986431 3.43137419037521 1.6131652940996 3.93324870988727 2.41509650088847 4.34388271160424
149.476 9.8747619278729 1.74077268242836 5.55528359673917 2.1602085089311 6.51437225565314 2.08476767195389 9.74720242805779 1.77350312108174 6.89608990773559 1.91095403209329 4.57049371488392 2.32301853327081 6.60726834833622 1.58179608685896 4.3803887180984 1.43885665675625 5.24228464998305
190.503 9.29168120399117 1.31488227946684 5.48671915754676 2.26404988560826 9.09873816743493 2.14407732086256 3.39489209651947 1.6529872561805 4.63752461411059 1.67222508881241 2.78793309815228 1.37456254819408 5.28543636016548 1.50991291375831 2.27697526477277 1.94973206669092 6.44360791519284
209.988 3.33308367803693 2.41421192483976 5.01544688083231 2.06201108982787 6.18378427065909 1.96715565649793 7.61444319225848 1.37406797567382 2.69025694951415 2.28987870933488 7.02337040565908 1.47489711958915 9.40473223105073 2.05338027765974 8.96881041117013 2.20141988880932 8.93108194880188
213.625 3.52961104363203 2.37138023031876 6.09058914706111 1.77240964090452 5.11846661195159 1.56249612588435 2.65359446778893 1.96483421940356 6.3976537194103 2.15724132275209 7.62799857370555 1.60026302216575 3.10403531976044
217.514 5.07500738464296 1.57947499733418 7.96926762722433 1.91698698624969 5.9652755856514 1.31389859635383 6.10213400050998 1.37979346429929 7.60986448079348 2.3689357410185 3.7888293415308 1.67868467820808 6.40810602158308
241.195 8.58859248273075 2.17325945794582 9.91845880262554 1.85617847284302 5.29858483746648 1.44076713556424 5.87907195650041 2.07210141876712 9.50292200967669 2.29862440638244 6.89833727106452 1.72076283404604 7.57935029082 1.89369814684615 7.13913442753255 2.44619966931641 5.97291835211217 1.87037893980742 5.23502359911799 1.55308168232441 2.28921762481332 2.44127074927092 3.80794859677553 1.57477556457743 5.49428450502455 2.34938922412694 8.91630795225501 1.99772763969377 9.86768183670938 2.22148316148669 6.70150370337069
281.324 6.97591583430767 2.4458271923475 5.45605546049774 1.79142854521051 8.30103005282581 2.02708879942074 5.60403886437416 1.54284816728905 2.91135275550187 1.54937859857455 8.94004968926311
315.157 2.33310477621853 1.52538408758119 8.35177564807236 2.29411645149812 4.39587044529617 1.96244960427284 9.68423827178776 1.53863736791536 5.41959524154663 2.09956641765311 7.58876365981996 2.09844596534967 3.58525377884507 1.52551973219961 4.96670267172158
350.513 2.93448723107576 1.57832827251405 4.84427876397967 2.20210783965886 8.12443221174181 1.32486970350146 9.69590242579579 1.77012335835025 3.10885477624834 2.15614465912804 8.91758220084012 2.06882295915857 2.67325245961547 2.2059843827039 8.26327328570187 1.56757444022223 4.24896622262895 2.1705890593119 8.36584276147187 1.32491220813245 7.49019425548613
436.099 5.28641575202346 2.37260652398691 2.83471737056971 1.4431601873599 2.88295517861843 1.96611358113587 4.424734570086 1.64350379379466 5.49154648371041 1.46709237052128 6.91601088643074 2.36960733681917 6.71226323954761 2.05842027300969 3.04111087694764 1.38144263168797 8.79929789528251 1.72321911053732 5.28976590000093 1.44131851587445 5.10989718697965 2.44727696822956 8.76874520070851 1.58672400582582 3.88015329837799
495.07 2.9547328017652 1.48162537887692 9.34602189436555 2.18992153257132 5.51484934426844 2.23794217221439 7.18488277122378 2.10889285821468 5.61799550428987 1.7344283352606 8.88066005147994
506.614 5.37799669802189 2.45214749993756 6.25734407268465 1.61691499548033 5.68415424972773 1.41887319432572 9.49162187986076 2.11372146643698 9.16508151777089 1.62259298413992 8.05191077291965 2.1816265209578 2.99907574430108 1.62110242722556 2.06315131671727
511.087 2.28940683417022 2.38455155072734 4.58089503459632 2.05493578091264 8.81271358765662 2.27629877394065 8.90103529021144 1.56606463063508 9.04520667158067 2.44413435440511 4.27468139305711 1.86056252168491 5.92878313362598 1.37380135795102 9.06991077587008 2.41481796018779 3.57702166959643 1.55888086436316 8.52681905589998 1.52883888650686 6.08140508644283
561.537 8.38536440394819 2.07839223267511 8.19114745594561 2.42712142504752 8.27602631226182 1.67332014311105 8.08374040201306 1.98170552924275 9.68840281292796 2.23685250775889 2.31980572268367 1.401170582138 9.14428884163499
567.098 4.65162210166454 1.77939248848706 4.97301078774035 1.6146597337909 3.19971777498722 1.90455533051863 4.69865983352065 1.57771593956277 6.17403302155435 1.42718767179176 6.33744076266885 1.6644060600549 7.55357215926051 2.46848222240806 2.86303528770804 1.92526186872274 5.51694601587951 1.99927412234247 7.93905883468688
567.74 6.80739502795041 1.40830937754363 9.27347862906754 2.0803236072883 2.31333673931658 2.03999653914943 8.40378132648766 1.61881896853447 4.66878257505596 2.02152018006891 6.65937414206564 2.0015499160625 9.66096185334027 1.66913705095649 9.10662818141282 2.10669216075912 9.93803560547531 1.61373697342351 3.28803626075387 2.43493310594931 5.05890470743179 1.83334962334484 3.55779835768044 1.42637660671026 6.77274472825229
578.336 2.86659581959248 2.34000562541187 2.41606125980616 2.49352279240266 2.49467844329774 1.57097156550735 4.5500449128449 2.06861356245354 3.49865874648094 1.63323919223621 8.64816862344742 2.2646376461722 7.24265530891716 2.47058795178309 7.90767580643296 2.10283000664786 7.44134600646794 2.17670318828896 6.45380149595439 2.31308849649504 6.96068877540529 1.34082826124504 5.88825925812125 2.34121731529012 4.87525711022317
607.234 7.58201112039387 2.37117954827845 5.83168697915971 2.34585031559691 8.29694774188101 2.42900226097554 9.19220622815192 1.52297319825739 8.34143643453717 2.00319433147088 8.0034106541425 1.35636897357181 6.32758011482656 1.68635000884533 7.12377567216754 1.87513810982928 2.71129553578794 1.87365440009162 5.3789817597717 1.60142054064199 7.0643505230546 2.13491414161399 8.14590574987233 2.27629823219031 4.01864477992058
634.092 6.90286951325834 2.33083127839491 5.61763343960047 1.49679835867137 5.71087542362511 1.91336897462606 8.26355357654393 2.24156275512651 5.56434221751988 1.79879311807454 9.39953777566552 1.9607259888202 9.51470819860697 2.1462414204143 2.6487034112215 1.84451617691666 3.85164313204587 2.40632460229099 8.88343349657953 1.48255268419161 5.86010909080505
681.534 6.81445944681764 1.78313401499763 6.50184646621346 2.39519276516512 8.68352821841836 2.44243757305667 3.06195101514459 1.78926668614149 5.11410283669829 1.5586893892847 5.75468678958714 1.37571934470907 2.55225072987378 1.47435437934473 4.30454195477068 1.40322904735804 8.02410185337067 1.62365302946419 2.7743468247354 2.24667485551909 2.30247993953526 1.82209268687293 5.36463562771678 1.92102538077161 6.65918801911175 1.63582418933511 7.85210477560759
718.821 3.34753128141165 1.69261792171746 7.55351791158319 2.20000717183575 9.27653753384948 1.72501054229215 7.53370453417301 2.14962926134467 8.21573743782938 2.27621333748102 6.46561194211245 1.49694035174325 2.07987791672349
804.644 6.10699031502008 1.74452983448282 2.1643014959991 2.45753303365782 4.98550419136882 1.72600996941328 7.99615261889994 1.91555218072608 4.97743315808475 1.75455800043419 9.81860640645027 1.4369372760877 9.66312636435032 2.00988103020936 9.10812768153846 2.31787060890347 9.54952504299581 2.15851675421 8.37603505514562 1.31509343162179 9.09102864377201 1.5740283165127 5.84618698805571
816.652 9.38614865392447 1.35199757413939 5.20846745930612 2.26864656936377 5.44583097845316 1.48558044917881 4.42408062145114 1.36950208032504 5.53798849508166 2.3461278161034 2.17158418521285 1.3506814644672 9.05258990824223 2.30580327343196 4.24819144420326 1.90294849453494 3.76969993487
936.735 6.99475882016122 1.95884880209342 6.80495055951178 2.21863426072523 5.36858575046062 2.29414119487628 3.66208237968385 1.94032414034009 3.96837332099676 2.47793141538277 9.34364914894104 1.58259270545095 8.92302719131112 1.31827867971733 6.96638426370919
950.923 9.61560845933855 1.47194279935211 6.57320704124868 2.11917226556689 2.58256079629064 2.18497513486072 8.38331837952137 2.23509097313508 2.71526572108269 2.26719003599137 4.10432811640203 1.40876288712025 4.8942565638572 1.67439009472728 4.60271231271327
992.235 5.81450095400214 1.83708062134683 9.35601299256086 2.47156116534024 2.54382629320025 2.00553226694465 5.18724890053272 1.80954591408372 6.68029342591763 1.63559186253697 5.05681728757918 2.40342384045944 9.60380435362458 1.45938380658627 9.22077451460063 2.15142587143928 9.965899720788
1031.48 3.70549172908068 1.82060209140182 3.76859388686717 2.23884168369696 3.03261364065111 1.60279656667262 3.77127139270306 2.10407161181793 7.15877129137516 1.38903581816703 6.9493886847049 1.72416947362944 3.51318458840251 1.65146875148639 4.67050405591726
1057.7 7.64296370744705 1.50397754199803 4.76863171346486 2.06609572367743 9.7706712000072 2.17012517461553 3.47285866737366 2.01487611308694 7.95435595698655 1.98888794574887 3.29824573919177 1.53162141432986 8.77092795260251 1.6068075671792 8.57328987307847 1.95810132436454 3.57294694334269 1.93937776815146 4.97010523453355 1.83646797575057 9.20843251422048 1.77203637184575 8.36576657183468 1.69416473517194 8.57560456730425 1.55725922258571 4.16647909209132 1.78547720033675 4.92318328097463
1060.56 9.67992327362299 1.41615188121796 5.50167793594301 2.15936909681186 5.71369441598654 1.30030103996396 8.91627742722631 2.09240101752803 3.54859193600714 1.80157527346164 8.40619740448892 1.92654584664851 4.04304182529449 2.19681753385812 8.11711473762989 1.66638410789892 9.45922285504639 2.40605211108923 8.6385416071862 2.39224878931418 4.61608906276524 1.44691691836342 8.98053352534771 1.82623014962301 3.6246710177511 1.9876004952006 7.52681878581643
1082.48 7.42126775160432 2.21984690921381 2.9513879828155 1.52104054260999 2.3437356390059 2.48923918334767 7.11001345701516 2.05302092451602 5.97947418875992 1.65165730910376 3.27887830883265 2.25920825470239 8.54293655976653 1.96923798639327 6.23615647852421 1.84599071294069 4.52578527480364 1.41652389159426 7.4963724706322 1.80646230634302 4.76418809965253 1.86003775307909 2.66725580953062 2.35209500109777 3.09908762946725 2.4426427106373 5.71128306724131 1.46991743594408 6.66265827231109 1.6492164907977 3.44289867579937 2.43441806007177 7.35927736572921
1155.02 2.37256795912981 1.59479722166434 4.20270087197423 1.52924906527624 6.51192180626094 1.82937168022618 9.95570266805589 1.8115950695239 8.87764161266387 1.55241787135601 9.30352831445634 1.87774363309145 6.21828038617969 2.34473694432527 4.80902568250895 2.24600334549323 8.1582459397614 1.4825407307595 7.71852369233966
1184.23 9.82343823462725 1.35804380467162 3.62573109939694 1.86214189212769 4.80669088102877 1.94132835743949 2.35500697977841 2.09736806685105 3.52818682976067 2.39291808372363 2.66513497009873 2.07858460741118 9.3835443649441 2.49818180287257 3.66985430009663 2.07258746968582 5.67392150685191 1.43815388306975 5.13097133487463 1.62883510673419 6.30538678728044 2.06897890642285 4.43208838813007 2.36726625422016 8.78717669844627 2.42853722544387 3.7503549233079
1185.53 7.23998574726284 1.99133521784097 6.69176045246422 2.10381170799956 8.64820127189159 1.80635962048545 6.17374170012772 1.31297300094739 2.70041991025209 1.34280138332397 8.64443870447576 2.42323735002428 4.55389131605625 1.78482900708914 9.97112857177854 1.35537256030366 4.61440089903772 1.79932927126065 2.752755029127 1.99866472920403 6.79858566448092 1.97214513607323 3.55899344757199 1.64321696646512 7.2472822163254 2.23379649631679 5.53036097995937 1.86135635888204 8.76324097812176 1.67291299942881 6.09585262648761
1188.81 7.60412101261318 1.84931260673329 7.91468477807939 2.3532216001302 6.120969414711 2.06225046999753 5.8867585491389 1.58060950692743 8.79683407209814
1224.49 7.84538055583835 2.15928704161197 7.04104951769114 1.33997569205239 2.50663481093943 1.78819910408929 6.71302927099168 1.38785883411765 7.3020594753325 2.04105462701991 7.24752674996853 1.55534576624632 2.39525141566992 2.27514143623412 7.30058037489653 1.64841460473835 7.93570762686431 2.15153841329739 6.55778062716126 1.41568837622181 2.22113827802241 1.38883238323033 8.11747095361352 1.73764626244083 3.52483499795198
1228.46 9.21816128492355 1.48343955883756 4.03698657639325 1.42577295545489 3.0344844609499 2.27456162562594 3.31005972623825 2.2829375365749 9.74378239549696 1.76405240707099 8.12845034711063 2.25625119581819 3.3090769443661 1.71409201677889 9.91889452375472 2.16700954996049 5.37469919957221
1256.32 8.32283664494753 2.35337454723194 5.1525126863271 2.22605374734849 4.01626028306782 1.94166771303862 6.9199331253767 2.35810618074611 7.75210648588836 2.09491871381179 3.78301320970058 1.31608339976519 6.43128576688468 2.15404922077432 6.60801374912262 2.34590135775507 2.37578572332859 1.92357657141984 2.58365673944354
1287.99 9.80159894935787 2.25662051504478 8.70895785093307 2.31412903433666 6.60285181365907 1.78082659272477 7.88149230740964 1.98057788638398 6.37448047660291 1.36098317606375 5.04924582317472 1.67386791780591 5.81573563814163 2.05711231278256 4.72180907428265 1.38732903497294 2.91665194928646
1354.03 2.71135038509965 1.47868554061279 6.90331134572625 1.96647397754714 8.42743847332895 2.1336044636555 4.13994875922799 1.79315665699542 2.44521900080144 1.3059719950892 4.40100240334868 1.74380132555962 6.66787408851087 1.94199699806049 2.60442128032446 1.67751651639119 4.27092611044645 2.42976811043918 8.94168427214026 1.38363041486591 3.1800720281899
1355.62 9.5877994671464 2.15115449950099 2.2122278958559 1.54367609480396 3.13040552474558 2.01869236398488 9.20369091071188 1.66781192570925 8.29013595916331 1.93504660045728 6.15451167337596 1.863615469262 5.22646995075047 1.71504520038143 6.3699520137161 2.27302123242989 3.41593158617616 1.76739663220942 5.7921970449388 1.51550006326288 9.33152332343161 2.41047296207398 8.19535847567022 1.49947697464377 2.02472413145006 1.98821324668825 8.176493300125
1360.24 8.24438016675413 1.48362593911588 2.48923799209297 1.65095130084082 2.2167205940932 2.19865016657859 5.05418894067407 1.47469923123717 4.93949613906443 2.40514518721029 4.14365236274898 1.94614205621183 4.15845562703907 2.04221058506519 9.43878486193717 1.38846338111907 4.99269099161029 1.39383687088266 2.60728631727397 2.46254836749285 6.39092730358243 1.52986351884902 9.80746331438422 1.65866721849889 3.47163492441177 2.11979065109044 7.44382666051388
