# Using the following values to generate the workload:# num_procs = 50
# mean_io_bursts = 10
# mean_iat = 25
# min_CPU = 2
# max_CPU = 10
# min_IO = 1.3
# max_IO = 2.5
31.3807 8.68704441003501 2.23092037029564 2.863370988518 2.15265581542626 7.71291194111109 1.78907182561234 6.54409399814904 1.39586786497384 7.47387959249318 2.38341474337503 2.0754510704428 1.47573236562312 3.67347902432084 2.47750402521342 9.25138180144131 1.86106551550329 7.76905555091798 2.2488714447245 8.75243261829019 2.32739250902087 5.71267623826861 1.99525610394776 9.81929136998951
48.3632 6.82126748934388 1.75155457174405 9.31905235350132 1.81071676230058 4.22368673048913 2.44115902604535 9.5075966399163 1.38494915394112 3.86396679840982 1.72950962241739 8.27561887167394 1.42844189312309 6.02300631254911 2.12277593463659 3.95378202944994 2.22897070776671 4.37545117735863 1.78232846939936 6.95060374960303 1.8133666375652 8.63373045995831 1.57917451281101 7.85467684827745
51.8234 9.32318251766264 1.76161991450936 8.58334148861468 1.50633503524587 3.8912582360208 2.43243005396798 3.22813323698938 2.24979444788769 4.68163031898439 2.25780428843573 6.0355119407177 2.24790952829644 7.67078267410398 2.32140059154481 2.40981375053525 1.34333335729316 4.84443967044353 1.90174710517749 6.67862122505903 1.44506951309741 6.32935551553965 1.7171668978408 7.33000458776951 1.98029459314421 7.51784101314843 1.51996224457398 9.33305461332202 2.07570233410224 9.95589181408286 1.643364413362 4.01115097105503
62.9212 8.42105867154896 1.3010682573542 9.85410307347775 1.89712116383016 3.99296818301082 2.17241725102067 4.90220616199076 1.98538929605857 9.17517998628318 1.62405998259783 8.01372757926583 2.35778613425791 6.14454648643732 2.18377258656546 8.46935178525746 1.81700329864398 3.02860888279974 2.47320830151439 7.60080379620194 1.89057857207954 3.21360431984067 2.2034247498028 4.42632330581546
107.25 8.14003438875079 2.2253116639331 8.41463073529303 1.49705278435722 6.81149006076157 2.45051527963951 5.86787765473127 1.88181823072955 5.15344071388245 2.06622638078406 5.6898013073951 2.44376810379326 9.96287926100194 2.4781283646822 5.41297069378197 1.77862305101007 6.49789555743337 2.02660683775321 3.86290824785829 1.94473765129223 3.77712560072541 1.7638335888274 8.91663322038949 2.01213953206316 7.43695439957082 2.11708545414731 2.64850264601409 1.67783785285428 9.0593857485801 1.87836006535217 6.22328358329833 2.38737806482241 5.52276346832514 2.27342260740697 2.22116850875318
134.852 9.67308720201254 2.11852642595768 8.08858419768512 2.28895788071677 5.98418249748647 2.48551027914509 7.39243252575397 2.41967059262097 3.64639761485159 1.6748490315862 3.934270741418 2.25916213048622 3.97057850845158 2.07278062338009 8.4100418779999 2.35388948163018 6.20351141691208 1.82548850597814 4.78914653323591
144.259 4.53034850955009 1.70439009880647 9.54426359944046 1.43789404015988 5.53306775540113 1.96625650767237 4.54726098291576 1.8561573789455 5.45626677200198 1.32488919729367 3.17173061333597 1.96121825883165 5.60168027505279 1.53260763995349 9.82425143197179 1.90110467420891 2.46187177114189 2.24074985859916 8.36827046237886 1.90093442993239 7.97917935624719
167.998 9.39897680655122 2.01095104888082 9.68567243590951 1.74856002675369 5.34542461112142 1.83340260004625 2.53793054074049 1.47788684694096 4.90376470610499 1.76556320348755 2.83374379947782 1.91535682594404 8.11855835467577 1.94102022526786 7.27251810207963 2.27322595007718 2.83959474787116 1.34993328182027 7.5974365118891 2.27638026978821 2.77239174954593 2.39730344684795 3.81309467181563
203.436 2.11390265077353 1.54591500004753 2.07198478095233 1.5206019198522 9.8199266307056 1.94329437529668 9.30784606933594 1.94241509940475 5.43874106183648 1.41486154869199 9.80173149332404 1.60183495115489 9.34565505757928 2.08254201151431 7.62900618836284 2.08680495833978 8.57874272204936 2.06822953047231 2.81914125569165 2.13728597350419 8.91678234376013 1.8758383449167 5.41447255387902
212.334 9.76003578491509 1.33010047096759 3.90701103769243 1.31935630999506 8.65896121412516 2.0679270317778 9.82423365488648 1.6532839730382 6.19594827108085 1.39703002367169 5.74381548166275 2.0241321249865 2.75808960013092 1.65788980200887 9.95286763086915 1.60101859821007 8.82300956919789 1.76613585399464 6.33774349093437 2.06248781811446 9.32101677544415
217.403 5.88086664304137 2.01204046746716 3.9918330963701 2.36327725425363 7.79149899445474 2.00859947912395 9.37970613874495 1.51297616884112 9.76264144107699 2.30447506168857 5.11831328459084
244.864 8.51491521857679 1.75609562732279 3.3439183998853 1.50514631038532 2.55157550051808 2.43713448094204 3.85752568952739 1.7299010572955 9.25268659926951 1.30975014520809 5.14562393166125 1.38231821758673 5.71322434581816 2.22299336111173 6.0508056730032
260.514 8.99481661431491 1.35609183879569 5.6669536922127 2.23293748339638 2.52517919614911 1.39367746189237 4.72579082287848 1.77081058276817 5.28152291476727 1.64027193840593 7.53618551418185 1.77477860366926 3.50608069077134 1.31138367168605 8.75777560099959 1.74073650194332 3.76419424824417 2.46375118624419 3.60373956151307 1.87612339919433 6.10948540829122 1.48201990108937 4.67792726494372 2.08178991312161 3.11130634136498 1.56129090655595 5.26346683874726 1.72415963299572 9.44235893711448 2.39638526607305 8.14011616632342
273.323 8.21802545525134 1.5539882033132 4.75681841373444 2.47078973073512 4.86343295313418 2.00910481875762 5.22189101576805 1.43069391325116 6.30220894888043 1.92430717414245 4.08051287941635 1.41861782819033 8.12021899968386 2.31958046490327 3.47417599707842 1.90891801808029 7.75558984652162
287.348 5.07808439061046 1.98524822052568 8.10721923783422 1.7654054521583 7.37383162416518 1.53450782774016 8.20133767277002 2.46787023758516 4.0332412160933 1.86081815212965 7.80068577453494 2.06179208606482 5.93110849894583 2.26260584406555 5.77002723887563 1.79025812670589 4.96785021200776
302.97 6.16107662580907 2.38564239172265 5.07247012853622 2.28184236716479 5.63041867129505 2.15457476833835 4.55870263837278 2.18331134384498 3.74069788679481 2.30208584656939 9.68049183674157 2.03135929303244 4.82166095077991 1.56631151791662 7.23020835965872
308.147 8.87268657982349 1.81778439143673 5.77866075001657 2.13267993330955 6.53399012237787 2.49645954361185 4.09155630134046 2.25610970314592 3.56327539682388 1.78271006252617 9.72731792367995 2.00226456103846 5.10013516619802
313.094 4.8679894823581 1.95799619993195 2.21607452817261 2.41753454590216 5.91727402247488 2.48366919383407 2.40131706930697 1.77080157110468 8.42250039055943 2.13487261123955 6.35990798287094 1.3158449312672 4.84827655740082 2.22911875927821 7.97684480436146 2.22509465925395 8.54815187305212 1.43632270153612 9.60823075659573 2.17955984678119 2.3992110490799 1.90382277565077 2.93812335468829
320.36 5.33059150353074 2.11085229348391 7.0505384542048 1.6640420820564 5.11257691495121 2.00848137112334 3.38829373195767 1.80520889163017 5.29156940802932 1.67574606202543 6.82126449234784 1.59020774522796 6.44259211607277 2.46855496475473 2.06631864793599 2.3271587385796 5.713518794626 1.6053538559936 3.78807593509555 1.38929689321667 5.76205734349787 2.34928446821868 2.85193011723459
329.846 2.98117205873132 1.8873996858485 7.64076420292258 1.57765833996236 2.84696415998042 1.50393039099872 8.82891193591058 1.81902311071754 9.10868059284985 1.91433122381568 8.94743363931775 1.84860230777413 3.42751540988684 1.85165894282982 5.93067987821996 2.09870573338121 9.17328825592995 1.923358467035 7.26216069236398 1.69837958887219 2.36988740228117 1.53139639627188 4.66025605425239 1.5718990999274 9.71364273503423
350.959 4.05911416001618 1.82000878173858 7.57851533219218 2.10513153001666 7.5763559769839 2.16187258297578 5.45671512372792 2.0948543340899 3.34503579139709 1.4488910834305 6.12123967707157 1.84485067240894 7.63746909983456 1.61936170235276 7.67732111178339 2.32986123654991 9.58457000739872 2.04374512014911 8.75166849978268
361.462 8.95827636867762 1.34041089387611 2.84840167872608 1.67029416738078 2.57162081263959 2.23403718434274 5.21110633015633 2.18189644142985 4.65463314019144 2.27196360388771 9.16478287242353 1.40707389283925 5.1111418697983 2.12036192947999 7.33046918734908
418.956 5.84985279478133 1.52481821021065 7.93001504428685 2.3781414472498 6.30860153771937 1.77012739954516 6.16273638978601 2.48723153369501 9.22129167243838 1.794361912366 9.95183875598013 1.35475791925564 5.99882021546364 2.2187284277752 4.70474843867123 1.88206092203036 8.77909176237881 2.4790690260008 2.54604052007198 2.08751627262682 5.7220250274986 1.59495766581967 4.21799603849649
440.703 8.271987631917 1.89436636837199 3.25026210770011 1.77209588252008 6.80153132975101 2.3104007425718 7.55386012047529 1.65059741521254 8.77297960594296
445.202 5.7793775331229 2.23855746034533 4.89705831371248 2.42266397643834 7.07657998614013 2.14863969888538 4.11039761267602 2.25889543062076 5.61632180400193 2.37792157037184 3.26894950866699 1.41965805562213 3.06486353650689 1.88846345217898 6.10649862140417
492.186 9.02623886615038 2.15826936680824 8.61339260824025 1.45394283244386 8.62434834986925 1.49936885535717 2.48807278834283 2.0403823601082 4.50218470394611 1.70396572165191 9.67210641130805 1.69336010878906 3.82032145932317 1.60710844760761 2.21841672249138 2.04492198126391 7.18519323691726 2.47426798976958 7.19307656772435 1.7150108368136 9.13446115702391 1.57365085063502 7.80680536106229 2.46018658634275 8.02160522341728 1.39584850696847 7.94926732592285 1.4198517289944 7.57565682753921 1.75609415825456 3.28927260637283 2.34419262381271 3.7423606403172
548.959 6.60951258987188 2.0645362155512 4.31448477506638 1.98136376943439 3.36236665397882 1.65188801903278 3.13750626333058 1.38495546942577 6.09747954085469 2.22889095060527 2.60546792298555 1.59821411650628 7.65954298712313 1.70499621490017 6.5931954216212 1.98761992417276 6.10077800229192 2.1723965938203 7.0166648644954
549.043 7.43949586711824 1.88930195961148 9.23929085768759 1.58684239378199 3.01724777929485 1.38080487698317 7.72191068530083 1.817479608953 2.23836989142001 1.47910760380328 3.00365040451288 1.62618710398674 2.20582518167794 1.42172494241968 8.10218493454158 2.29278559861705 4.01534710451961 1.67397680543363 7.6809040736407 1.30403667595237 8.08491335995495 1.98997896974906 8.66039966233075 1.40593714276329 5.3077488951385
570.72 5.39098254591227 2.32887837905437 2.51331492140889 1.71381073184311 4.17520830221474 2.13288782518357 4.20886853151023 1.54912459785119 2.43673314899206 1.48557514259592 4.00582031346858 2.32656601984054 9.41627053916454 1.91042952751741 3.68258936144412 1.69780620718375 3.70269311033189 1.79854164002463 9.99552516266704 1.48529306752607 8.96987260691822
577.722 8.78229685686529 2.16506439689547 4.16697553917766 2.22064945269376 6.29629153199494 2.14959176545963 4.77120313048363 2.21512239221483 5.6307016722858 2.14969634786248 5.57302378676832 1.73307019341737 9.84645937383175 1.7255799677223 3.60010776109993 2.47900615781546 5.80904122069478 2.32310022860765 9.75908429175615 1.46690345695242 5.20293278433383 1.46031261365861 4.75020701624453 2.08034447096288 9.72278342396021 1.40785463387147 8.50485407188535 1.89500187700614 8.21326007507741
640.234 6.04478732682765 2.32683982476592 8.88026201911271 2.18698699753732 2.93173516355455 1.98516857149079 4.26454732380807 2.19498947123066 3.48408662341535 1.47238040203229 3.3331967741251 2.37038519307971 3.93967703357339 2.36946430215612 9.73002764768898 1.90920875500888 6.92527267336845 1.95202223146334 5.75367296300828
656.492 9.00091846473515 1.8809944187291 9.18633371964097 1.91508247312158 8.61294749192894 1.74814803497866 5.75748763233423 2.29439518721774 8.82147530652583 1.64342822367325 6.30254245363176 1.66151472758502 2.81045035086572 1.80223134402186 3.86622949503362 2.03955590473488 2.75776963680983 1.70616674907506 2.10814892686903 2.475671215076 4.26350984349847 1.68963181590661 9.32577738910913
744.491 5.04757745563984 1.30495939832181 5.02525233477354 2.32829275112599 3.48396084830165 2.27728261742741 8.78738674148917 1.94418938877061 7.39245595596731 2.32380215795711 4.54571018740535 2.31044068904594 7.92495815828443 2.42819191506132 7.47720597684383 1.68743506688625 2.62662394531071 2.42690043561161 6.12316159531474 1.50982439862564 9.19457549788058 1.674831199646 9.71098931878805 2.11480175908655 2.03485269472003 1.87489782888442 4.93909503892064 1.67202520472929 3.89902331121266 1.9358161312528 7.07550110854208
763.481 3.01696041226387 1.75258650081232 6.41546574048698 2.03567689377815 9.28589786961675 1.39905716963112 2.06673720665276 1.78958559352905 6.64350233972073 2.05328544285148 7.51716910861433 1.92651320947334 3.53551599755883 1.3800075635314 9.12186947651207 1.3750148460269 3.79061410203576 2.14228836651891 3.22512978129089 1.93238341249526 3.41393509693444 2.39116414003074 3.07765504717827 2.45515736173838 9.36479130014777 2.23667762661353 4.38636877946556 1.67387745501474 5.35198774561286 2.31010679313913 4.75345274060965 1.8311621338129 9.8226648401469 1.3062180810608 9.95382978208363 1.41438249330968 2.00785103067756
786.659 8.00640096142888 1.74020066838711 3.23054767213762 1.80014965701848 7.57455020397902 2.18323477180675 8.11544928327203 2.02837407514453 4.20466933213174 1.56055252319202 9.26232439465821 1.58969635162503 8.60338811948895 1.78022801866755 7.89201396144927 1.90806988682598 9.2317948397249 2.31275617834181 2.92248390987515
799.817 2.49963120557368 1.31330424370244 5.70617509260774 2.09649679455906 8.41998870670795 1.6797181693837 7.46839101798832 2.30934984078631 8.31906304880977 2.34272461980581 9.32778166420758
809.451 2.74776409752667 2.37267665648833 8.51135904155672 1.86103559462354 7.79845796152949 1.77795365490019 8.64877243153751 1.73493047775701 5.03876418247819 2.17137369178236 2.3954129293561 1.81261038593948 4.09149412997067 2.05854587024078 6.9612174872309 2.34040024625137 4.76634128764272 1.60836666570976 3.79455954022706 2.29587094588205 6.63369566574693 2.15899073909968 8.067706072703 2.06796256406233 4.1305692717433 1.44726332984865 9.80370798334479 2.37662068950012 3.86559213884175 1.80817729262635 3.22117915377021 2.43432304868475 3.87392261251807
858.887 7.51809676922858 1.5161383622326 8.41112550161779 1.31593771753833 9.16236793063581 1.9576435662806 4.53046247921884 1.81542731923982 7.20644193701446 1.65085813542828 7.92955576255918 2.03598660146818 4.90997436642647 2.24279439840466 9.57063816674054 1.30575723005459 7.59402599930763
906.128 2.03620454855263 1.90374566270039 6.03646805137396 1.47823892962188 6.24502577260137 2.41170553239062 3.23528047464788 2.32922467514873 3.50562347471714 2.0254147679545 3.28514798358083 2.27511866874993 9.71425633318722 2.37854760130867 7.30482111126184 1.97121236771345 3.44952642917633 2.12718399483711 9.75329958833754 1.49475087989122 9.35233001969755 2.16773733301088 7.20545846968889 2.36091314377263 9.17943125776947 2.24726273342967 3.20024056173861 1.89230077294633 8.08059434965253 2.45072593027726 8.45305025950074
908.707 6.37664193660021 2.13783695762977 5.379110859707 2.29930926822126 7.08837394230068 2.28514633066952 9.14380583912134 2.23812931245193 3.48025875724852 2.06382973231375 6.22472658008337 2.47649955246598 9.00247655808926 1.77048930833116 5.42449239641428 1.63999122902751 4.78496277146041 2.24210196994245 7.11860745586455 1.50932844588533 7.6254624016583 2.27445607762784 4.17157045379281 1.90737734129652 7.8711012005806 1.64622452268377 8.90986363589764
956.054 7.908652221784 2.45004581818357 2.29728278331459 2.29160280674696 4.01870275102556 1.69413126204163 7.56673087365925 1.71519839698449 2.14053092524409 1.41305522704497 4.93563944846392 1.46893781274557 7.52556268498302 1.60777714271098 3.76378509402275 1.61449431218207 5.03959815017879 1.83406025338918 4.76768247224391 1.32597459340468 2.07444136403501
1007.83 5.20989751443267 1.99241243796423 8.21235333196819 1.49110780302435 2.21266199834645 2.32292813640088 2.76272351667285 1.80726717244834 5.543282430619 1.33113676225767 2.52993673458695 2.41306946361437 8.64959629438818 1.75481352610514 5.74824474565685 2.34181225607172 4.01754358224571
1028.32 2.59956004843116 2.27367767794058 2.68105479702353 1.30023031793535 3.6370240971446 1.63650902882218 3.62743615917861 2.2206102273427 2.2970414608717 1.30018304623663 2.75958320870996 2.26157684559003 8.73677122779191 1.32605741610751 4.87480340339243 1.34900862155482 2.47406321205199 1.67170941540971 9.48561396449804 2.30596377402544 9.41328924894333 1.76867279568687 9.00190456956625 2.33974206233397 2.16418997384608 1.39226055201143 9.06786812841892 1.72247897507623 2.31619683653116
1097.42 2.49761293455958 1.59661372872069 7.02307698875666 1.3730842682533 7.09762721508741 1.76183395730332 3.85904712788761 1.71322887353599 4.00355199351907 1.7977224056609 4.73434242047369 2.3897681530565 3.86806713789701 1.45138631202281 7.79907271824777 2.14697963837534 9.85860347189009 1.5573300588876 3.06399081833661
1144.48 9.79978236742318 1.45642974143848 6.93366393260658 1.4450615064241 9.59001121670008 2.03833256457001 6.70126241631806 2.39568658582866 7.03454944118857 2.03292957469821 4.91057030856609
1164.94 8.79443801566958 2.2050313603133 9.40305915288627 1.64028509715572 3.56536411680281 1.71403509387746 5.04755316488445 1.96182495970279 7.57603167183697 1.55833779107779 5.65531795099378 1.7575134829618 8.89098603278399 2.18813163554296 8.4529917165637 2.27960812309757 7.11881312914193 1.44294737558812 7.38572916574776 2.10150238219649 4.28764655813575 1.47173446239904 7.36457303166389 1.58268185677007 3.31336775422096
1171.86 3.59065693244338 2.2933561659418 5.24702766723931 2.33297659298405 7.2686806730926 1.96438859188929 8.69076684117317 1.87977520637214 4.50475189648569 1.57214251765981 9.20379119925201 2.0378389665857 9.36052498966455 1.77003530617803 2.50909670814872 1.77765413681045 2.91640895977616 1.31608660472557 5.34293218515813 1.95640040431172 3.48776418529451
1307.95 6.99220269173384 2.1428445270285 7.3786762394011 1.49753296626732 8.44666756503284 2.32112755607814 7.13233868405223 1.82007400467992 3.61193880066276 1.5061572894454 4.30482310801744 2.17702639754862 7.7422115970403 2.45576920239255 6.17120461910963 1.71752586374059 9.19003615528345 1.93390674600378 2.19091066718102
1319.03 6.41359884105623 1.69479321949184 2.7996769323945 1.59951927885413 7.46510150842369 1.57245286488906 5.06003315374255 2.01349413758144 6.84524370357394 2.2825464467518 3.72859303466976 1.43508834224194 7.16053258813918 2.32982094250619 2.5110195428133 2.31309941979125 4.2063958607614 2.06632912838832 8.77173146978021 1.51602990599349 7.38427609205246
1330.49 5.15688642673194 2.08844130113721 9.57553168945014 1.85015593040735 7.20091899484396 2.01467539696023 9.06957784853876 1.86641414370388 6.60272264480591 2.3203641211614 7.28177575953305 2.37419207133353 7.31596238352358 1.56944038402289 5.80054985918105 2.33904508920386 8.73051167279482 2.0615560173057 9.48446331545711 1.86807666821405 3.74228109046817 1.50380966812372 5.27893172577024 1.88859870061278 6.67510777525604 2.47343116709962 5.73390830866992
