# Using the following values to generate the workload:# num_procs = 50
# mean_io_bursts = 10
# mean_iat = 25
# min_CPU = 2
# max_CPU = 10
# min_IO = 1.3
# max_IO = 2.5
16.6755 5.06867833249271 1.92448716238141 4.45662406086922 1.46468982510269 3.4773139115423 1.32600220870227 2.60300511866808 1.72639547493309 7.17409162223339 2.32769080810249 2.02274431474507 1.67494495157152 6.20276171527803 2.22752372585237 4.60284926369786 2.33855906538665 3.50502761825919 2.33072838746011 2.40204732306302 1.34602698301896 2.38767111860216
78.0077 3.83788430504501 2.16461568875238 5.94729647412896 1.53408905584365 9.65804940462112 2.43474000589922 4.15365970507264 1.63055148301646 8.13682990148664 1.77566631259397 5.50755395554006 1.77398820333183 7.12435111030936 1.45999027052894 7.15970124490559 2.23079425226897 6.9366567209363 2.25925101917237 5.43736767023802 1.52857239451259 6.15770920366049 2.21442143265158 9.24772769771516 1.65075816754252 6.02181042358279 1.88217530595139 9.44028318859637 2.18269717106596 3.39405121654272 2.3933859593235 3.46323781833053
78.0845 6.06908638589084 1.74556875210255 6.87346016429365 1.53293124511838 5.50180820003152 2.26622968921438 3.36312121711671 2.22331091566011 5.38622657395899 2.23766816304997 4.78786551207304 2.04695343133062 7.10633139312267 1.93899689698592 6.17896890826523 2.39562245700508 9.07969937101007 1.66257109912112 8.10210029035807 2.32856084685773 6.72102653421462 1.32772101601586 4.9644925724715 2.40297957304865 8.95036866143346
92.9883 3.30146243982017 1.73127397531644 9.69515508040786 1.44114028755575 5.32385807111859 2.43461391441524 4.09439193084836 1.76481704115868 7.73752826265991 2.30951329320669 4.03115571849048 2.07021208498627 3.70874113589525
93.8102 6.79671527072787 1.70689959395677 4.65174107439816 1.93187358826399 8.67994923889637 2.18362444732338 6.17656152509153 2.36795125072822 8.05439994111657 1.40571769000962 9.37494302541018 1.75595688028261 2.73816154338419 1.84744466971606 6.64043208397925 1.42393681490794 6.80053641833365 1.6166656143032 7.20856905728579 1.65745650650933 6.56642560474575 1.66212690351531 2.55804488807917 2.28240984156728 2.26614437438548 1.42846206864342 7.12317661754787
132.503 8.17580522969365 1.92037460310385 3.08520570397377 1.64673030991107 8.25263102166355 2.34986395835876 8.44113408029079 1.50570430401713 8.23911279439926 2.18650856632739 8.99719813279808 1.88206107150763 8.9195855371654 1.38404572028667 4.96514917723835 2.34155467320234 3.20797386951745 2.13438955936581 2.92862745001912
136.739 9.27400329709053 2.27029196768999 9.1819657497108 1.43347405251116 5.18858328834176 2.44775072569028 4.08164156973362 1.47783195720986 9.08945606462657 2.14665835751221 3.03607270307839 2.13252708064392 8.39495068788528 1.69745632447302 8.34582011215389 1.8995160442777 6.02371849864721 2.12791146747768 4.63194127753377 1.68205293035135 4.74379446730018 1.90669769886881 4.23612401820719 1.77482602512464 3.20769049972296
148.622 3.32406195998192 1.57915187161416 6.42457656562328 1.54058607602492 7.43069408088923 1.42383137838915 8.25422033108771 2.10306454710662 8.34121403470635 1.41760636689141 7.58033708669245 2.25756913581863 9.65063138306141 1.80419320194051 7.71267919056118 1.58914405796677 3.26268129050732 1.99965458475053 6.77633422613144 2.24260216923431 2.41523548774421 1.60749382544309 4.43485737964511 2.39468280095607 4.76442902348936 2.09109736587852 6.90561907365918 1.87098782975227 3.4546827711165 2.17360719963908 2.57986146584153 2.2992685444653 9.62499130889773 1.39811082929373 6.84372775070369 1.61252555288374 8.48759404756129 2.4424675732851 2.25206403061748
154.578 6.56990314088762 1.44151843767613 4.65007154457271 1.90723810838535 2.90522704645991 1.75804847944528 8.62779875844717 2.17677805097774 6.70073716528714 1.35648059453815 5.71149523369968 2.33756782794371 3.03150713443756 1.5647326012142 3.85354650765657 1.8933549137786 9.93408537842333 1.58355724625289 9.2825308740139 2.41123842652887 7.07150857523084 1.69379560928792 6.97192673571408 1.93567842999473 5.85392725095153
174.753 8.19766246899962 2.10913190646097 5.43011274188757 2.20310748135671 9.88520058244467 1.58274714732543 3.85457136668265 2.23775232154876 5.45814426802099 2.06830277713016 3.9553039483726 1.80740787610412 6.78905088081956 2.15516057508066 6.46334283426404 1.41006836742163 9.76512160897255 1.30868195490912 3.87596926651895 2.07981714727357 7.65818410180509 1.96533666420728 6.72368955239654 2.0004364288412 7.66055438667536 1.64613347034901 8.36854936368763
183.069 3.89880586043 2.35089362626895 4.22759780101478 2.19453225769103 9.9326762072742 2.09187719635665 7.26361061260104 1.96051910277456 7.71134934946895 2.12538781696931 3.64057451300323 2.07113811876625 8.64389596134424 1.88003285825253 8.17943365871906 1.87682006331161 5.9811530187726 2.24555192440748 9.60519475117326 1.9014017559588 5.93780803121626 1.68182045882568 2.03843840770423 1.78470287509263 5.78803357668221
212.904 7.2665760088712 1.53373956121504 4.65951528027654 1.62807954940945 9.91533969901502 2.33264518063515 7.0126932784915 2.3512106041424 8.38854927197099 1.64489240944386 5.55587427318096 2.33562843380496 9.3825232218951 2.24329588264227 2.05774269625545 1.96996463453397 8.08006371743977 2.40866522304714 4.77831471711397 1.90304933860898 2.86235044896603 1.4210602985695 5.93516340106726 1.96361159812659 8.37734866142273 2.20258238697425 2.93132414482534
249.242 7.75780478678644 2.28824605485424 2.03752247989178 1.4528591465205 8.26233661547303 2.22891344344243 4.96110548637807 2.12891032043844 3.39228071086109 2.21574492622167 8.67283616401255 2.10096259182319 5.91495669819415 2.21636023782194 6.5182650629431 1.91338294893503 5.00728289969265 2.2217447324656 7.16218815557659 2.43001503348351 6.79893693327904 2.11685685897246 2.24615464918315 2.10370356300846 4.97189380228519 1.91856295531616 6.63712491840124
259.439 5.7130039036274 2.16951760845259 5.11293108947575 2.34024279695004 8.72501182928681 1.61380872810259 9.760273527354 2.32341608470306 7.76226460188627 1.56169059397653 5.64627909660339 2.32017714465037 4.47175765782595 2.32342382594943 7.86042943224311 2.35225158762187 3.00919635780156 1.58943735836074 3.30160774849355 1.78382377382368 4.97798170894384 2.27642030706629 3.12622999958694 1.62995372479782 3.09900898858905 1.90488622905686 4.58104531466961 1.7251631770283 9.81764361076057
325.691 9.04272801056504 1.58180983876809 2.53565074130893 2.31143673323095 8.56752678565681 2.28862354168668 4.44417840987444 1.38507136013359 3.5028470531106 2.38557367045432 2.87973589636385 2.21468903832138 9.82659078203142 2.39482993995771 8.53050422109663 1.75298492144793 7.1602018661797 1.39992712847888 8.39395042508841 2.11280159866437 9.90576699003577 2.28511046981439 5.93481175974011
360.773 7.27198133803904 2.35590695850551 4.3045410476625 2.11233143927529 4.57061406038702 1.56850639134645 9.9666566029191 1.37351218480617 6.83238250203431 1.93273420408368 5.45220937952399 1.53062180923298 3.16215583868325 1.74290363211185 9.75560179166496 2.48092417949811 2.49228893592954 1.35894309459254 7.59662406332791 1.59899532021955 3.86711645126343 2.33855067398399 3.77992213889956
373.292 5.5682246722281 2.05811421032995 6.12309612892568 2.14103916818276 6.53870266862214 1.8762642419897 8.89401659369469 2.46417685057968 8.52456838265061 1.44456992316991 6.32810397073627 2.40617890078574 2.19610671140254
378.425 6.33125017769635 1.34788961093873 9.4203984271735 2.38829695386812 5.24583236500621 2.06199228810146 2.1631783246994 1.49480505799875 2.24865245819092 1.90175125002861 2.49069451913238
428.496 7.25907500088215 2.15441163834184 5.32251530885696 2.15302205989137 8.23409057594836 2.06423372356221 2.16775331273675 2.31508825011551 3.24291677959263 2.37622531875968 4.58206891454756 2.41865136465058 9.63218477368355 2.46798305381089 8.98321207985282 1.72400821866468 4.02308501303196
446.145 4.05861506983638 2.24202760150656 7.16743093915284 2.16155466856435 6.97481925971806 2.41012872625142 5.96484784968197 1.63161817267537 7.1669040042907 1.89017546121031 5.4051105696708 2.02173079662025 3.50727020390332 1.54996877452359 4.26206315681338
456.027 8.90647111274302 2.00928106866777 7.96290386468172 2.20530819697306 9.92657185159624 1.43296930463985 6.34384413436055 1.93425292558968 7.46633310988545 1.7821249182336 9.71328058838844 1.56263364972547 3.28152046352625 2.49207345964387 5.72832490131259
481.982 7.88657004758716 1.67822384005412 8.20199698023498 1.93303348021582 5.39200612716377 2.28377575678751 8.62848442420363 1.3190894369036 6.42421856150031 2.41347673470154 2.14835478924215 1.77787970947102 4.94460303708911 1.61232854351401 7.63103003241122 1.65613182326779 3.98185330629349 1.76003527324647 5.64100419357419 1.4994680384174 5.22516019456089 1.81514934878796 7.96916810050607 1.88135114498436 4.47807482071221 2.2337007291615 6.21528320200741 1.63494238099083 5.94384250976145 1.95163049204275 3.73087868094444
489.747 9.15865020826459 2.34657333325595 7.3928612805903 2.41393010206521 2.06193337403238 1.64827582752332 9.5673586986959 2.41478432333097 7.93947404623032 2.11535604204983 4.59403046034276 1.98014886621386 8.02167091332376 1.5476582037285 8.30125451460481 2.45393594214693 3.34957537055016 1.45135590778664 4.76242217421532 2.41032349290326 4.66409814171493 2.37048859614879 6.27160594984889 2.46311444994062 3.33646038919687
541.772 4.66540046408772 2.22322668787092 6.2526787109673 1.73366241147742 5.52924622967839 1.96739254724234 5.06790735572577 2.31823778320104 6.46711170859635 1.72218341352418 3.09652823209763 1.41709145260975 8.89800829067826 2.33500244505703 7.2072517927736 1.74520596126094 7.41080549918115 1.90440795877948 2.38259555771947 1.67140898453072 8.19087890163064
559.072 4.99069046974182 1.62538561467081 9.20885542221367 1.4943594285287 4.78034459426999 2.299563599471 4.68938336893916 1.43933681268245 7.66854423284531 2.30996201336384 9.43456737138331 1.97227785848081 2.43066000565886 2.30472808089107 7.78261410817504 1.41094007277861 5.46352181769907 2.45961638418958 4.34712485782802 2.21972389975563 4.37755747884512 1.34234561705962 2.77007053233683
583.902 7.82120258547366 2.42519957059994 6.99319317191839 1.33122856030241 3.63127025961876 1.60328311072662 4.42906572669744 2.15796197000891 4.53805121593177 1.9406283352524 9.32645963132381 2.22895871214569 4.96648220717907 2.10779365766793 8.36617138423026 1.3678696770221 9.83680294826627 1.89973319536075 5.54250406473875 2.28795739552006 2.7576366532594 1.6279099566862 6.9767050743103
616.267 8.91958970949054 1.46531801242381 9.33642139472067 2.32717646546662 8.56115593761206 2.48335032695904 6.54283976368606 1.75496207578108 7.08048905618489 1.70285977562889 7.30521289817989
649.929 4.69873997755349 2.03533169822767 5.67605550028384 2.22255133809522 6.91960364766419 2.47940302053466 3.26050403900445 2.35396611820906 7.86406848207116 2.17421053685248 9.61851880699396 1.68858415009454 2.40158624388278 2.17935277493671 3.89930202811956 1.77554512452334 5.02708668448031 2.04587798342109 2.32682966440916 1.58071930594742 5.24465845152736 1.42747787982225 6.44939564354718 2.07169638676569 9.28840544447303
706.424 3.46363688632846 1.55106137795374 7.79237136431038 1.49612266579643 3.33142425492406 2.00566436490044 4.92610644549131 1.61215348383412 2.30451694503427 1.41787022193894 9.67176733352244 2.19351690020412 3.95496595464647 1.38611137326807 4.70912229269743 1.30805316017941 4.4379392657429
727.573 3.6001781206578 1.53955061621964 4.87335073761642 1.75849523348734 7.66872145794332 2.32027661576867 3.83944300748408 2.05990019245073 5.40543229132891 1.99740675445646 3.60329059138894 1.41995831020176 7.05819104611874 2.42951296307147 9.4959322810173 1.46375932684168 7.98144192248583 1.94438299005851 2.48363905027509 2.42590522263199 9.69883227534592 2.34064756799489 7.93634314462543 1.40432097716257 9.59083440154791
741.901 5.3763470724225 1.49908484909683 2.28141292370856 1.82829290525988 3.40683284029365 1.90248606745154 5.98279720917344 2.13354644048959 4.40445066057146 2.42498359214515 7.52005975879729
744.618 2.77810982987285 2.34769407752901 9.17686416767538 2.44727260712534 7.17231668718159 1.95521311527118 8.25332565233111 1.70054424414411 7.88866034150124 1.88697576690465 5.83188538253307 1.401689172443 8.85934950970113 1.43001296576113 8.46715363301337 1.83216676386073 9.37433500215411
761.542 3.75090917013586 2.0675664213486 7.29126969724894 2.00630665700883 5.8966460712254 1.99016094366089 3.40049037896097 2.04552787775174 4.55819969251752 2.36421667784452 3.96854261495173 2.13269922817126 5.30878042429686 2.29891500277445 4.07912126928568 1.96709023239091 7.89067011512816 2.03374774511904 5.63552226684988 1.86796937901527 3.75916303880513 1.34901371607557 7.50590283237398 1.38041480332613 2.85059048607945 2.35863949246705 2.91901647113264 2.36631701821461 2.63589194044471 1.83354848092422 6.14071920700371 1.35648059649393 6.77441700361669 1.41048727873713 6.47919115796685
764.984 3.34616310149431 1.68032893324271 2.68693579174578 1.30374495610595 6.13920878060162 1.37042876733467 9.00350304320455 1.56316173505038 2.8617676217109 1.97615364100784 2.41125782951713 1.31948194326833 3.69633956253529 1.9387055395171 9.45939039252698 2.06618027975783 2.14083854667842 2.36475117001683 6.38036960922182 1.95059187673032 9.66165826842189 2.28188519282266 3.04202456586063
765.187 5.49988025054336 1.52231484251097 2.2467370480299 1.56085331169888 6.85550551861525 2.30027762362734 4.07417107000947 1.54380722716451 5.31963999196887 2.04322593361139 6.21873141080141 1.81524880118668 5.62617784179747 2.10161151485518 3.42646414786577 2.02866014475003 6.72138474695385 1.85956464689225 5.85759380459785 2.10135978003964 8.05726384930313 1.66197139043361 7.63750777393579 1.64903923030943 4.17170131020248 2.18082335023209 4.11222899332643 1.97510506128892 8.82134501636028
786.764 6.04767539910972 1.37018977412954 9.49577973596752 1.35898235961795 6.91795904375613 1.71364077925682 8.63915480487049 1.62956929663196 9.48454794101417 2.08607005514205 3.06438162364066 1.75730159152299 5.60972358100116
789.047 3.29995382577181 2.29264384023845 2.77048501931131 1.75610746787861 4.47813177853823 1.48147078249604 7.39013975672424 1.87865018285811 4.08629754558206 2.43608194999397 9.02458873391151 2.40249752253294 4.87368825823069 1.31769821839407 5.60000180080533 1.46855833269656 4.34112267941236 2.25582462679595 9.20827013254166 1.37218872588128 3.7532818429172 2.21679835151881 3.37495326250792 1.47520122984424 3.41912090405822 1.7746446670033 5.96618118695915 2.17281780261546 7.10151558369398 2.09375327415764 2.34775019437075
805.182 8.0853487495333 2.10502470964566 4.63374016061425 1.32439970225096 8.89069629274309 2.20811796095222 2.20105950720608 2.45634347619489 4.24579872377217 1.92281915610656 7.45979498699307 1.97864765813574 5.21364729478955 2.37891605356708 4.53232934325933 1.95313704302534 2.87771164439619 1.6433730436489 6.13168384507298 2.05292120780796 9.48710142448545 2.26500037079677 5.78392509184778 1.85419552745298 7.0358755402267
842.619 3.86051910370588 1.58497952809557 3.9618673492223 2.41752625480294 7.69298718683422 1.81413216600195 5.23542968183756 1.66612051157281 2.81516697071493 1.57728573419154 3.09175475686789 1.61969440048561 7.15499313361943
848.634 2.23725287057459 2.46296859756112 5.39825272001326 1.49525793753564 4.57395689561963 1.4385717689991 2.32176613807678 2.34907675432041 3.33015839010477 1.71819998249412 6.80188731849194 1.6725176775828 3.82632378861308 1.83282792307436 9.04639740101993 1.99178599184379 5.56209145858884 1.52710583079606 9.41416874527931 2.35989923244342 6.21685267053545 2.4878702942282 7.35918303020298 1.97752559399232 7.14034366421402 1.32439827173948 3.29491795226932 1.65581950070336 2.47427875362337 2.0205531174317 9.51096690818667
864.837 6.45782095380127 2.07859457070008 5.29685293324292 1.38669947301969 5.02400444820523 2.17658220864832 5.00482453405857 1.71027797898278 5.55186097323895 1.44328399673104 9.91554305143654 2.26611807299778 6.09390856511891 2.07212685141712 3.04676359146833 1.96458383798599 9.24604422040284 2.41424177922308 6.83133134618402 1.7973716202192 6.08935872465372
878.28 2.05593748576939 1.62743895854801 2.35933584347367 1.55172651577741 9.88822865113616 2.03177303830162 7.60089801810682 1.49862434174865 2.7898179423064 1.80122705316171 4.93013662844896 2.18210076149553 8.13133939355612 2.12563478108495 6.36268970929086 1.45032688304782 8.65014703385532 1.75169949736446 9.69416688196361 1.91044303160161 8.22284892015159
886.87 5.5982628967613 2.04441086146981 5.75425027124584 2.36706262454391 3.95140036940575 2.47809747261927 9.2430736143142 1.88771431399509 4.88557983748615 2.38287881370634 2.78115064278245 1.52150237904862 2.71255736239254 2.35714102499187 2.4094583876431 1.31803856948391 3.77619372308254 1.71993289934471 2.82571768201888 1.4540030005388 5.93125096522272 1.78080345420167 2.92904022708535
887.544 5.62784850224853 1.8529474039562 2.30466390773654 1.62885944191366 8.9107540845871 2.02886022105813 3.80544261448085 1.33431338705122 3.5317291021347 1.48160302881151 6.78316022083163 1.85411943905056 4.15764109045267 2.48028649603948 8.8419777136296 1.63546470319852 8.14064644835889 1.59683204740286 5.36107799783349 1.58143901471049 2.84116582386196 1.49711144985631 8.32328261248767 1.96234481902793 2.07856494188309
956.54 6.97051428630948 1.52520864093676 6.35665353573859 1.95944972839206 9.52991453558207 2.09439394073561 4.11391108296812 1.49093172578141 5.54409056901932 1.65429914277047 2.75504400581121 2.46661101449281 3.85620627552271 2.35154983904213 4.38862578943372 1.4761766243726 4.31795954331756
963.202 8.35730211064219 2.10816873749718 9.04107434488833 1.92675658697262 3.73311287537217 2.40359200770035 3.62872488796711 2.39035180313513 3.38487235829234 2.26913044266403 2.35881037637591 1.60209482032806 8.71911652944982
1032.72 5.36839608475566 1.78430060967803 3.79946841113269 1.79736140966415 6.55835861340165 1.32465919228271 2.7660225238651 2.11544772749767 4.29252251423895 1.88336693989113 7.90477437153459 1.56826833412051 7.00053861550987 1.6047615387477 7.86935597285628 2.22610214976594 3.78764184378088
1051.42 7.71323710680008 1.61901059867814 8.78825765289366 1.59621686628088 2.69286078214645 1.96948803728446 3.54908223077655 2.00395396826789 2.56568472832441 2.38712515095249 2.51073584519327 1.8497887276113 7.44146508909762 1.31933163367212 7.89232378639281 2.31206376580521 2.9083254057914 1.82174274744466 7.08310052938759 1.3382305524312 3.12518806569278 1.69699859349057 6.68855240382254 2.46211821045727 9.8474619910121 1.50857726559043 5.41774433292449
1096.71 9.96129533834755 1.38803499657661 3.60356635041535 1.59177232217044 4.50322259031236 2.49286707360297 8.47933197394013 1.42305829478428 5.80259231850505 1.6909009209834 6.10351964272559 1.96501225605607 9.49966209195554 2.36123552434146 5.84161448664963 2.38210640847683 6.91416400671005 1.44130313480273 8.20120858773589 2.49878176748753 4.11323872767389 1.50890179052949 6.19874398037791
1100.72 9.9850580971688 1.74977889126167 9.01210860721767 1.98032577661797 7.65177984163165 1.63109343787655 5.93754531629384 1.53943416755646 8.10379556380212 1.8114247280173 6.36951671913266 2.31707073757425 9.7859158385545 2.027677762229 2.45854816958308 1.91928340587765 2.6485056579113 2.04343673763797 2.479647397995 1.65219338433817 8.17361324466765
