# Using the following values to generate the workload:# num_procs = 50
# mean_io_bursts = 10
# mean_iat = 25
# min_CPU = 2
# max_CPU = 10
# min_IO = 1.3
# max_IO = 2.5
0.367093 4.33311986923218 2.34038327233866 3.85856920294464 1.670737497136 7.02206992171705 1.97388428542763 6.37244643270969 1.95956404609606 8.0897385571152 2.41333564380184 6.74583502672613
24.2314 5.39727940969169 2.07592669781297 8.32110615260899 1.42361844452098 3.69431031495333 1.48528972622007 2.20890052802861 2.16395455077291 5.95240178704262 1.74686608519405 6.24658733233809 2.30673380102962 7.38713322207332 2.13996935738251 8.07595388032496
31.107 6.82353702932596 1.89042150750756 4.81593823060393 1.82936031855643 4.73879740573466 2.40486767999828 4.93803798593581 1.69295307602733 9.48491047136486 2.44271949445829 9.06920520588756 2.13469324018806 3.33506416715682 1.56226569758728 4.79724811203778 2.31669270535931 5.7173483017832 2.19056523423642 3.90705026499927 1.43235561382025 2.18149718269706 2.17937680361792 4.64812231063843
79.5633 7.16058975830674 2.30528380302712 4.58155454881489 1.59811363369226 2.11371651664376 1.80591337606311 4.04910455457866 2.2014656316489 2.09857180714607 1.36343449410051 8.73371469601989 1.46773254452273 2.60733019001782 1.91152969757095 9.44377693533897 1.60859937835485 8.74854457005858 1.82802965370938 2.8965328168124 1.67384572532028 9.6222314350307
100.256 4.2491913549602 1.76383743109182 4.10205397754908 1.90439381068572 9.41041806899011 2.01607704339549 4.82482513040304 2.05151587836444 8.15660166367888 1.4557110471651 9.20154586993158 2.12812571115792 7.17480270937085 1.30943758543581 8.71395006775856 2.22524734316394 6.11749590747058 1.68703314010054 3.83891217410564 1.31769527941942 3.97466473281384 2.47512900233269 2.38672671839595 1.47793489955366 7.36974805220962
142.926 4.38719726912677 2.07711138958111 2.21304657310247 1.96560474289581 8.84108731895685 2.15495625110343 5.44211124815047 2.19791291952133 8.75139059126377 2.13728125058115 3.29963191412389 1.61336806602776 7.38336428813636 1.95735006583855 8.01425333321095 1.82304593529552 4.28713013976812
170.204 5.19625199958682 1.91561887217686 3.97849317826331 1.6003749370575 4.45881168730557 2.10779320951551 9.74471624568105 1.46298733735457 5.30851594917476 1.70602073967457 4.41993540525436 2.43100175503641 2.17976579628885 2.46225643418729 4.96989587135613 1.45518570831046 5.62883749604225 2.18824607254937 5.96730229444802
200.315 4.70409269817173 2.12102219155058 2.52968538738787 1.82676491588354 4.93796781636775 1.65119504965842 2.43341613560915 1.76753047946841 4.09188913926482 2.24407324157655 5.20136188343167 1.664665796794 5.38435013405979 1.84518337026238 9.44006971269846 1.38822615593672 2.39078835584223
226.694 6.97850625216961 2.1562061842531 3.98592316918075 2.37207300327718 9.45616849139333 1.55917820204049 9.62666400335729 1.38039098922163 3.49916506186128 1.59745093444362 5.25187212973833 2.47703095925972 2.41948453709483
277.037 3.87126112729311 1.99674060074613 6.36488791741431 2.47198977172375 8.7720971275121 2.35123038906604 3.66305897757411 1.71488858452067 4.74311071448028 2.11848825197667 6.371646232903 1.7495013711974 9.93917816877365
293.551 2.45861138217151 1.67084831539541 7.96235423535109 1.66478676078841 7.73400376364589 1.99284745147452 3.00861628726125 2.04555413741618 2.03283532895148 2.4636978614144 6.40856851823628 1.92994115613401 5.49504767917097 1.42377479942516 4.39415632747114 2.49014260470867 2.18084405362606 1.39224330568686 8.28445205651224 2.30655266111717 5.06974453479052
317.987 8.70305922813714 1.53196027735248 7.53266388364136 2.26066440083086 9.05746755935252 2.31789051815867 4.24065915681422 1.69001804115251 6.46909989975393 1.98852751692757 8.63073162920773 1.55318343164399 9.99626652151346 2.34265543781221 8.40626096539199 1.33947865217924 6.16361492313445 1.55501026017591 6.23010997287929 1.32381209647283 7.56981838308275
374.356 7.58215607516468 1.99131974512711 4.92338307015598 1.45805143490434 2.4003193564713 1.45002406639978 6.15929394587874 1.31510476591066 9.28410603292286 1.66818933570757 9.08916029706597 1.90576708773151 7.42868010886014 1.62646113103256 3.55485772155225 2.10366388475522 6.9330923538655 1.89449320277199 4.16559830494225 1.99197498951107 5.89851802587509 1.74668254638091 9.16271205991507 1.59843404116109 3.82987563125789
405.24 7.33924742043018 1.52166537018493 3.40213982202113 2.16948282942176 5.90595626085997 1.80949151441455 3.84358607418835 2.00448831850663 2.98661345802248 1.724146728497 6.71782893314958 2.44700442645699 6.81427518650889 1.35754538960755 7.56337206810713 1.80573072265834 7.2030586283654 1.75755069190636 7.14140813238919 1.53249253015965 3.84013495966792 1.89308700328693 5.25845070555806
409.483 8.3467254769057 2.22742757480592 8.725411336869 2.03415948292241 7.22647571749985 2.15321157081053 5.07708942517638 2.38060004832223 6.87724179960787 1.88388905283064 5.14408813975751 1.55087307207286 5.2944411188364 2.42076837830245 5.45711981877685
430.424 9.2180798240006 1.99422643687576 4.73988583311439 1.53033986352384 6.67477995716035 1.54103399571031 9.84047822654247 2.10744216842577 5.24967603757977 2.18121651932597 4.93064346723258 1.96889720167965 5.26454434357584 1.91406335858628 5.28830328024924
436.198 4.02699412032962 1.85327891353518 9.75527923554182 1.78034256631508 4.88884954154491 1.57579356264323 6.63003265857697 2.09761395081878 8.99041921831667 2.10838495846838 2.72787825763226 1.38140372540802 8.18057302758098 2.30723023153841 4.56840319186449 1.81032547522336 4.97062182426453 1.77893548645079 4.42295662499964 1.85082033509389 4.81313040293753 1.48632592922077 6.8926006257534 1.44196767471731 6.77172865904868 2.10622901311144 3.76011512801051 2.11623174445704 3.96814729832113 2.38608578154817 7.00286019593477
448.019 8.75133201479912 1.85984955644235 4.39392287097871 2.03431602083147 8.32620991021395 2.35241628950462 9.69965005479753 2.22351893465966 3.90469711832702 1.61110020102933 5.20679036341608 2.4893266281113 7.20857399143279 1.98813365213573 8.22111224196851 1.35831957180053 9.01758770644665 1.85416087415069 2.41181864030659 2.02268188307062 8.95222151838243 1.76023925272748 2.48470038548112
504.629 5.77208824828267 1.60168569460511 5.13361978717148 2.4795958487317 3.50712091289461 1.66824146471918 9.14344083890319 1.37477096142247 7.0451285969466 1.94032288528979 8.42547796107829 1.55189813720062 2.85896266065538 1.80222389893606 6.98506443016231 1.85125750778243 2.74669722095132 1.92754609519616 5.20083536952734 1.40496296025813 2.80468192324042
524.577 9.63306875526905 2.04009755561128 8.6679175272584 2.4664848391898 2.27716141752899 2.42078205617145 9.18414369039237 1.97474245848134 6.65358727052808 2.47683412702754 3.95709980838001 1.34940063981339 6.92793088592589 2.05696899509057 5.43701766058803 1.34179849615321 3.29960321635008 2.11224147910252 7.30952331237495 2.11838018102571 5.15088799409568 1.88533036746085 6.62766324169934
525.154 4.17988839931786 2.33063202351332 2.09880560077727 1.48359347153455 4.14206492714584 2.3638105626218 9.15269443579018 2.31056933617219 2.9255243819207 2.1779290240258 2.21190629526973 2.35486111743376 7.43474173359573 2.06411708267406 2.39182032644749 1.72899481598288 2.40043485723436 1.52213500654325 6.05745515972376 2.27716760458425 5.30121237225831 1.70646938132122 5.4336308054626 1.42153325136751 8.88178435713053
530.219 2.50525609590113 2.18643565913662 7.91532483138144 2.13000764790922 5.89316099509597 1.53213369222358 7.65124253369868 1.79633523365483 6.30970561876893 1.92481465730816 3.44054297544062 1.89111562743783 9.03898494131863 1.72617120174691 3.06162788905203
532.208 5.15187963470817 1.7623512593098 4.35326768085361 1.64732614196837 4.36283968016505 2.4882182745263 9.75148441456258 1.77762482026592 9.858717629686 1.34938669903204 2.61759784631431 1.32950945431367 9.95318693481386 1.63562426418066 4.65834680572152 1.46424865508452 7.98549395427108 2.44417533576488 8.02013437077403 2.35132635599002 7.8206584546715
535.933 8.04622038453817 1.91059859804809 5.33150738477707 2.18071722276509 3.80403308011591 2.25652348110452 9.6292846892029
536.335 5.72826590575278 1.56861871918663 5.76167910918593 2.40223028762266 8.56598590128124 1.69339040769264 3.54972228594124 2.03621366331354 6.0893806181848 1.67239666972309 7.54964168183506 2.09534804299474 3.58207510598004 1.70013209618628 4.73131603747606 1.55312217110768 3.19010595418513 1.51484823003411 3.08496549911797
539.433 8.54416102170944 1.80691869258881 7.13921842351556 1.34969957340509 3.81739227287471 2.18304757708684 8.61182616837323 1.66353922514245 8.36811105161905 2.03370483871549 7.30294023826718 2.48656435962766 7.29454142600298 1.45339795202017 6.13680393248796 2.16934444587678 5.11287787929177 1.75013075992465 9.78660053387284 1.87115674270317 4.92743052728474 1.86651083594188 7.52803141996264 1.71544389482588 6.15064071118832 1.73756990833208 3.53211861848831 1.85082995193079 2.7300119176507
554.841 6.82132901437581 1.78808269230649 8.69303664751351 2.3971756381914 2.41754222847521 1.96075254799798 3.64298003166914 1.35979773299769 4.31158889643848 2.16397992614657 5.23468717001379 2.11344007728621 3.15992856398225 1.60172197148204 3.83294289186597 1.93175365608186 6.13916687481105 2.21814904715866 2.00710914283991
576.913 6.71870154701173 2.27187880221754 9.05308860726655 1.87559375399724 4.21419974416494 2.17567869788036 5.64332458376884 2.01648345533758 4.72742622159421 1.72936648940668 9.34293351508677 2.16635926458985 3.67356735654175
583.704 8.47427104599774 2.41098184557632 3.73756223730743 2.0615442362614 7.25568189844489 1.82682963255793 9.58523338660598 1.5883547863923 9.04220595397055 2.3863442174159 9.92647904716432 1.51717229764909 7.60671491548419 1.70093981325626 9.11000382527709 1.84938410492614 6.05586771667004
585.349 2.33501739613712 1.95854980647564 7.04356807656586 2.47392009608448 9.55565619841218 2.41928922943771 4.62497457489371 2.21266525182873 7.38448081538081 2.08021391946822 3.05292564257979 1.46435234704986 7.12134785577655 1.53175492156297 9.96935427375138 1.39186139181256 8.48859524726868 1.55755978170782 4.43466450273991 1.98887243308127 9.41085352562368 1.40332941282541 5.46580417081714 2.30832624780014 7.15831704065204 2.19870362998918 3.40277939662337 1.61077328082174 6.75454402156174 1.61646483531222 8.01495246402919 2.12472359165549 8.95993558317423
612.115 7.13160119764507 1.38001028317958 5.07181739062071 1.54118156805634 5.3206103798002 1.48351451847702 4.10510368272662 2.36891449904069 7.45249192416668 2.1927057669498 5.19808725081384 1.3879282633774 8.83529931306839 2.07473798468709 5.87167201191187 1.87838949784636 7.77752254344523 1.8766543013975 2.17268430814147 1.68554967818782 6.99690717086196
624.749 3.77946273609996 1.93786619557068 4.47179744765162 1.69913644259796 3.23547866567969 1.30525063788518 5.92967523261905 2.19148431159556 7.52496444433928 1.38657879093662 9.05283800698817 2.28693410428241 5.45392711833119
639.478 8.25799189321697 2.31973343910649 9.13691913895309 1.41514538563788 5.34858033619821 2.0632691629231 2.07075598463416 2.14451809916645 4.81999087333679 1.34103837963194 2.53556538559496 1.56779749551788 5.85597517713904 1.78916936414316 2.817756049335
723.016 4.94114490412176 1.48531614569947 9.8604830801487 2.14897858928889 4.53509854339063 1.86832898166031 5.69342615827918 1.65676219407469 5.88998014293611 1.31357496464625 5.31553719937801 2.43852912820876 2.94435363449156 1.49271316574886 2.2424410302192 1.71208205064759 3.2163311727345 1.75704373791814 6.79039557278156 1.49025558140129 2.0713067818433
732.977 3.82232026383281 1.98736810190603 2.35806956514716 2.08759730188176 5.3306077234447 2.30227792290971 5.2366407122463 1.35970905078575 9.32254232466221 2.26780075123534 8.24834297783673 1.73385680122301 9.23423129692674 1.63822048380971 6.20640992932022 1.95351946149021 7.18476234935224 1.30360624343157 2.73557388223708 2.49913135068491 5.17208712734282
736.577 3.30463800579309 2.42437606230378 7.38592023216188 1.73290684828535 7.2222373560071 1.48133086953312 3.49851579032838 1.63842125972733 9.60647700540721 1.56701423209161 6.53523315489292 1.33725603101775 8.83246315643191 2.09219305971637 3.24947021529078 1.70498654693365 2.47820210456848 2.40452157892287 6.06367167644203 1.50588117251173 8.73986298963428 2.28771681506187 9.00765430182219 2.01410673623905 7.20223337970674
776.536 4.0574238114059 1.46530006593093 4.99302468635142 1.93226724155247 5.31197792850435 2.43073475873098 3.91323618963361 2.49677324611694 2.36662778258324 1.39130084421486 9.13133096881211 1.61309773148969 6.04775875620544 1.72922011232004 9.42016015201807 2.09922369699925 3.83328971639276 2.33754389593378 4.53914462029934 1.35756716942415 3.84160157851875 1.92574944933876 2.7557620704174 1.33189158951864 7.81994356960058
786.043 9.88482479378581 1.49085270874202 4.88252964615822 1.83067180588841 5.68828889168799 2.31027042409405 5.47525900788605 1.39067061366513 4.36387996561825 2.48840461373329 7.26439224183559 2.08872865177691 9.05955747142434 1.91191750001162 2.13257901370525
794.683 4.56461404263973 2.48475473606959 6.20713764615357 2.25857872627676 8.33782466687262 1.53248523119837 4.21861497685313 2.35334658911452 8.21684022247791 2.07569084083661 8.0943897254765 1.74397536236793 9.98800672031939 1.34137489460409 3.43436629325151 1.33273500707001 9.94412813521922 1.84880047105253 3.29460044577718 2.1298720896244 9.47735166735947
807.677 5.68815712071955 1.49575021760538 6.18322686851025 2.34064148776233 4.31097700446844 2.31945350589231 8.3586997911334 1.80046514710411 8.91167179681361 1.48950809277594 6.1961270365864 2.00665902802721 3.6590878944844 1.84660861063749 2.45532020740211 2.03363385237753 8.53223578259349 2.39451297884807 2.30650192312896 2.13655070094392 4.87343786656857 1.32660334818065 4.0411033872515 2.19497091146186 3.18493254855275
823.791 9.31684049963951 1.7394035667181 5.37625572644174 2.46312867682427 2.05684008449316 1.56104419417679 9.54892110265791 1.57545684929937 3.11020763590932 2.39996671192348 3.92345712147653 1.30580228837207 8.26878284104168 2.41569202588871 4.40115101635456 1.87522247703746 9.41732988134027 1.5273431615904 8.49130947515368 1.51588356131688 4.44599260389805 1.56960390964523 7.368503337726 2.19814411196858 9.49839785695076 2.28067584903911 9.39999156445265 1.82991422321647 3.25264711491764
839.428 9.5367576200515 2.22338197184727 9.85128953307867 1.92524688439444 4.04220929928124 1.34284450011328 7.53775684162974 1.50423491504043 7.21926025114954 1.36160432789475 8.75935781933367 2.02476682169363 8.44558457843959 1.39707504343241 5.64540451206267
928.716 6.76092417538166 1.6829947207123 4.49234602041543 2.38917503282428 9.38760796003044 1.89928561598063 5.50232899747789 2.25632805563509 5.23099390976131 1.47346698110923 6.13746675103903 1.58903346406296 3.94713732600212 1.51718302927911 5.83009408973157 2.04668622072786 4.95223240368068 1.3575170003809 4.91858556494117
952.332 7.07855152897537 2.11180644463748 2.13662363961339 2.18197932559997 6.60597787052393 1.31116578243673 9.74910582974553 1.852151583042 7.61427919380367 2.48367541013286 7.94725594483316 2.36688009714708 6.45328270085156 2.39257815256715 5.5352618470788 1.85924163153395 3.92642255313694 2.487042876333 2.49044206738472 1.49672067016363 2.65408491156995 1.43336444459856 3.44251407496631
1006.86 8.51443237438798 1.9478147524409 4.58143102191389 2.49852844877169 8.10409231856465 1.61498332554474 4.77707352489233 1.78093244163319 4.72790151834488 2.48140450250357 5.09560957923532 1.78357721455395 3.50611652620137 2.39332721866667 7.24420446716249 1.78588486509398 8.51541882380843 2.3446807439439 8.74761240370572 1.32191665871069 2.64134703204036 1.47097950298339 3.04654762521386 1.95859549203888 6.57561702281237 1.72461579963565 5.68278830125928 1.72281325431541 5.46958411298692
1010.88 9.18628201074898 2.47527500363067 4.33992194570601 1.58906681761146 6.21875237859786 1.3199066911824 7.04937990754843 1.30713406549767 7.24867158383131 2.35790677638724 9.18433627672493 2.4539854940027 3.64841339364648 1.38601623475552 9.70433307997882 1.42747562704608 2.04000059887767 1.47690526684746 9.044985961169 1.43123803790659 2.80821975134313 2.42050902601331 6.10891209729016 2.08948425184935 3.56729911267757
1130.33 3.47800642810762 2.47772257942706 6.69856402650476 2.18741258699447 3.62151377275586 1.62973308824003 2.9204035513103 1.47804699996486 3.71321333944798 1.76767510920763 2.16744660958648 1.69207385797054 9.26929475367069 1.42188224475831 3.08717916533351
1189.02 5.27543253265321 1.79431620109826 4.94897273927927 2.12174250325188 6.09532460011542 2.36185644594952 2.57279429771006 1.86193506140262 8.00083229131997 1.6395920548588 3.52215167135 1.61209967480972 4.49511506408453 2.27728907736018 6.51059755682945 2.45376386055723 7.59391466341913 2.32155107185245 2.11409593373537 2.15025622881949 2.95885177887976 2.22084234738722 4.73182151839137 1.43876520963386 3.19317821599543 2.303724718187 8.36783753149211
1210.95 5.85123469494283 2.19457033667713 9.56859004311264 2.0929166149348 6.18701056949794 2.38905036179349 4.58673257008195 2.30341260824353 6.42711003497243 1.48302081236616 7.50092379376292 1.4941627365537 4.03642104007304 2.38172612236813 6.74588887020946 2.35060743456706 3.44141873344779 1.93270809613168 7.24473867565393 2.30770978871733 2.64191388338804
1212.14 3.41522462293506 2.40945661887527 5.51994341798127 1.37475509336218 5.18126722984016 1.44608418913558 9.52377359196544 1.32786351926625 2.02061762288213 1.74089968502522 5.36812606081367 1.59014131696895 4.78328182734549 1.55875512128696 9.56787968054414 1.69228261066601 2.93666794151068 1.31894418187439 7.42008806765079 2.03084710147232 2.64375276491046 1.94328775526956 3.63578416779637 2.46640837891027 5.98100916855037
