# Using the following values to generate the workload:# num_procs = 50
# mean_io_bursts = 10
# mean_iat = 25
# min_CPU = 2
# max_CPU = 10
# min_IO = 1.3
# max_IO = 2.5
14.1463 8.07132303155959 1.60027134679258 4.54436814039946 1.81516491426155 8.24792248383164 1.62381263207644 4.24653261899948 1.79727082727477 5.63368643447757 1.34736087238416 9.41474118083715 2.36031152093783 7.920718325302 1.61912120403722 8.94558484107256 1.91126373782754 2.87210998870432 2.35507321031764 9.41613789275289 2.18684940189123 9.76096808165312 1.58248437969014 4.442836785689 1.60727834627032 4.34661585092545
50.3337 7.39365312829614 1.94711610656232 5.76017659157515 2.21812125975266 9.08321492187679 2.45694224890322 8.78990382514894 2.18353731799871 2.1917134206742 1.92449630256742 4.7649674359709 1.72710841977969 5.34408910758793 1.52335716066882 5.93370564840734 2.28034317856655 6.36817471683025 2.33726833835244 6.3648094329983 1.66963854134083 4.27547840215266 2.14890866801143 9.18214529752731
82.2861 2.31531986966729 2.31358139179647 6.96455650404096 1.60621214667335 3.2290232218802 1.4697913620621 5.70626924373209 2.08523020045832 6.08326889574528 2.39688506107777 2.63098814152181 1.98554327804595 9.99132897518575
132.911 7.42028964310884 1.31291626133025 8.49807295389473 1.3883313591592 8.25472902879119 1.45457976516336 2.64738466404378 2.43258397839963 6.60086286440492 1.83833667971194 8.352952118963 1.66751127829775 6.30167850293219 2.09386061448604 6.9959083609283 1.84156674472615 6.75181403011084 1.89699715077877 2.13682460784912 2.02508736830205 9.00069833174348 2.22817027149722 2.29698072746396 1.84717746246606 4.11202577129006 1.79232294233516 9.27254048734903
145.394 7.19027683883905 2.07682079318911 3.51930973492563 1.99926340579987 9.40820660255849 1.45690318373963 7.11137100309134 1.75863830475137 3.47930538468063 1.59770283577964 2.85838669352233 1.62329539712518 7.55185086838901 1.9049615893513 6.6997934486717 1.62692536497489 9.83241346664727 1.36972540887073 6.01404908485711 1.50361438430846 5.73095065355301 2.45662983413786 6.94388399831951
168.653 4.06223459541798 1.80971375722438 8.65155573561788 1.39672487461939 5.22838632948697 1.73500314410776 4.78459628671408 2.02519074818119 2.59938751533628 2.41437557898462 9.85730439051986 2.04995923181996 5.53955744020641 1.48588130474091 8.98812508583069 2.25575946364552 6.35669531114399 2.23778288951144 6.085274618119 2.07706241831183 3.5760561209172 1.50179558200762 6.79220415838063 1.73037472227588 3.85388708114624 1.65696704443544 5.36357117816806
195.513 7.48942473344505 1.59416510323063 9.23876387998462 2.18887255694717 5.48731238022447 1.72200776711106 8.88593063876033 1.53763551339507 5.80514598079026 2.11417352063581 4.54112242721021 2.35033692345023 9.90349867939949 2.16056345738471 5.45763168483973 1.3562873961404 3.86542523279786 1.93139927312732 5.50987962447107 1.41916509633884 3.31339118443429 2.13621297730133 4.84477884508669 2.11313512716442 7.73125406354666 2.27307758675888 6.66821787133813 1.96717470884323 9.62236626259983 1.32616926394403 7.35383188910782
210.007 3.90673635341227 2.11150469500571 3.27444966137409 1.35398191986606 2.80983809381723 1.96826662607491 3.16784064657986 1.70953041100875 8.38861148804426 2.32213087072596 7.93986682035029 2.28559657549486 7.65126595087349 1.46810159245506 6.82499463483691 1.89521546522155 9.23057562671602 2.10912707317621 4.05924366973341 2.304589341674 3.34055680781603 1.63919045440853 5.4129533059895
279.96 6.40795899368823 1.31121805366129 7.67559364251792 1.3776374803856 8.16946402564645 2.36171953817829 8.7925917301327 1.9692777174525 7.7582411300391 2.11301770256832 5.43492418527603 1.30160848693922 7.62711011990905 1.78661084910855 2.46067168749869
296.413 7.42775236070156 2.20684344200417 6.36223575659096 2.36109919436276 8.88289324566722 1.44584884960204 4.04236293397844 1.41035758024082 2.03701703622937 1.39678974412382 5.67483702301979 1.9554606275633 7.84713929332793 1.61791990911588 4.67589881084859 1.35578872850165 3.01716431416571 2.46142221018672 5.16121762990952 1.5590384603478 8.17087634466588 2.35148167377338 6.39536623470485 2.3674809480086 5.17938075214624
307.318 4.10301507264376 2.29381861900911 7.03127163276076 1.74630754059181 4.74344490468502 1.62455950994045 8.31230699084699 2.14674728950486 9.63725490681827 1.90613066060469 5.03800350427628 1.53493730779737 5.78205315768719 2.2581489126198 4.92756204679608 1.40629532188177 7.77539292164147 1.80269887289032 4.94854239933193
307.877 5.83407045714557 1.59661443112418 9.61740895174444 1.84954738942906 6.89278867468238 1.82316505052149 5.69694255106151 1.3576363989152 4.23296225070953 1.86082134284079 4.52714261598885 2.20746945897117 4.99201657250524 2.36087612202391 9.1598517857492 1.82513559013605 8.19452398270369
310.888 3.30779237858951 2.20814931932837 5.72832727432251 1.55326011739671 2.25108969584107 2.13471747227013 3.03106689825654 1.39809893509373 3.10723462700844 1.30908972639591 8.09446595050395 1.60349670313299 2.13407818041742 2.49578107744455 5.47919878922403 1.32847715560347 3.95549031347036 1.84928348045796 9.7638525031507
377.852 2.3459757566452 1.61923361206427 3.54228946007788 2.4132614184171 5.26769327558577 1.70664509478956 2.53109032846987 1.41324868164957 2.61685281433165 2.06049518994987 8.60519896820188 1.69966623615473 7.54961801320314 1.97519314810634 4.05874186940491 2.40702886879444 9.60143910162151 2.0268551829271 3.18913489580154 1.53079405622557 2.72222966700792 1.58494085092098 6.18362091109157 1.44655544990674 2.19230318069458 1.80129949543625 4.10772966220975 1.72439986281097 5.86607190221548 2.16569461263716 6.41886712238193 1.60657530771568 2.13131796196103 1.52767411964014 8.46701679937541
379.898 2.26198334619403 2.22557064099237 9.38571324944496 2.31295014340431 4.70738773606718 2.15676549468189 6.77547256834805 1.93874103492126 4.95688193291426 1.86350944153965 5.34177468530834 1.45781921735033 4.55819974653423 1.50719321779907 2.41134086623788 1.706514465902 2.43461849913001 1.97386011341587 5.23236984014511 1.71185635142028 6.6231080815196 2.33065591109917 8.7445365358144 2.36984433820471 3.25401758216321 2.05276860715821 8.16299491748214
403.475 3.7419704515487 1.75668370388448 9.15129378810525 1.82626234758645 4.35382903181016 1.82328000832349 3.45426107570529 2.27909753639251 9.12932379730046 1.36358855431899 8.26574790105224 1.59980717459694 2.04925964213908 2.27194784814492 5.83243105560541 1.50517197633162 3.53380851261318 2.15361752901226 6.16225329600275 1.54494027439505 5.33362384140491
409.922 6.47281074337661 1.88263578899205 6.02097980119288 1.73299849741161 3.03301522321999 1.46789625454694 3.37810708023608 2.30687198704109 9.9934787210077 2.45065950844437 8.39116825163364 2.14500475917011 6.43751810491085 2.43963549779728 5.9472899902612 2.3519936750643 6.4941648542881 2.49175243973732 9.57012611441314
425.933 5.66625456884503 1.79116897275671 2.91993132419884 1.70387037079781 5.75783389993012 2.16586647853255 5.85415471158922 1.50875934064388 4.55525318160653 2.01609286256135 3.07259853370488 2.36426336616278 7.77498060837388 1.8594485335052 4.42850781045854 1.45357248866931 2.58961327560246
463.309 8.38902162946761 2.32434161612764 3.50798133201897 1.58383117243648 8.69732198491693 2.12541400510818 5.18934472464025 1.92057914696634 8.03145246766508 2.18790440214798 9.22905201464891
508.92 4.1610311511904 1.719207516592 3.47587153315544 2.46226005069911 2.53337897360325 2.17228368287906 5.84277547337115 1.49797377837822 3.78181974962354 1.53855369500816 3.18877937272191 2.08323715627193 5.87039547972381 1.80455116536468 2.85438842512667 1.93750152802095 6.05087625235319 2.23982633966953 8.42984063923359 1.34456781437621 9.29682861641049 1.88139111213386 7.45951555110514
576.044 3.95957865938544 2.40775253549218 3.94481869228184 2.31793363746256 3.70748221874237 1.93938125474378 5.53714810498059 1.64986005304381 7.06586707569659 1.68985913814977 4.68211560882628 2.45293865939602 3.70492385327816 1.32287297602743 3.6510761231184 1.81282343463972 4.0446315202862 2.07674649264663 4.47935313545167 1.96387727512047 4.0507476311177 2.35624988088384 3.54312521405518 1.57665323857218 5.95933525450528
587.925 4.71154130995274 1.9809884169139 2.95082893781364 2.09359815139323 4.46357516013086 1.3808565704152 8.25872442498803 1.49411017028615 2.60054480656981 1.78546637399122 6.80124330706894 1.76558815222234 5.2201289255172 1.479478920158 5.14097977802157 2.29298859853297 8.18835606984794 1.98086596820503 4.5328422691673 2.08466047495604 5.00494241155684 2.27261730935425 8.08495511114597
618.679 5.69331925921142 1.6007824218832 2.59307553432882 2.0232048724778 6.90565591678023 1.91807515090331 8.98909512907267 1.75882016886026 7.15366928093135 1.62406297856942 8.29446873255074 2.44044389743358 9.16451863013208 1.73423768663779 8.02003828808665 2.06897980663925 9.38663342222571
625.777 7.37294441275299 1.48357010446489 4.02528406865895 2.06566178472713 9.14354688301682 1.44342524353415 4.52662599086761 1.7470013635233 4.54080444760621 1.36980557171628 2.527478704229 2.0479923883453 9.28237552754581 2.23619544086978 9.98246669769287 1.6929027415812 2.33436296693981 1.62477970365435 2.24259191378951 2.26018674243242 8.23798926919699 1.70077040297911 7.33488506637514 1.91659500822425 7.7457303032279 1.70752912769094 9.84344329126179 2.05834054294974 3.19263347424567
625.974 3.43631157465279 2.21645947480574 8.9551797285676 1.96238520946354 3.36033125780523 1.36736999517307 4.74356562457979 1.88841108847409 9.61466734483838 2.08443484921008 4.65322721004486 2.05677779745311 7.30803258903325 1.83126710373908 8.88673752173781 2.26895124204457 5.69977875985205
645.727 9.73106853477657 1.50682201180607 5.70925537310541 1.95138959195465 7.72978665865958 2.19473500810564 9.14744574949145 2.3809758621268 3.64981051720679 1.5995695060119 3.62264181114733 1.70120093049482 5.1568419188261 2.06043026512489 4.08223826810718 1.42760041179135 6.2438531704247 2.03876638701186 3.77990792505443 1.51229701004922 8.07020511105657 2.00686901370063 6.73367702402174 1.82371430937201 5.34764729440212 1.75539886597544 9.9718997720629
646.021 3.58667331188917 1.82163257654756 3.29159233346581 1.52143671046942 9.53762217052281 2.30265165492892 4.58491072058678 1.94502637963742 3.74302940443158 1.96635465752333 7.47915172763169 2.22535484638065 6.06409001909196
655.622 2.9814444500953 2.18549742717296 5.7362076099962 1.75669719232246 5.22261646948755 2.09112680424005 4.05686269327998 2.30974824465811 7.48941410891712
660.085 2.05229679122567 1.51324580013752 4.58368856646121 1.3069852232933 3.58259399235249 2.22902171025053 6.12033041380346 2.46865596668795 6.0198665894568 2.15014725765213 8.57371350377798 1.95403734715655 8.00082938559353 1.41461870064959 2.00658368319273 2.26167191704735 5.77626210451126 1.49432814782485 8.60225071944296 1.51801647907123 2.07646608538926 1.40607652151957 9.46603573858738 2.41476314840838 8.67500840499997 2.34031100161374 7.39085542410612 1.32869254061952 4.26514836028218
681.044 3.79993415996432 2.39905368629843 5.72010958753526 1.44163013380021 5.78954529762268 2.20964063983411 9.3804894220084 1.5600014985539 4.40898439474404 2.36809822404757 4.68752803467214 2.28727259235457 8.37390571832657 1.96297291694209 5.05825055390596
681.536 3.08930390886962 1.97022814620286 7.33197192661464 2.32436062796041 9.15957247279584 1.41239818809554 3.24455351196229 1.88259762814268 4.85908028110862 1.88058693306521 9.23579147085547 1.38610889222473 7.44024639390409 2.4762826978229 4.45599544979632 2.46650452939793 7.63876407407224 2.22193807642907 5.38259358331561
691.574 2.56475333310664 1.40535553786904 4.93295754678547 1.67952946228907 7.85035787895322 1.47330584852025 9.26398644782603 2.36928236093372 5.17361659184098 1.46583838667721 3.21850123442709 1.94458209685981 8.53749695234001 2.28354071844369 3.27606479637325 1.76036997437477 2.18156286142766 1.91706034326926 2.45460253208876
702.139 9.62584749609232 2.00656136767939 3.75323600135744 1.59896164564416 8.84621610492468 2.28507930114865 5.47125606797636 2.22871619518846 8.25160318985581 1.93378356192261 6.9038353972137 2.48716072198004 5.61629657261074 2.05899099651724 5.61476325243711 2.08279243735597 8.09833900071681 2.05715097319335 7.26000138185918 1.86762126684189 2.47273675724864 2.03386647505686 7.76210916042328 2.13974214298651 5.36319839954376 1.44694319730625 5.14859401807189 2.38988086842001 8.24024326354265 2.32992794895545 3.67597245424986 1.45771994292736 9.66490610688925
706.069 4.54356549680233 1.76318978685886 3.20433275029063 1.8322727298364 9.56399501301348 1.95577665129676 4.68126326613128 1.78096877969801 3.8482818454504 1.53232274409384 3.71149283088744 2.39989382149652 5.9458245895803
729.697 5.66713712178171 2.45940029034391 7.4422893114388 2.00957716554403 5.68252037465572 1.30453068912029 5.21402856521308 1.37409779010341 6.9505971185863 1.96691456222907 5.97381804510951 1.67184731280431 3.15775850228965 1.88166240639985 3.26877355203032 1.39959038551897 4.28362617455423 2.00347809856758 4.82895608432591 2.37427082573995 9.06348603777587
736.694 8.6633288320154 1.63761033127084 8.09914428368211 2.01285801958293 7.49104756303132 1.90722048571333 3.04805223084986 1.78502254802734 3.812799397856 2.36299486905336 4.89091949164867 2.12904618354514 8.68536718934774 2.26599510321394 8.90772955678403 2.16230864869431 3.42796448990703 2.3835326555185 4.57424917630851 2.48079823385924 7.44648546352983
838.408 4.55515524744987 2.31118208961561 4.04890298098326 1.60180906308815 4.64259245432913 2.21129850232974 6.11540416069329 1.55575656695291 8.72410255484283 1.43584067560732 2.5940063148737 2.34666607622057 4.41996047832072 2.2471416878514 3.24017262272537 1.80539223570377 3.77746035717428 1.32602243814617 6.78291541337967
855.723 6.6705954503268 1.79666905188933 4.96884439326823 1.69588296050206 6.09363099187613 1.71632032031193 9.87548748217523 1.59358964059502 6.49884563498199 1.67968262843788 2.68508845567703 2.43550283312798 9.93161565624177 2.0314051498659 4.38068071007729 1.38907683948055 8.7843374684453 1.47635980052874 3.80897765047848
857.639 6.74880482815206 1.83943813331425 6.22933666408062 1.93056709710509 3.17385984584689 1.72919656308368 9.90470412001014 2.27342163845897 2.7222843002528 2.16410789657384 7.30187728069723 2.37664768788964 7.89113263972104 1.85576975252479 7.27700905501842 1.6393402739428 5.9768910240382 2.34282743139192 5.02985766716301 2.42317484533414 8.61668492667377 1.96662394236773 9.32543158717453
870.284 9.11796775646508 1.96459234142676 7.22175580076873 1.94147254740819 8.46924648247659 1.3021120945923 4.31985817477107 1.56003275606781 4.10793284140527 2.48574530547485 5.56812732294202 2.36060733059421 2.46804955974221 1.81190098384395 9.83673728257418 1.37643050756305 7.85446756333113 1.58062931029126 6.87391810491681 2.44779590610415 6.5256776176393 2.34849751256406 7.86972994916141 1.58810149561614 5.71589823625982
876.995 4.32377074658871 2.44296856941655 3.75639178045094 1.89631385775283 5.66205321438611 1.67018894711509 5.79024326987565 1.89449081756175 2.1883126553148 1.76626265542582 7.28776754811406 1.69223837126046 2.95851173624396 1.57327249208465 9.95582372695208 1.97956290133297 6.37060026265681 1.86607853509486 5.82910802029073 1.88859909987077 7.68916552141309
979.404 3.25213856995106 2.46736025046557 7.50323839485645 1.87290577683598 2.83652327395976 2.37435654858127 2.35477604903281 1.9770333125256 9.66449455171824 2.07730919383466 4.33657211065292 2.31648877561092 7.37227884866297 1.95025575263426 6.21080690436065 1.71584320925176 2.62184243835509 2.49013477768749 4.21182768791914 2.14175844360143 5.91135358996689 2.45033975895494 4.62088554911315
984.305 7.63054624572396 1.59982649991289 5.89261412806809 1.35107992114499 6.49554629996419 2.28606052724645 7.2981461789459 1.77190048890188 4.35294003598392 1.4901194489561 2.17376606725156
998.017 3.38932194001973 2.23193714739755 3.29523846134543 1.64648925755173 4.12619514577091 2.0905373653397 5.14859607256949 1.50142720183358 8.40789511054754 1.31358142234385 3.21374729648232 2.06714666737244 6.95102829113603 2.15225868392736 2.05823408998549 1.55637663332745 3.01324335485697 2.21940721860155 9.20867151394486 1.94039015788585 5.67333116196096 1.39482926167548 6.96863555163145
1004.08 8.62476192414761 1.55285356910899 8.40269292891026 2.43739944491535 6.80605711229146 2.10429390044883 2.84532934054732 2.1306056978181 7.64660980552435 1.91164453634992 5.18016735650599 1.7321133678779 3.86440887488425 1.95574974538758 9.82027044147253 1.32765669273213 8.85442047938704
1007.73 6.9375283755362 2.12128027230501 8.34814169630408 1.52062562024221 6.49819925054908 2.17543508652598 2.63996770232916 1.8486122565344 5.5851232316345 2.21464763199911 5.04415924660861
1021.89 4.11656677909195 2.07303622085601 2.83137325383723 1.67054810663685 4.55448226630688 1.88597409175709 8.37939502485096 2.10567483240739 4.55451183393598 1.33032812904567 8.96222835592926 1.46685270229355 5.60339446179569 2.35245485100895 4.7941413782537 1.930005716905 8.06570935249329
1034.28 6.64051092788577 1.89494735887274 4.08671842887998 1.83672716682777 7.71509064361453 1.98309524264187 9.6083543933928 1.64914188403636 9.33906017430127 2.02792969988659 4.05622205510736 2.16585914101452 5.81026289239526 1.80328996190801 6.03637549839914
1041.13 7.43469060584903 1.53039263486862 8.85327613726258 1.41493450673297 2.64474071934819 2.01951182242483 2.40715253353119 2.43342203376815 8.22722647339106 2.19343495452777 2.83155188336968 1.83980759838596 3.52275077439845 2.16747953807935 4.8229287173599
1041.81 7.21448471955955 2.00276537444442 6.26321472413838 1.94258792866021 6.0194350220263 1.46522803185508 5.17506756819785 2.06015118323266 5.90727382712066 2.4659761512652 7.35190189443529 2.49248230652884 3.72883054986596 2.05771484393626 3.02927881479263 1.57793371677399 3.85099681466818 2.40384833300486 3.63093560561538 1.3727952465415 5.00019950419664 1.98133352054283 4.54183445870876 1.95002705268562 9.04378028213978 1.97670612297952 9.69878211244941
