# Using the following values to generate the workload:# num_procs = 50
# mean_io_bursts = 10
# mean_iat = 25
# min_CPU = 2
# max_CPU = 10
# min_IO = 1.3
# max_IO = 2.5
3.89728 6.38318421132863 1.61340198116377 2.37915231287479 1.95612470032647 2.90978580154479 1.79359214855358 7.9996150135994 1.80650146044791 8.82409895211458 1.6098445081152 2.21378096938133 2.05795948319137 7.71658756397665 1.77273669941351 8.27563160657883 1.41103248856962 7.36571676842868 1.51573495296761 9.13756337016821 2.01421808199957 4.39075614511967 1.80312168067321 2.39019369706511 1.76230136156082 6.66777146607637 1.74863601177931 9.30147012881935 2.39052862077951 6.51879324764013 1.71783247990534 8.05745815858245
61.0148 9.9702330622822 1.84860585778952 6.440191116184 1.34463282916695 5.64356425963342 2.15044763013721 3.47485280036926 2.13280426990241 5.73577197082341 1.37657100977376 2.75352828390896 2.06844135234132 9.7337131164968 1.38609235528857 7.54120836406946 2.03590309172869 2.5115078035742 1.90244179619476 9.51561674289405
87.4632 7.91135703213513 2.17013509571552 3.574412452057 2.43596265371889 9.6965346429497 2.4310875591822 7.27999964356422 1.64097874462605 6.62976041063666 1.97386144669726 6.40136442892253 1.3668634686619 8.28246935270727 1.33875409280881 5.30330569110811 2.40542935440317 6.58032856881618
178.742 8.1952303070575 1.93416738603264 8.15432155877352 2.22062294743955 5.52243413589895 1.70569924814627 9.29127330891788 1.52825924856588 8.94046728126705 2.40093981148675 6.89709488861263 1.38479298455641 2.21330234222114 2.48391579082236 6.28704755753279 1.36694289110601 8.96393122896552 2.03106473311782 5.46064857207239
186.084 7.43059329129755 1.435709610302 8.97211966477334 1.8000388963148 5.62819333560765 2.048342913948 5.27198714949191 1.78751109987497 9.67575261555612 2.22778902901337 9.14534399472177 1.98740553855896 2.86795833334327 1.5513046355918 5.82988514751196 1.49270775914192 3.37041899375618 1.53500074762851 2.99414199404418 1.79453866574913 5.05469847843051 2.02461080597714 7.20905103906989 1.96644724877551 7.85047212429345 1.79026034567505 3.22995514236391 1.61650164918974 8.81039762310684
187.357 4.07816438376904 2.25629142615944 8.89003489166498 2.09461930831894 3.10692571103573 1.86210848074406 8.36190933920443 1.52555770669132 7.11674929410219 1.76230303598568 6.03818024881184 2.12682363307104 9.39293911121786 2.06887710932642 7.51173789612949 2.0062817979604 2.8527687061578 2.07053153887391 5.21749153546989
202.311 6.88711688667536 1.63789473706856 4.83893828094006 1.72832626979798 3.09901265799999 2.28356311880052 2.31193137168884 1.45015224497765 6.07150948606431 2.41865146439523 5.6690920535475 2.10521404398605 3.68863060697913 1.47690697815269 5.61966420151293
210.113 6.77801773324609 1.48290697103366 8.23173137195408 2.01444284105673 6.43506244756281 1.92808157196268 8.86948614753783 1.57343058260158 7.94898999854922 1.70678363535553 9.75474096275866 1.83222682327032 4.80522149801254 1.91718354998156 5.97788275033236
222.003 7.82659087143838 1.92166411755607 4.8154836203903 1.69457644084468 8.8702014554292 1.30694121522829 9.02218187041581 2.25556094245985 5.94274266622961 2.41798691693693 6.91187158226967 1.30080515388399 4.00315287336707 1.97868884373456 4.39140373654664 1.36780137261376 6.58152996748686 1.37378657227382 2.5027734041214 2.24545259438455 5.63141457922757 2.13931601401418 5.47394025884569
244.669 3.84730539657176 2.26120948297903 9.14916914701462 1.33572888178751 4.32740230485797 2.36979354834184 7.45616472698748 2.36481934925541 7.89215270243585 1.66099612331018 3.70635035075247 1.70683033233508 3.62712798081338 1.35698993457481 6.38808328099549 1.82034795209765 9.80368724279106 2.26999596105888 8.22514940798283 2.04939971575513 8.15669846907258 1.49218414528295 5.99951824173331
258.585 8.85452446527779 2.14032278563827 7.19681057520211 2.24919125819579 7.29898327402771 2.40433540567756 5.87605502456427 1.53643409218639 3.32210258953273 1.30973472641781 9.39248450100422 2.3103649915196 9.01691833510995 2.48192465044558 2.50595748052001 1.31311194133013 8.99024379253387 2.09293234301731 5.39925054833293 1.49380405759439 2.99471175856888 2.44648901512846 4.81286555342376
309.222 3.19620471820235 2.39629896599799 8.4132892023772 1.42560221636668 2.94897718541324 1.47678006412461 2.06936273165047 2.2354141684249 3.7945393435657 2.45689167752862 9.57960221357644 1.42919617276639 4.04091856628656 1.67306830631569 8.74246858805418 1.97605626927689 4.69386486522853 2.46420613974333 5.6845579687506 1.38932470241562 5.85959008708596 2.35725825456902 9.77476716414094 1.4116034601815 8.53413739055395 2.39777175495401 9.85046663507819 1.81088123004884 7.56815049611032 2.18879554569721 7.67076501436532
328.397 3.74940678663552 2.00018159691244 9.41751451790333 2.20495695471764 2.64654023200274 2.01914356490597 9.28143020533025 2.43762701498345 9.16732329316437 2.17325774999335 9.97257302701473 1.92873004516587 3.96924203634262
349.564 4.48746845126152 1.83524902686477 4.95463952980936 2.04717354457825 6.41138848848641 1.366934322007 3.01249959133565 2.1133198405616 4.02519618719816 1.7260946534574 5.41271109133959 1.48370549120009 9.16495266370475 1.62159045431763 9.58221849612892 2.16758684599772 3.02982372231781 1.84124049730599 7.45098917745054 1.54764924626797 5.47120905481279
368.661 4.63994359411299 2.45301474835724 8.84309322014451 1.95182546377182 8.81789976730943 2.19596165101975 3.23559761978686 1.58861519508064 4.00666963495314 2.11201130114496 5.67674487270415 2.34440692588687 8.41428460367024 1.98385327430442 4.38060336187482 1.8472413174808 9.33307133615017 2.37190525317565 5.4598046541214 1.86914095589891 6.0972960088402 1.97903280491009 2.47938156314194
382.372 6.53338808193803 1.45003738859668 7.87762544117868 1.67502939254045 6.35616071894765 1.73628311576322 3.46175293624401 2.10852910010144 7.52638585679233 2.03633438115939 6.63420996442437 1.71156419795007 7.3604916986078 2.46100360592827 5.63792292401195 1.60118383429945 2.33243962936103 1.60735958507285 5.45108216442168 1.53565746834502 8.15406665764749 1.52782908342779 7.85086236149073 1.83120413189754 7.5570320636034 2.42003860762343 2.02564071118832 2.10299820713699 5.93127767369151 1.65966356359422 3.92089446820319 2.0714004823938 9.29804806597531
408.275 2.98058114573359 1.90154186282307 2.55858696438372 2.16599239734933 8.925268413499 1.85340706333518 5.23205572552979 1.64322820743546 8.1581327021122 2.4690494325012 8.83597831241786 1.67182366298512 9.6754876114428 1.76409355215728 2.20557487756014 2.30040428452194 3.25649812072515 1.41387518756092 2.9601221177727 1.66917811362073 8.42919952981174
410.693 7.69129233248532 1.80501142768189 6.52849983237684 1.69837152101099 7.72289070673287 2.27596896560863 2.89248826727271 1.95337645085529 3.34651206620038 2.22104864893481 4.32111882418394 1.87305820034817 4.646360443905 2.35739571666345 5.02400242164731
458.454 4.15169400721788 1.40233702315018 4.50468391738832 1.46799131231382 7.69720249809325 2.20028668595478 7.64639824070036 2.21780359791592 9.08851801231503 1.32297970447689 5.51851120777428 1.65619583781809 4.21488175168633 2.35958392703906 6.51299997791648 2.41561711179093 6.84005620703101 1.65969640864059 9.27174965851009
474.905 4.41410668753088 2.01693043904379 4.98046137578785 2.33206531414762 6.76251133345068 2.40239438489079 4.69216795451939 1.66447555581108 9.75474886782467 1.33015835275874 8.07370257005095 1.66861454267055 6.54773936606944 1.36316421823576 7.56930632703006 2.44832332227379 8.04694693721831 1.54067451907322 4.17012009769678 2.40859840642661 5.72961157932878 1.94318758705631 2.64073359780014 1.7985394436866 8.61846818588674
479.376 9.52416907437146 1.75701088812202 3.09123492985964 2.22121137240902 4.47933715768158 1.64576859548688 6.45618424937129 2.15925712436438 4.22162155807018 1.82501738602296 8.33084989711642 2.38737171664834 6.46183351054788 1.38612572448328 6.38332930207253 2.39111912054941 6.0249311812222 1.7197310061194 3.96410365961492 1.4204260405153 4.42777693830431 2.31562350336462 5.95510808937252 2.349533763621 9.52530518732965 2.07229117415845 2.60656715743244 2.47223515389487 8.75548106618226 1.85218263631687 3.97168848663568 1.8285033935681 3.41844966635108
531.196 7.4477692078799 1.61853217836469 3.56619614735246 1.71636728998274 8.04623425379395 2.38087322795764 3.62982243299484 1.71086787106469 2.57374311424792 1.72703602779657 8.11857244931161 1.52413149233907 3.72022785246372 2.48154576830566 3.36079739779234 2.03285182751715 8.87879840284586 1.44020139370114 9.32963264361024
633.276 5.76613643579185 2.23869369421154 2.15120713412762 1.41820606021211 7.74072893708944 1.61272973548621 7.06661407835782 1.66976645924151 6.57671396248043 2.4500979365781 3.47088545560837 1.56574298460037 4.2018894571811 1.46648880867288 5.01169820316136 2.38112599123269 3.14048353768885 1.78052819278091 7.87203891389072 1.62084954101592 4.10251737385988 1.8050265237689 6.26580962911248 1.91831020656973 8.19215117022395
655.462 3.46612216159701 1.38163176849484 7.36521739885211 1.74898913409561 6.86092018894851 1.45799988955259 4.61514363065362 1.9454647433944 4.67360674217343 1.83620033571497 5.86296049691737 2.46232595257461 2.06468571908772 1.81136982319877 2.98051938973367 1.96472667455673 9.30671969987452 1.69706935798749 2.3600179515779 1.92254547970369 2.28796145506203 1.72197958910838 9.27048485912383
661.425 5.16113141737878 1.83094389727339 9.0164687614888 1.49335223389789 8.96897994913161 2.28981683300808 3.71718820556998 1.37209279695526 5.21517297625542 1.84058784991503 3.35445197485387 1.87066847784445 8.30899122171104 1.96194374524057 3.1010089982301
672.131 5.40767763368785 1.30622714273632 8.22582556679845 1.83576130839065 4.13004525564611 1.40615246659145 2.42328384891152 1.98457869673148 5.80193542130291 2.44355825614184 2.80084699578583 1.45139349894598 6.11900591105223 1.559331879206 2.45831475220621 1.7944551602006 6.25255606323481 2.01842827536166 7.45237441919744 2.15617709709331 3.78100644238293 1.63995074694976 9.6448823120445 1.78057817099616 4.06164772808552 1.4597974255681 2.37376333773136
697.32 6.40986352786422 1.59058183180168 3.85847169719636 1.80002732481807 3.63129388727248 2.04707190701738 6.86872224695981 1.37819908075035 7.16302237473428 1.34691882142797 8.19139856286347 1.48687577228993 7.43172548525035 1.70478431507945 7.083306517452 1.70923412386328 2.92020984552801
709.248 7.34957124106586 1.70866434779018 8.27323534525931 2.00900032464415 9.63408944755793 1.8945005601272 4.50319191068411 2.2179286508821 3.68248999118805 1.35047562448308 9.85830548591912 1.76989056803286 8.56026469171047 1.45042762095109 3.55190784670413 1.76872022887692 5.86435515992343 1.74115647189319 9.08632486872375 2.31392701258883 2.2191859818995 2.31440214412287 7.0257900133729
746.537 4.96111889742315 1.90988477086648 5.12764215841889 1.38044026140124 4.27848196774721 1.80228155441582 9.94499569199979 2.42525636190549 4.38306230679154 1.6226426561363 9.85470327734947 1.35895675402135 9.29409452527761 1.8056177242659 8.32617026008666 1.82696554427966 9.59218110144138
759.878 6.22704709507525 1.63472452191636 3.27363707125187 1.74637023387477 5.24505131319165 1.90411445749924 3.24337430670857 2.15483586937189 4.38806387968361 1.43843201277778 3.26528353989124 1.87632198212668 6.08858248032629 2.25913984775543 3.65579463355243 1.63458689246327 5.42525676451623 1.64383919173852 3.99229750595987 1.60763007216156 4.47536169923842 1.81406031548977 5.49261553771794 2.0123817791231 8.32470900937915
767.422 4.17381941527128 2.38232425441965 5.66473580896854 1.81275979308411 6.32049823179841 1.34992167288437 7.79091282747686 1.93044414659962 8.75440761819482
777.251 3.36377701535821 2.03111244319007 8.34580738842487 1.68912163320929 2.11591660231352 1.99865783145651 5.40295994281769 2.18879239074886 5.19288564287126 2.13353543085977 5.87411259301007 1.4267080059275 8.85031429678202 1.98129060156643 6.35377340205014 1.45622627213597 9.27819065749645 1.71620568465441 8.88983445242047 1.55485184108838 3.92427459545434 2.01265813242644 6.0604817699641 1.72607476934791 4.75498420745134 2.06155733438209 5.98252359591424 2.31330658635125 2.02157277055085 2.26333462568 7.87215229310095 2.33402541130781 5.7535212226212 1.69381494745612 9.12141263112426
780.096 2.53871321864426 1.91930031413212 4.89962805993855 2.16159202111885 5.08091197535396 1.48079907298088 5.41858262009919 2.44438277389854 9.99715504795313
801.451 4.67908209562302 1.58323387242854 7.05308567732573 2.17121056234464 6.27402822114527 1.34254742115736 6.94940702617168 1.92383347759023 7.64283518865705 1.43917632438242 7.800761224702 2.11391874849796 6.25359106250107 2.23410023078322 4.7393847014755 2.44991396525875 2.36946568451822 2.42515894183889 7.54390386864543 1.31713846679777 4.01101139560342 2.04227123875171 4.34070526994765 2.21912254961208 3.56855373643339 1.64401988154277 4.41240688972175
811.364 8.83574345521629 1.733748076763 7.85352250188589 1.72932523563504 3.59290764294565 2.38320263400674 9.41761305555701 1.53007282363251 9.25396389514208 2.32805318040773 4.66606516577303 1.31022323518991 9.20941935107112 1.69472470777109 2.56314406730235 1.42537850476801 6.09622001834214 1.52756198039278 6.39281350746751 2.3154448104091 5.5916545689106 1.53960262201726 6.4175972957164 1.9721815828234 4.06385035812855 2.08970092348754 7.69698981754482 1.79575637215748 6.00026290491223 1.85963477436453 2.28737276233733 2.02250502994284 5.67382442764938 2.24693874744698 7.93228561989963 2.08500459343195 5.03308392874897 2.34316664310172 3.51148417964578
834.046 7.58224423602223 2.31709220167249 2.84340075775981 1.59370385073125 4.74435332231224 1.4422478063032 2.19271570257843 1.74457018915564 4.66254852898419 1.51727976705879 9.04398608207703
889.434 8.18070371821523 2.21683100936934 7.91900719702244 2.0167701642029 5.4411546587944 2.03264192286879 9.6558277644217 1.75543535239995 8.68412306904793 1.5666439187713 5.16403206065297 1.90209597395733 2.31719985231757 2.29026988912374 5.90599496290088 1.52843745676801 9.80989395454526 1.74697333611548 9.94688431732357 2.49660047944635 4.44981062598526 2.09385114321485 2.84916409850121
908.697 6.13145938888192 1.63296868698671 8.60896333120763 1.95432141823694 4.14187492802739 1.88419538820162 4.72562319971621 2.07228682255372 5.19089692085981 2.06983768884093 7.88961275853217 1.76404187912121 3.09452915377915 2.22087000207976 7.73356160707772 1.36997631611302 8.33946000039577 1.51346060372889 7.70166453719139 1.75780344009399 5.38529032282531 1.4156813474372 5.72013344056904
952.094 3.05267383903265 1.36101421117783 5.480204006657 2.012276282534 6.39400944299996 2.21437587896362 9.8281386513263 2.46537573402748 8.02256881631911 1.35927943997085 6.53505671955645 1.32148326849565 5.60193135216832 1.74363845903426 5.89317188598216 1.91908005643636 7.62470046058297
1005.39 4.10545255243778 1.45752038015053 3.93092662841082 1.83550122659653 9.81216304376721 1.99542063819245 2.52380871772766 1.78517039669678 4.84245982021093 1.41820986559615 7.92503302171826 1.48986421581358 4.44402278773487 2.07207321254536 3.47831176407635 1.47516769943759 6.73530834913254 2.04711821032688 6.73327901773155 1.60709916437045 5.52489597164094 1.80630114022642 8.95726028829813 1.69458108944818 5.25248864665627
1016.18 7.27713476866484 1.53826985806227 5.52728700637817 2.23678287900984 5.77610054798424 1.85284761488438 2.37704465910792 1.58230855166912 3.02159282565117 1.96291891150177 9.57146649621427 2.14883405454457 8.71934121102095 1.38742180224508 8.82541840337217 2.20134117547423 5.25383082777262
1036.17 2.87190399132669 1.85676834844053 2.0483168605715 1.56005502007902 3.71680633723736 2.34278043489903 4.32158590294421 2.04029191127047 2.09299488738179 1.93564974293113 9.73472928628325 1.79499498857185 6.88632693700492 2.22750157024711 8.18793659470975 1.3863738249056 8.4446211066097 1.99263835037127 2.45772216655314 1.50595650793985 2.38222743943334 2.03495066305622 7.45706371031702 1.84675325239077 3.85707605443895 1.76337666418403 2.57496379315853
1046.31 9.79111813381314 1.69211169779301 3.36244904436171 1.72771679982543 3.30699140205979 2.31755206836388 4.75958537869155 2.04893284123391 5.71271534822881 1.5856123894453 2.61171511188149 2.46288757836446 6.80840251222253 1.70010764086619 4.99176960997283
1065.56 6.15943858772516 1.61038588127121 5.76522133126855 1.84797297073528 6.69942715577781 2.29743121787906 9.53350533358753 2.47879007263109 7.59639859013259 1.83087661210448 3.06214168854058 1.42911921096966 7.09638297744095 1.91850587483495 5.70545545592904 2.16805773992091 8.35512720420957 1.92934850025922 4.01113416627049 1.80301233539358 4.81114361993968 1.46836085058749 9.19312045909464 1.62623221091926 7.6908450499177 2.3555436742492 8.61714406684041 1.52767622768879 3.69956316798925 1.36743310252205 4.15325066074729 1.65529731065035 4.08206576853991 1.40222069071606 2.38589354418218
1085.82 2.3674745913595 1.60270860865712 5.29876165278256 1.56108435997739 2.83078084141016 1.84246896076947 4.48302834667265 1.67215906037018 2.59324205480516 1.33656254252419 9.59205020032823 1.49656877247617 4.68569291755557 1.454170675762 6.49320372752845 1.69079663781449 8.23122764378786 1.82769229188561 5.61076867952943 1.96479634996504 3.29358171671629 2.19170809248462 3.18141479417682 1.5991253095679 7.8422933742404 2.49127398701385 6.01212167553604
1103.45 5.33487325720489 1.54273369507864 3.28738570213318 1.59064063532278 4.26596161536872 1.495248956047 3.06265844404697 2.15016808891669 2.15599246323109 2.49327993905172 5.35693212039769 1.5218531225808 6.82976889796555 2.26393087012693 8.89346717111766 1.77169833723456 5.18327372334898 1.52913904665038 4.94906871579587 2.00656675891951 8.49211581423879
1121.76 6.94146027974784 1.78070096308365 7.64921658672392 2.49221172416583 8.31862585619092 1.78273169063032 5.50599613785744 2.24446995621547 7.9354533366859 1.88109301589429 8.11450647749007 1.76812140056863 7.91524508409202 1.91426046770066 4.59751117788255 1.58739298423752 5.24650398083031 1.60493251672015 2.97600895352662 2.06748631689698 4.70598730631173 2.46899701850489 6.43675640784204 2.3077165783383 3.33922835625708 2.16450623227283 2.01279042474926 1.49359901389107 2.83253973536193
1193.45 5.19353795237839 1.88909772923216 4.40219582617283 2.23824430936947 7.04202411137521 1.38502040905878 4.85991989634931 2.17506127515808 8.47417705319822 2.40831480026245 5.22825025208294 1.89372008228675 4.19341259822249 2.42150678597391 5.58431603014469 2.10917671248317 2.94108127243817
1198.61 7.70313430018723 2.46482698004693 9.22985883057117 2.10839176177979 6.35436092503369 1.38034909926355 8.24415801651776 1.9103633495979 4.91008586995304 1.38379483399913 4.7571035977453 2.35180625794455 6.75107211619616 2.00464889006689 2.09991101920605 2.20461595542729 7.30998503416777 2.00758549682796 3.0454592499882 1.81783730834723 7.47443570382893 2.27909288387746 9.04978369362652 1.45871134353802 5.73373632878065 1.81901336144656 8.41887681558728 2.36702980380505 6.00610237196088
1208.99 8.0618697013706 1.90793534470722 5.77743987739086 1.66852654721588 3.23052126169205 1.87006846237928 3.10633438453078 1.37394182188436 2.21976651251316 2.31399105424061 3.16115238517523 2.27963767154142 9.05409176275134
