# Using the following values to generate the workload:# num_procs = 50
# mean_io_bursts = 10
# mean_iat = 25
# min_CPU = 1
# max_CPU = 2
# min_IO = 0.3
# max_IO = 0.5
5.33938 1.12098978157155 0.42872333470732 1.83390862494707 0.425012800237164 1.04118358669803 0.499480859283358 1.94316186662763 0.470368124498054 1.31964398105629 0.369798186002299 1.77946153632365 0.414343878254294 1.30270694405772 0.4595832307823 1.38570478535257
33.7576 1.5573083946947 0.46118482304737 1.30543446983211 0.306925624329597 1.98237304575741 0.450595852499828 1.19053780427203 0.474691438581795 1.92212017509155 0.308881389722228 1.56098392722197 0.468948513967916 1.61397447157651 0.330353011237457 1.17621063650586 0.489182288665324 1.14564289967529 0.464569666981697 1.68112204712816
56.1412 1.9439547623042 0.316758718341589 1.86607332248241 0.391503098839894 1.8618689624127 0.324346054205671 1.77008025394753 0.308387311175466 1.52724753902294 0.357172930333763 1.13418456353247 0.446217589918524 1.55105947796255 0.490036620339379 1.43287689541467 0.397342356946319 1.16581463208422 0.422757352981716 1.68661156250164
74.9129 1.37930477410555 0.440263614570722 1.82016053842381 0.399219036428258 1.49734794441611 0.487758064316586 1.83908640476875 0.424034112971276 1.71817164891399 0.324380075186491 1.80178119428456 0.334452587598935 1.92069345898926 0.302538165496662 1.11798453633673 0.309876022255048 1.34376552049071 0.364025181205943 1.58369704638608
82.8513 1.53580848546699 0.328170202858746 1.14403385971673 0.433903910033405 1.655656484887 0.479130979767069 1.99435646901838 0.42305660136044 1.68597908900119 0.325781383924186 1.44607577822171 0.423074036184698 1.78318419819698 0.412547750398517 1.32056424045004 0.371304268063977 1.96785021922551 0.377309625223279 1.86600278969854 0.382282258290797 1.52133907866664 0.317429168708622 1.0361064998433
108.482 1.43736357497983 0.304406266240403 1.28974849777296 0.356966879870743 1.47559320181608 0.350436469167471 1.99218811490573 0.460801541944966 1.99295313446783 0.495015969220549 1.60349432635121 0.492066641850397 1.01821361039765 0.311339617846534 1.14120132895187 0.355665152939036 1.07277145353146
195.9 1.67253382923082 0.37160532088019 1.44178674393333 0.316009501321241 1.76809610147029 0.338015424460173 1.89220223599114 0.410969648929313 1.12478424911387 0.428863435843959 1.28858371404931 0.464539520209655 1.96640256419778
233.169 1.26475392770953 0.364165344694629 1.28633043123409 0.350099473493174 1.25772977690212 0.399625381967053 1.98283037450165 0.312419811356813 1.75829296838492 0.483841823181137 1.14074720744975 0.433915530052036 1.33107859059237 0.442151654371992 1.84571336302906 0.465263906400651 1.07316766050644
236.176 1.4391452644486 0.395185926603153 1.94555775891058 0.416782711120322 1.66994080320001 0.429334226483479 1.05338011891581 0.354270865255967 1.3930972290691
260.732 1.64760843524709 0.355426895758137 1.26915609044954 0.429310432914644 1.30010417476296 0.481376763386652 1.39689112035558 0.409030399518088 1.97644765744917 0.410952089028433 1.13459767331369 0.342234772676602 1.73101340630092 0.373082590382546 1.52296883938834 0.492362308269367 1.72528372029774 0.465226353146136 1.28418394806795
289.078 1.58938135160133 0.30002446169965 1.75244918768294 0.379616783047095 1.68440090678632 0.399192254524678 1.85904400004074 0.415479464363307 1.64735917281359 0.37609460875392 1.26879788842052 0.318374674580991 1.58962678327225 0.378561842627823 1.27586392988451 0.488433050597087 1.90741302678362 0.389755857689306 1.67795659182593 0.351914948411286 1.52849736646749 0.329397150175646 1.1590261165984 0.441143648000434 1.93459133803844 0.349643212882802 1.48514451133087 0.451888076821342 1.79655886511318 0.417115011345595 1.42890797532164
297.101 1.06702030706219 0.402387840906158 1.10589118488133 0.421826250618324 1.1228950007353 0.428262186329812 1.95842855260707 0.352977115334943 1.30346973799169 0.427114498522133 1.09410473820753 0.432441092049703 1.86797900823876 0.30355299427174 1.73376252804883 0.367610413767397 1.32821366097778 0.369973325356841 1.1936920825392 0.378735955292359 1.9361148418393 0.372509612515569 1.0243958265055 0.433963468810543 1.87747683818452 0.368540598032996 1.59139349753968 0.362418782152235 1.04698871029541 0.448379782168195 1.26692278753035 0.442092304723337 1.96547971619293
473.856 1.78000966529362 0.373100326769054 1.41235404112376 0.430386898294091 1.41358010214753 0.47019257331267 1.74934826884419 0.455139536736533 1.17717244313098
537.763 1.61586531065404 0.429015196627006 1.31743978639133 0.34915062347427 1.808102367213 0.343674786342308 1.54058680869639 0.375781207764521 1.18405119748786
541.042 1.95298668206669 0.329953500302508 1.00413294043392 0.416202481510118 1.33135175495408 0.469179521175101 1.92146688466892 0.363883855799213 1.27698492817581 0.449688270967454 1.05513755837455 0.481208290392533 1.72748306114227 0.390338567551225 1.51209189975634 0.405751827545464 1.86538957664743 0.486253287736326 1.42478126171045 0.396501624211669 1.24364146846347
541.569 1.40446812496521 0.356803094502538 1.70525487279519 0.424626368889585 1.61346351588145 0.382765377359465 1.28009864967316 0.344870697613806 1.86066269339062 0.362153198197484 1.8616533849854 0.429000059189275 1.51997075555846 0.464814834622666 1.27315750787966 0.329270468372852 1.95194508437999 0.411587699502707 1.78618779056706
543.687 1.91540393279865 0.414717680169269 1.08404288557358 0.443172557046637 1.15808986965567 0.484017568826675 1.07157959975302 0.403526447666809 1.23314317851327 0.462995028682053 1.91340615553781 0.424700379231945 1.06327139516361 0.357176588475704 1.64851332711987
566.641 1.92160784523003 0.464939077338204 1.46002796990797 0.459741653967649 1.06158797745593 0.304086904320866 1.17542943055741 0.435706469789147 1.65848145214841 0.323537773732096 1.84458397701383 0.310985867679119 1.8613215838559 0.419797643367201 1.71198882651515 0.459469690779224 1.11505857412703 0.427266154997051 1.70754046319053 0.316205551894382 1.0512841285672 0.488135182065889 1.09896835172549 0.470229045301676 1.78246691753156 0.431426153331995 1.80710888560861 0.340383922308683 1.56555108609609
584.791 1.94669239711948 0.384132220409811 1.05826635449193 0.322446877602488 1.65177991357632 0.402506402507424 1.96568753314205 0.481591789796948 1.14428625628352 0.398209409043193 1.84545528981835 0.453696160204709 1.28283028397709 0.395083380118012 1.08227551192977 0.389323223242536 1.49102723761462
596.364 1.13482512440532 0.472956081153825 1.46557585150003 0.459158019442111 1.93601743201725 0.315392006095499 1.2276074977126 0.394439446460456 1.91724991658702 0.34415609720163 1.15254788589664 0.34008061112836 1.59021530253813 0.436316814366728 1.52008080342785
605.173 1.76756872981787 0.318931535445154 1.37544595822692 0.403196997242048 1.05512015311979 0.485734336776659 1.6624711737968 0.478576298523694 1.934669154929 0.420906333765015 1.93097449070774 0.431559391552582 1.63654373120517 0.394819470308721 1.06781121506356 0.307761153206229 1.27917991229333 0.462598701380193 1.92228835262358 0.402288493094966 1.09826067183167 0.428258781181648 1.01744935032912 0.415252184169367 1.51843471825123 0.472706939373165 1.20080873020925
622.967 1.90705572557636 0.479596796771511 1.4037170202937 0.44772048057057 1.11075349966995 0.303858691686764 1.92927787755616 0.488699423288926 1.30350756063126 0.351416403241456 1.39282064302824 0.341634101560339 1.60690671042539 0.36779641341418 1.04312958032824 0.373364992858842 1.7576147057116 0.433687479747459 1.53891682554968 0.474223485030234 1.9458940778859 0.498052713135257 1.47196864779107 0.31469134837389 1.82870285073295
639.644 1.13120164279826 0.473732380475849 1.72390905045904 0.494668948324397 1.16238133446313 0.371136769559234 1.87164086615667 0.456942888628691 1.78264564368874 0.484063216485083 1.60817404650152
686.804 1.37546347081661 0.411245028628036 1.18931992538273 0.448101487755775 1.14013865683228 0.496920979209244 1.59526850166731 0.339910173136741 1.88205693475902 0.415584004530683 1.58790029515512 0.423400626936927 1.34918677178212 0.382421230524778 1.53205116791651
704.688 1.22351937717758 0.431305172247812 1.30431771557778 0.344446128373966 1.86730381380767 0.473081749491394 1.89106156839989 0.320993698900566 1.07016161689535 0.46678870562464 1.00839547393844 0.359983666194603 1.18944838736206 0.316113526560366 1.95825768564828 0.3984116085805 1.76506144623272 0.333612935710698 1.01470550172962 0.339440414123237 1.67808514623903 0.409511803090572 1.16743154195137 0.484500106004998 1.40487395972013 0.421816856274381 1.49225954152644
781.634 1.55126508325338 0.312387346290052 1.68314121686853 0.373143213242292 1.65373721788637 0.421078808885068 1.18125192564912 0.362543763266876 1.85644703730941 0.356979847187176 1.95224020187743 0.498755678720772 1.77901070588268 0.495608129119501 1.67997096758336 0.424572672136128 1.51203885837458 0.491123547730967 1.46494245971553 0.367060935311019 1.93620047345757 0.465850118780509 1.21440647635609 0.371461863443255 1.28739179391414 0.376486181979999 1.79794184118509 0.323649965738878 1.97876041382551 0.466740680905059 1.29029555385932 0.465214350773022 1.00482675386593
788.357 1.00623763957992 0.486624804791063 1.91492451541126 0.425009041046724 1.27372413850389 0.452868712041527 1.85589955653995 0.30999147198163 1.73842275957577 0.365709583181888 1.60721209552139 0.420628745993599 1.57725365040824 0.451578394370154 1.16965190903284 0.391885937657207 1.32741041155532
790.825 1.15393885527737 0.401470929710194 1.64583933539689 0.4189380439464 1.3761121686548 0.349890256207436 1.84281418146566 0.493917316384614 1.93994960817508 0.39649969516322 1.98960936139338 0.372903761593625 1.09355070604943 0.417423130245879 1.84334133588709 0.476386578893289 1.41707504354417 0.30057663298212 1.38734810939059 0.313668974814936 1.21303671528585 0.470756640424952 1.59717244887725
796.977 1.35872253426351 0.378766857367009 1.4526263368316 0.316761207720265 1.007516579004 0.437282000482082 1.7645183657296 0.431640972476453 1.18746774760075 0.427859970601276 1.52976373955607 0.458056619018316 1.06308544543572
802.142 1.40495076612569 0.303898370405659 1.79771007201634 0.495835835114121 1.931051221909 0.392311794077978 1.9022412232589 0.316298882337287 1.87906267261133 0.353456331277266 1.15811203070916 0.358004304906353 1.97133067250252 0.422512056631967 1.06876686029136 0.314334364654496 1.28750482201576 0.341697811661288 1.81587276398204 0.339961462887004 1.6021360240411 0.378726531146094 1.97627222072333 0.315308046899736 1.01575395930558 0.367179571371526 1.94868348166347 0.350222062552348 1.16745532513596
813.885 1.6628868537955 0.331667351350188 1.31855071801692 0.489674773672596 1.97392115206458 0.334421657305211 1.85936033772305 0.453696132311597 1.79858245351352 0.475998152513057 1.70941271143965 0.446206868067384 1.17150509380735 0.389182559773326 1.81127362232655 0.365406657056883 1.96904600667767 0.467918457789347 1.00315853231587 0.395208034198731 1.01845797686838 0.498838449455798 1.74746851692908 0.472733281133696 1.96041125338525 0.49205300626345 1.0626540472731 0.414019554853439 1.10648364922963 0.418283020611852 1.73044064361602 0.430046672886237 1.39399700774811
824.819 1.65123716532253 0.412170248385519 1.2527292217128 0.304987341491505 1.53371646022424 0.381019530119374 1.8989397441037 0.488284044899046 1.2779825758189 0.407510812208056 1.3324719381053 0.3028136363253 1.39444325282238 0.326792184449732 1.30542071629316 0.432614521076903 1.39173342706636 0.451320541137829 1.08273455640301 0.378785354504362 1.14127444499172 0.392544443486258 1.59506963170134 0.328363130614162 1.81694281380624 0.333164789015427 1.58345181494951
859.644 1.4187151286751 0.49595844745636 1.81234996160492 0.346167534403503 1.6235358833801 0.30855814977549 1.4381441520527 0.363607811229303 1.3704749844037 0.422521315980703 1.22727976785973 0.426329104090109 1.42845459701493
889.076 1.52121654408984 0.446027241740376 1.78002919978462 0.475003328872845 1.27239529113285 0.370735240587965 1.41459335200489 0.465918244887143 1.71856299461797 0.42291754540056 1.14388042408973 0.404326438950375 1.96770214941353 0.369307666970417 1.42737802024931 0.408488310454413 1.17492757318541 0.396351197687909 1.77709254832007 0.482795441290364 1.78489211155102 0.387461757101119 1.65999655751511 0.374149536434561 1.22309006005526 0.316595444548875 1.03743248339742 0.330011664703488 1.12437752936967 0.385161014366895 1.34498082264327
890.715 1.02224321779795 0.443237331556156 1.62695830618031 0.492167273024097 1.45176781807095 0.497067445097491 1.21504569519311 0.317893496202305 1.1632442988921 0.456256289547309 1.71376258181408 0.342031282559037 1.55416605854407 0.420840952312574 1.75509583810344 0.308302906621248 1.81965291569941 0.338944319263101 1.28316009463742
920.155 1.5602744279895 0.4176433253102 1.20084714936092 0.434327987814322 1.18967161304317 0.402655573282391 1.70331167685799 0.343651285255328 1.00485111935996 0.360690316744149 1.48166568693705 0.475351764075458 1.48892200249247 0.389645122503862 1.40468025812879 0.392423130199313 1.59370627696626 0.387796313734725 1.57339765690267 0.419572519278154 1.26482226792723
965.946 1.71745783998631 0.40940652792342 1.38300304207951 0.471649979474023 1.37369527108967 0.336893188674003 1.0996594557073 0.38147927140817 1.25685484521091 0.414107922045514 1.1577877975069 0.312003178382292 1.94491222617216 0.444610666157678 1.16858545248397 0.42043706565164 1.49586968240328 0.492476553050801 1.83975890930742 0.419181106798351 1.87737646372989
994.458 1.17037778394297 0.37581701730378 1.55745659884997 0.32251000450924 1.92193947103806 0.456146393110976 1.49409522139467 0.377043945156038 1.02710897428915 0.314356118580326 1.01139905652963 0.312720549991354 1.70171849918552 0.336696552485228 1.9814062139485 0.40483884694986 1.51180419512093 0.458687004586682 1.58310459088534 0.469509744923562 1.26100938161835
997.878 1.04754590126686 0.461560055986047 1.45086874580011 0.435716157220304 1.80199877498671 0.300162109266967 1.72889369912446 0.445627359393984 1.61095908656716 0.378246675012633 1.09417816880159 0.483907443238422 1.85140743176453 0.301860204944387 1.56573204719462 0.326898039318621 1.05598112917505 0.494321113219485 1.38928923220374 0.488893372099847 1.08653517183848
1010.3 1.068000536412 0.356246037222445 1.21209049830213 0.487168762972578 1.05593933956698 0.491181617416441 1.04893308505416 0.461300414940342 1.47961499355733 0.413701895112172 1.685023621656 0.450221331091598 1.16716491663828 0.497785789566115 1.78856448526494 0.345282157510519 1.35655431565829 0.474717402877286 1.16734920721501 0.363398672267795 1.57364357635379
1019.98 1.35961948684417 0.42688618437387 1.9131505319383 0.376328087598085 1.0638548375573 0.449094197945669 1.84246239345521 0.432798233674839 1.46348485257477 0.4626158492174 1.62391822878271 0.376352321449667 1.77871303679422 0.423184928996488 1.41754714772105 0.357871038326994 1.05958330305293 0.346571493381634 1.95286762085743
1074.6 1.1305861605797 0.324040587432682 1.28052111389115 0.463640604866669 1.61254374100827 0.317193537484854 1.47988706640899 0.386814187746495 1.42916680197231 0.361321601411328 1.63034522370435 0.31536505962722 1.90051077282988 0.400522293755785 1.64505559555255 0.414606998115778 1.72711443109438 0.421475859032944 1.53836270514876
1113.92 1.1759328909684 0.378598043415695 1.91311581199989 0.428516495926306 1.32654907600954 0.456040565762669 1.84498926927336 0.304390412615612 1.51098074065521 0.48956694919616 1.47884262562729 0.369960805447772 1.51473438297398 0.499803897598758 1.48489101044834 0.47818650319241 1.8000613253098 0.431991619477049 1.28132518520579 0.476890442473814 1.4189654677175
1149.11 1.90342366672121 0.405375326564536 1.71335058729164 0.351107999496162 1.62375598214567 0.468787037907168 1.68756571807899 0.487714707711712 1.74599358346313 0.43432170720771 1.51621995074674 0.424677713168785 1.04432476195507
1173.4 1.69711349532008 0.307090632477775 1.58513830066659 0.34876770391129 1.80811833869666 0.327235419396311 1.54452230152674 0.420856458088383 1.32754053431563 0.468516345508397 1.12769661401398 0.427737937029451 1.03490170580335 0.362639883719385 1.86566836689599 0.321496282704175 1.30043942364864 0.462953943479806 1.13907841756009 0.432827683584765 1.4822470259387 0.336022993596271 1.26205106219277
1180.85 1.36222917051055 0.349099486926571 1.3397709580604 0.486307285167277 1.19603560771793 0.307788189640269 1.4145100126043 0.323014348372817 1.78967240685597 0.385439336672425 1.06794780446216 0.4453516589012 1.87731816689484 0.323290311684832 1.83607187098823 0.32232193867676 1.99135241401382 0.470330500928685 1.32046709069982 0.390351219754666 1.49486976279877
1196.97 1.17984061781317 0.321349549805745 1.1436107470654 0.449899048125371 1.66751661128365 0.420435846503824 1.80546768056229 0.340175770036876 1.56314391037449 0.319319397164509 1.90783223789185 0.319698006147519 1.56026808731258 0.322742403671145 1.74077194998972 0.389821602869779 1.35655936459079 0.34879455412738 1.92709974455647 0.452102259034291 1.59956357837655 0.386374103836715 1.16707469383255 0.351364866271615 1.90445044031367 0.443987607769668 1.2344130591955
1303.11 1.77451066602953 0.346839919593185 1.64041195739992 0.446277562109753 1.33869072399102 0.403460054378957 1.93816350959241 0.331167329428717 1.54072495317087 0.32208009660244 1.80758867016993 0.404231102997437 1.3819104381837 0.408068264741451 1.94602938811295 0.477211777307093 1.96391288843006 0.434181250119582 1.13293896615505
1316.98 1.05367252696306 0.475965874129906 1.60452792514116 0.467575391335413 1.20518267224543 0.443168115476146 1.12480889772996 0.334355147276074 1.30874526570551 0.424792407965288 1.39665395882912 0.408061723457649 1.89806734840386 0.394551410339773 1.11580811045133 0.418281007371843 1.46187779540196 0.424249929469079 1.57819557934999
1326.8 1.98113119718619 0.463335929717869 1.76971566514112 0.398355764755979 1.39800635236315 0.420753897447139 1.10177873354405 0.413138954434544 1.63142143725418 0.468829725403339 1.54818985541351 0.381934515014291 1.0090771834366 0.365542984660715 1.78635483421385 0.448520286427811 1.73143969057128 0.388753827707842 1.48872740380466 0.365566669264808 1.47734579863027 0.480124328704551 1.87635810021311 0.465814881678671 1.98996557691135 0.426069191563874 1.48502254439518 0.453189317137003 1.09958289144561 0.368770603183657 1.80026965867728
