# Using the following values to generate the workload:# num_procs = 50
# mean_io_bursts = 10
# mean_iat = 25
# min_CPU = 2
# max_CPU = 10
# min_IO = 1.3
# max_IO = 2.5
4.97974 3.17670506238937 2.46394884409383 4.62219617143273 2.43742587445304 6.32943538762629 2.12394127426669 9.01921028643847 2.3683521412313 3.00525874830782 2.07733191465959 4.09853129833937 2.05520781530067 7.16403765790164 1.61302952989936 4.28010043874383 2.36095885168761 2.41737022809684 2.43013665154576 3.66760005056858 2.37526803193614 7.66152714192867 1.96997175076976 7.43047578819096
17.2107 7.70432214066386 2.03690135460347 8.47859045863152 1.50042656939477 2.37871746718884 1.57533400412649 8.7807531747967 2.05595920067281 2.70015277341008 1.66967633366585 4.6547763813287 2.26764113744721 9.01392172835767 1.42242587571964 2.27863129973412
53.4535 9.55242344550788 1.36784730991349 7.71537248231471 1.34608309678733 9.44197137095034 2.2329688440077 7.46363622322679 1.64173050187528 9.06278106383979 1.55039234505966 2.21749550849199 1.59126679617912 7.40763138979673 1.50461902916431 5.78380145318806 1.85989735536277 8.73388566449285 1.66425621202216 5.1489330381155 2.4958178636618 4.97339489869773 1.6047381490469 4.26747661083937 2.48477124758065 6.28109630942345 2.18213244592771 4.16357617639005
56.7638 7.1453413721174 2.09274501027539 9.53696920536458 1.41357903899625 4.28196081891656 2.36753043113276 9.01386752910912 2.06692618364468 8.57320760004222 2.46993275796995 6.82928869873285 2.37532248105854 2.64437779784203 1.94214431811124 5.90501927398145 1.40174769628793 7.53869895450771 1.49944998826832 2.99331392161548 2.18004020834342 9.17720757052302 1.59078805735335 5.8516114577651
85.807 2.72370555065572 1.59606565507129 4.75499033555388 1.77413174482062 6.30529085546732 2.1794981087558 5.69879463128746 1.90234815329313 9.58191526867449 1.96289054574445 3.90566947311163 1.51444720933214 6.7769211679697 1.35438419505954 4.69099155254662 1.68674618871883 6.18254658207297 2.13813150161877 9.94643198885024 2.17616301486269 4.96224915608764 2.25813893089071 9.23105218075216 2.27112925471738 7.52760432288051 2.01401452831924 5.99336103349924 2.04673696197569 8.81502333283424
123.473 4.64732749015093 2.39151548705995 5.46052836254239 1.32772871730849 3.57407085597515 1.77269399641082 6.46999217197299 2.05023538451642 7.97551465965807 2.10327631812543 5.57896645367146 1.69252939177677 8.05505459010601 1.31928923884407 3.48258874006569 2.15187877696007 7.17178007774055 2.05537283681333 3.560730997473
210.768 7.6128897741437 2.27430962063372 8.41722190752625 2.14097958989441 5.85240171849728 1.58388518150896 3.95557597465813 1.9358301281929 2.73093495704234 2.06888653030619 2.36153772100806 1.42014758782461 9.56102458387613 1.85752562237903 7.52514936588705 1.99208743078634 4.32479951903224 1.6666291304864 4.11758328042924 1.78906322382391 4.84901404008269
219.983 2.68807893805206 1.48339290320873 4.07606965489686 2.13729167822748 2.75537903979421 2.26246704673395 9.81405264139175 2.194821195025 8.85607738792896 2.27912883330137 2.64449965022504 1.88363904189318 4.4696739371866 1.56654033381492 6.8726633284241 2.18170775836334 7.18052586168051 1.37697124537081 8.97518215700984 2.22139871297404 2.00301767140627 2.34174800878391 7.96527147479355 2.36601851293817 2.1557116098702
254.845 6.43954031914473 2.02937609115615 5.31365700997412 1.81455580471084 7.11713682860136 1.99058986520395 7.65242462232709 2.10798361925408 7.99622334726155 1.44650684939697 3.67783811502159 1.89001223398373 9.63826429843903 2.10749246235937 9.0361695997417
264.307 8.68558184802532 1.91722866082564 5.56703042797744 2.42869703983888 5.40615738742054 2.15855696192011 2.5969616882503 1.86340663526207 5.59623276442289 1.93037053169683 6.14216519519687 1.87238818481565 3.70203609392047 1.9036280984059 9.59996496513486 1.70260241236538 7.78704381547868 2.15295211458579 8.13372728414834 1.40322699239478 2.21169612184167 1.47521936409175 3.97893686778843
285.595 3.83093227446079 1.63006400186568 6.34427974931896 2.21878092251718 8.11367496289313 2.25228190142661 8.73060323111713 1.39205384310335 8.92920519225299 1.99699481772259 7.5247937310487 1.67608199976385 4.874771008268 2.31334955003113 8.9071782771498 2.03242915607989 6.16939198039472 1.39594632769004 8.50264386273921 1.32407900560647 4.38532958179712 2.42276046304032 9.08673469908535
304.762 7.4967735093087 2.09660904947668 5.99739480577409 2.16340201208368 9.15495212003589 1.60419934410602 2.08207872882485 2.04129493227229 9.18539147078991 1.98264745231718 3.37025916390121 1.42560085346922 3.63507821783423 1.81657010456547 7.43858898058534 1.92856922214851 2.85302489250898 2.1858608645387 9.56087750196457 2.32450699470937 8.53759086318314
310.696 2.48696350492537 2.3019402702339 4.81368326768279 1.32345430599526 9.8148096986115 2.14598885215819 3.98573625274003
332.51 9.86049998924136 2.13011412797496 2.53193056955934 2.0617503458634 2.95771255344152 2.2020387141034 2.90943707153201 1.37776161748916 9.81671648100019 2.41145897032693 8.91569456271827 1.6459970548749 7.55515260621905 2.24142041867599 9.21453213319182 1.73092084378004 6.72173232585192 1.86424579648301 4.98075143992901 1.64499434232712 8.34211095795035 1.56974936276674 8.62409559264779 2.16196412537247 8.73395135998726 1.67085299417377 4.90937584638596
342.356 7.72906972654164 2.25942827714607 4.77362844906747 1.55478835459799 4.13843194954097 2.28790826527402 6.31976303085685 1.36292373277247 8.01616119034588 1.54151244871318 6.82208497263491 1.68312024753541 4.11495019868016 1.89317056527361 9.79609547927976 2.20301356241107 8.9913827329874 2.30821730205789 5.493243759498 1.65721764601767 5.12782481499016 1.66756805647165 4.78568465262651 2.42354476079345 8.39509149640799 1.46776522668079 6.37989124841988
345.348 3.26867348514497 1.47841641614214 6.82057889178395 1.92135376669466 9.52580106630921
376.446 2.76193274185061 1.65093829995021 7.93570008128881 2.03936807075515 8.88194257952273 1.99638250237331 6.45992803014815 1.40013318778947 9.0563092790544 1.32420625854284 2.64355209283531
397.704 6.73703406378627 2.45237322570756 7.94042932242155 1.85314637525007 4.95728394389153 1.45235466435552 5.88671121001244 2.32858236851171 5.8920285012573 1.32497105803341 9.36130305752158 2.45938563207164 6.10975808091462 2.33529406543821 8.89653227292001 1.78515333533287 3.3415575325489 1.87306122956797 4.45476568676531 2.44167298395187 7.54098063334823 1.64028904810548 7.10222947224975 2.36515368437394 2.05094550549984 2.44573221476749 6.44007758051157
416.711 6.90247953310609 2.490743696969 6.5712185446173 2.37673449423164 5.76377227716148 1.45780348759145 9.59014870040119 2.06855712737888 6.19650991261005 1.34481571335346 5.67292165756226 1.9389446134679 2.1300425119698 2.32437354978174 9.46471795625985 2.23652926133946 2.33155681937933 2.30189299909398 4.54242359474301 1.61119310101494 6.5310778003186
447.856 3.1520770881325 2.30388292241842 2.60619320347905 1.64506422057748 4.2463985402137 2.48444114057347 9.26502085477114 1.82918379567564 3.27356493845582 1.37312313849106 2.31148132495582 1.42518226150423 5.78360221534967 1.56213508797809 9.80526944994926 1.71057310299948 2.32017943821847
475.937 4.53405938670039 1.38980280701071 5.50868030451238 1.53574781911448 8.64732401631773 1.96429511159658 4.84009181708097 2.06081031486392 6.54580686241388 2.38254134431481 7.88041718862951 1.49434540588409 4.2798470556736 1.40152851929888 4.09959441423416 2.22496251743287 5.29753854870796
499.159 6.92271590605378 1.36819791877642 4.93809610791504 1.32382944226265 2.55024537816644 2.39910792699084 4.67239854298532 2.09474432915449 2.45930154807866 1.69209936549887 4.92601238191128 1.36980201918632 6.31000957638025 2.26993802534416 6.38833455182612 1.36533330194652 6.40219006314874 2.44482896914706 4.32620703801513
503.553 7.13599795661867 1.47848187852651 7.62889317423105 1.94659143630415 4.87679096311331 2.08077283231542 7.68763913400471 2.3781194249168 5.21171590872109 1.86243334040046 5.83908552862704
512.912 8.98912308737636 2.28529053460807 7.88455970585346 2.36956431418657 7.67184314876795 2.4220113016665 5.76178624108434 1.64575736345723 8.37537940405309 1.93295222604647 3.84483608044684 1.63842417495325 2.80292207188904 1.53309088433161 7.34793971292675 1.41709826402366 2.34648979641497 1.80079899579287 4.49065904319286 2.06020956737921 5.89811679907143 1.94251489629969 6.84604258835316 2.12036935891956 4.09274534508586 1.50133833214641 2.13555072434247 2.27196348402649 2.33219823054969
561.104 4.42995876260102 2.45798621354625 8.37684259749949 2.07153415167704 4.86556848324835 1.53152480702847 2.18219398893416 2.38653373643756 8.4783839918673 2.07891039187089 2.621158413589 1.89239411214367 5.89762500487268 1.95979663105682 9.29809868335724 1.47017264785245 7.42029648832977 2.08396611781791 9.44225961156189 1.79451548838988 9.83922172710299 1.53225854570046 9.1992919575423
577.633 8.31850203685462 1.56260742023587 8.41394346021116 2.22139103543013 9.95983897335827 1.59888203879818 3.69440289400518 2.0720430242829 3.42696149274707 1.69209384322166 6.24529790692031 2.06836390467361 3.50429021567106 2.45394483422861 4.31601378880441 2.37804318228737 5.28268800489604 2.01998697072268 2.53849424980581 1.44526915829629 6.68693618103862 1.57106952173635 3.99752288870513
586.57 2.61322229169309 2.40978396991268 3.7812773194164 2.2930150764063 3.79424430429935 1.61311650862917 8.92270226404071 1.37698271824047 8.55491163395345 1.68285572780296 9.93311255984008 1.78972738264129 8.89959337003529 1.75812348825857 4.10053558833897 1.74976078048348 5.60893024131656
607.177 3.6716802213341 1.98157310383394 2.4413391686976 1.62691400134936 6.45538036338985 2.20427257232368 6.28458613157272 1.608219520282 9.19342869892716 2.4982844395563 9.23621553368866 1.58101959908381 3.24860293790698
618.269 7.69601231254637 2.37609083615243 5.9313928540796 2.09338619681075 7.92711022123694 1.99264873499051 5.83217406831682 1.30407915851101 4.52059588953853 2.00039320476353 5.23019135184586 2.13259912254289 6.79740529507399 2.42562514077872 5.58320245333016 1.72654847316444 3.07322203740478 1.59090980282053 8.83658709749579 2.46194163840264 5.8197068143636 2.34195671956986 8.07438019663095
634.283 2.78451924584806 2.2173176442273 4.72509887814522 1.78822136949748 9.41192559711635 2.44457894759253 5.13741909340024 2.24159967014566 8.79606995917857 1.93372391881421 4.9396615754813 1.72683808496222 9.28448753803968 1.79974620668218 7.33364319615066 1.55481992140412 2.14544616080821 2.25135731324553 6.89727591350675 1.32935139732435 8.82308710366488 1.55813242271543 6.28100506961346 2.11076129674912 7.42386852391064
640.726 3.69840099103749 1.69768097735941 5.71451448276639 2.23705527354032 6.92624989897013 1.39525164868683 6.10784613527358 1.38743237322196 5.96934859640896 2.28608333580196 8.00110740959644 1.48480691295117 9.0245146099478 1.79427117770538 9.24487205967307 1.79052212871611 4.5551910828799 1.80796987880021 9.54597764275968
644.113 5.88145152293146 2.24560390980914 7.95746092125773 2.11349915321916 5.07529790513217 1.50652741920203 2.97845255769789 2.03152234982699 5.47185310348868 1.76580522563308 8.44513403438032 1.85776572981849 6.74804098345339 1.66932681528851 6.4367799051106 2.16531894691288 6.05871849320829 2.1906478703022 3.35085587203503 1.97849810039625 3.72244363836944
650.826 6.11042272299528 2.36746528362855 7.56138659268618 2.36401119856164 4.62369776517153 2.13687311084941 6.54239550977945 1.82169990586117 7.16519586741924 1.73082361733541 5.30933894775808 1.9754493043758 7.99464552663267 1.97270766012371 4.09607497416437 2.03630056912079 2.85568615421653 1.72239520521834 4.21082348003983 1.62166988123208 4.58261764235795
682.776 3.61167049966753 2.47923140134662 4.11665234528482 1.9349060610868 4.32333512790501 1.84028159333393 4.63842382282019 1.68117997357622 7.41878286935389
694.2 8.31919421069324 1.31897758347914 2.48178568854928 2.31392332874238 6.19227981194854 1.51609072368592 6.68192777968943 2.3267371092923 3.42016886919737 1.94461389500648 2.15787409991026 1.66370681375265 3.99353946186602 2.44715627999976 7.17239773087204 2.18462932016701 3.2513416800648 2.28011341970414 4.09979704581201 2.37839503977448 6.84289200045168 1.92949576275423 3.81790413707495 2.30882314797491 7.20647229813039 2.10088927671313 3.01806757040322 1.48970911037177 2.6694000903517 1.54978812523186 5.81483450159431
721.381 5.13887968100607 2.0494264408946 4.94268004968762 1.61052563274279 5.0680635496974 1.74538343409076 6.38724610954523 1.91102412324399 3.78376526385546 1.56938434485346 4.81124582700431 1.52411103043705 5.45480504631996
777.658 4.44007124938071 1.39494581595063 3.21281303092837 1.47954179784283 6.60503154061735 2.10146330185235 9.68340343795717 1.40808955626562 6.64048705622554 2.31339459018782 3.09667883440852 1.70231814682484 7.27869895659387 1.83352598501369 4.28688251785934 2.3376236801967 3.14351101405919
827.813 7.69873999804258 2.15581917306408 9.95586528070271 1.85331505490467 6.84045759215951 2.07194206845015 5.90464594401419 2.35683297859505 9.01001667045057 2.03435016339645 7.19402981176972 1.89041640823707 3.24481460824609 1.48472565654665 6.8444861099124 1.66056840876117 9.07634432241321
831.731 5.6347530502826 2.20551948128268 3.15920703299344 1.73694996461272 9.15963090024889 2.15141680473462 6.38144382275641 2.1360500046052 9.16128132306039 1.66798003595322 9.29296260513365 1.98989697434008 4.29564654640853 1.63108686562628 6.11748081259429 1.42610874846578 5.32165380567312 1.84474996887147 3.66950688511133 2.36730123078451 6.38691444322467 2.24906736416742 6.95877673476934
831.921 8.16623541340232 1.57194494055584 3.75375126861036 1.64914035769179 4.44581204466522 2.02306725112721 3.62218897230923 2.28985540177673 6.87702263705432 1.64333717860281 8.96859831735492 2.17218087213114 6.62257300317287 1.71438339743763 6.19911798834801 1.75804179068655 7.23697216622531 2.24138820813969 4.55153407156467 2.11401024144143 2.72410702891648 1.40097716888413 6.27918719872832 1.90924865566194 3.10827445238829
843.359 6.24539230018854 1.91948201255873 5.38731487467885 2.04509433805943 2.96436084061861 2.30273114638403 2.63032242655754 2.29785975720733 8.1118341088295 1.89880453022197 3.41908856295049 2.34687337633222 6.03741681575775 1.83652702374384 8.6514426227659 1.31121767954901 3.86404109746218
856.566 5.37796168029308 1.81534980563447 8.32659641467035 2.36598922489211 9.62284450791776 1.92939127646387 2.90391121059656 2.15769784674048 6.75025337189436 1.85326887452975 3.26120225712657 1.4601456397213 7.47717010974884 1.30638260217384 5.37046098150313
857.238 6.87651860900223 2.01227724477649 2.65348188392818 2.28400586713105 9.78055701963603 1.33675743881613 2.29269558191299 2.09241994358599 2.7728384193033 1.7180783085525 4.86932229623199
869.177 6.87705487012863 2.06502931537107 6.85853264667094 1.67694996176288 6.36636342294514 2.28841183967888 7.21306765079498 2.31613637134433 3.72663330286741 1.61027052309364 7.74042527191341 2.37624646909535 8.23075668700039 2.35987647920847 6.1298893019557 1.83093695314601 3.95454957336187 2.32145548826084 9.08324462734163 2.2275368893519 7.23370690271258
945.491 8.80017776042223 1.34097599033266 7.28396248072386 2.1714339017868 9.46234290860593 2.23053870648146 7.58672010712326 1.87570752995089 5.61217882856727 1.55389316789806 4.90599375031888 1.4247115441598 4.4153253082186 2.38461347566918 2.33456770144403 1.90524780480191 7.51954595372081 1.83995843660086 4.80216508544981 2.11641003172845 4.88621381297708 1.59719535065815 6.49531322158873
952.425 8.71492153778672 1.35612329104915 7.92544463649392 2.19572123959661 9.58714972436428 2.198827311676 2.48004960455 2.47891400242224 6.92045981623232 1.94864034503698 5.85610290616751 1.91292939661071 4.58873361349106 2.11601382279769 6.70856496505439 2.18129087518901 2.47983515448868 2.3815706112422 2.76902419887483 1.3746808716096 8.89255738630891
984 7.00678192637861 2.45092390580103 8.4748988058418 2.10240023937076 7.2197557091713 2.0110059584491 6.28463119082153 1.52077540066093 9.30483298562467 1.88401651000604 5.84711901657283 1.62591028576717 3.12419958412647 1.3605717914179 9.83741362206638 1.72323997309431 4.81672706268728
1031.58 4.76128572411835 2.09456056011841 8.62560181133449 1.30624293005094 2.46743433736265 1.77552858116105 7.12077662348747 2.49730222271755 8.46193525008857 2.25544729530811 3.14018804579973 1.58487141691148 5.19077511504292 1.60362536646426 5.96992519125342 2.37366567887366 8.86564809828997 2.33104104977101 2.94043428078294 1.84487641630694 5.09865543060005 1.95030636759475 7.30732273869216
1053.2 6.79234610684216 2.41726873563603 2.98225825838745 1.70042064515874 6.65993787720799 1.79393182881176 9.86216360889375 2.38298764433712 8.96102660149336 1.87290327204391 9.88454986177385 1.67795915687457 8.16152525506914 2.45803813440725 7.64581539109349 1.89714254019782 8.29530080221593 1.40642609577626 5.67779409140348 2.13694798722863 8.05639453791082 1.6630180163309 4.23108785226941
1077.29 7.14218899793923 1.71925195604563 5.09847653657198 2.37035251650959 6.0879051592201 2.42928603393957 2.31792277097702 2.23401852119714 8.74095482006669 1.97675195103511 2.1535527240485 2.47484285784885 8.24749439023435 2.46478717047721 7.66117518767715 2.15373788448051 9.60641378350556
