# Using the following values to generate the workload:# num_procs = 50
# mean_io_bursts = 10
# mean_iat = 25
# min_CPU = 1
# max_CPU = 2
# min_IO = 0.3
# max_IO = 0.5
40.0385 1.74009424890392 0.386772691970691 1.75847778329626 0.344322378747165 1.17999378661625 0.418492468399927 1.70181636698544 0.328391811670735 1.62405635439791 0.400138664897531 1.17244782671332 0.303910205373541 1.00402243365534 0.463814824214205 1.90800838777795 0.47254638010636 1.49298059334978 0.423491916293278 1.612008464057 0.482516545243561 1.0010358360596 0.39599210517481 1.35472446773201 0.37055492545478 1.80358329066075
58.9477 1.18014205712825 0.491477708378807 1.07080459711142 0.364567505382001 1.60008917376399 0.445235865423456 1.35386150702834 0.439511839160696 1.54680280177854 0.319696989934891 1.29428325174376 0.438031294615939 1.2332806205377 0.351502550626174 1.31140425801277 0.462391239637509 1.4546743540559 0.413015101943165 1.74189468752593 0.466650501452386 1.38839085074142 0.446795621095225 1.84651976032183 0.37799342344515 1.10860393894836 0.378572770999745 1.88581449328922 0.384669523499906 1.31411915062927
79.2311 1.53310773824342 0.470209000678733 1.18949354509823 0.333000499894842 1.9272391165141 0.300498414505273 1.31314581516199 0.454485463676974 1.15250474656932 0.381370727578178 1.15739978966303 0.456528830528259 1.01782005862333 0.435799567261711 1.31963649718091 0.495432212855667 1.84614638495259 0.464479189645499 1.93054760876112 0.480131716839969 1.73833480523899 0.304132587695494 1.00339264748618 0.314429398067296 1.54243528819643 0.42537600249052 1.67671994655393
102.124 1.81428468110971 0.410988679202273 1.59762447187677 0.396361007168889 1.72090312489308 0.4895796187222 1.62039132229984
122.49 1.33639982854947 0.478364320332184 1.40336128557101 0.497179816430435 1.83551846491173 0.498910116776824 1.89132436364889 0.471522692823783 1.24817223008722 0.430081817926839 1.04491463582963 0.457685844553635 1.58832911401987 0.327945766830817 1.69888465083204 0.437577805714682 1.92255962104537
149.286 1.48165433923714 0.494509472465143 1.87485984573141 0.430743672279641 1.77867133286782 0.311417775508016 1.19001518585719 0.436628827592358 1.59118457324803 0.415981902740896 1.91594124655239 0.396275730570778 1.44954243279062 0.324342360021546 1.35699978168122 0.460274118604138 1.11684113019146 0.454911437630653 1.50347514823079 0.351555311167613 1.47313258447684
153.38 1.00194794614799 0.333471329836175 1.3693197730463 0.419805602123961 1.20110233896412 0.384770637517795 1.65156441647559 0.482356863003224 1.34713795292191 0.397002021130174 1.95352052035742 0.436910778190941 1.9547779255081 0.437382350862026 1.6543462658301 0.468460496142507 1.56141546857543 0.490014325082302 1.50149357435293 0.400380286294967 1.30701520387083 0.425588407972828 1.04160408698954
165.621 1.18051471351646 0.434700857615098 1.4423433218617 0.432773950183764 1.16288612224162 0.32523753233254 1.39515090268105 0.366751735517755 1.70614361064509
177.321 1.35857952875085 0.311087167449295 1.07212626631372 0.331476954603568 1.29183117928915 0.464711109176278 1.34092718572356 0.413692754367366 1.818675219547 0.359449140215293 1.98988313903101 0.3685432379134 1.1621408269275 0.366827399423346 1.56772543257102
178.907 1.39117005956359 0.496422597020864 1.30642023659311 0.372735444456339 1.28499656938948 0.38791054119356 1.89144546631724 0.333536632731557 1.91971669369377 0.420144701143727 1.90009872568771 0.463015562715009 1.96400241577066
185.917 1.75541958701797 0.440099681355059 1.87862522597425 0.38120665801689 1.78833255381323 0.413278184365481 1.46171451848932 0.408141237683594 1.15256244852208 0.404925898555666 1.23845231696032 0.364679638901725 1.1564042463433 0.426807123236358 1.8220230890438 0.423421623092145 1.48251292807981 0.31017633904703 1.01349200564437 0.415469729853794 1.90492595057003 0.374754364462569 1.17171453684568 0.384071452030912 1.53209846676327
192.767 1.2138596647419 0.329012961499393 1.17397648096085 0.397733462415636 1.23915738146752 0.306136287422851 1.19146716641262 0.309902706556022 1.86821246054024 0.339946252526715 1.09316180855967 0.405378213338554 1.88872483512387 0.380074000451714 1.53435269277543 0.345989815052599 1.00423958618194 0.373095563752577 1.86147513240576
212.184 1.94205518322997 0.403282858757302 1.27717785537243 0.484351161168888 1.94393629045226 0.423588054860011 1.06886893161573 0.368181002978235 1.80501986551099 0.332968226727098 1.32155035668984 0.450395436724648 1.80859953886829 0.382548154750839 1.59938447503373 0.363515136530623 1.73937436542474 0.30473894784227 1.57681048009545 0.325182687118649 1.05366553389467 0.369188945135102 1.85447128303349 0.459459671471268 1.2174179693684 0.302129777846858 1.4691516996827
214.782 1.11450020270422 0.310808414081112 1.64934261888266 0.452897505369037 1.75563058350235 0.375506545742974 1.86049424251541 0.48753850418143 1.51515347184613 0.357246516598389 1.2466513030231 0.363241552608088 1.62118602893315 0.442757817683741 1.3646412496455
230.577 1.32687134179287 0.375594616727904 1.81822661333717 0.415023956540972 1.93062978843227 0.454634432028979 1.93960003834218 0.319040251942351 1.31334366253577 0.318792862584814 1.83022957644425 0.472962571447715 1.48241049796343 0.391120081814006 1.48571964283474 0.341947302827612 1.36445102537982 0.489503401983529 1.50600606901571 0.43423128486611 1.23760716686957
247.924 1.0063663024921 0.348318618303165 1.12529200478457 0.301987896533683 1.12697212188505 0.341542649781331 1.23886415339075 0.416154096415266 1.6681695797015 0.49869777681306 1.12231160677038 0.474460700294003 1.32885988499038 0.321680506505072 1.92360495845787 0.395776485092938 1.38518962217495 0.341514123603702 1.00013349205256
283.437 1.28584108757786 0.484382720524445 1.90401429170743 0.309588272729889 1.35912553872913 0.499388440186158 1.8586062041577 0.496068775793537 1.90313387382776 0.464222773071378 1.03396281180903 0.340869049634784 1.96924914629199 0.421474387682974 1.59671459090896 0.459393999446183 1.76827460760251 0.337894749967381 1.85506035364233 0.486806937679648 1.07042984082364 0.460984397353604 1.28716855472885 0.340615408308804 1.98983095632866 0.485093005280942 1.78079403424636 0.470808611437678 1.12513749441132 0.488243863731623 1.68350189016201 0.389425054006279 1.05544352927245
284.475 1.17760275909677 0.469555690372363 1.79459570255131 0.337918588053435 1.17507494846359 0.363415811676532 1.82609306462109 0.342634263355285 1.02751066582277 0.322701079910621 1.62050425074995 0.410638534650207 1.73492352012545
287.965 1.9489442226477 0.36276693791151 1.51939339097589 0.396076884819195 1.372130301781 0.451882292563096 1.18570525781251 0.37648615045473 1.66967349173501 0.396799642359838 1.52801304426976 0.392245405353606 1.5272315859329 0.361573996674269 1.05144831468351 0.332775834994391 1.04697012738325 0.391299816500396 1.47617687704042
368.126 1.11614359566011 0.417583647277206 1.80786500219256 0.36296935454011 1.65615920047276 0.487882559234276 1.41874103643931 0.43211828880012 1.57341850362718 0.415365156857297 1.43555196281523 0.45932272169739 1.45722271525301 0.488039880851284 1.31243312871084 0.315216340404004 1.71750737261027 0.310781941981986 1.89297141809948
442.874 1.5594428202603 0.319317824533209 1.42076666955836 0.32373123941943 1.66174864210188 0.339273224631324 1.17939137248322 0.403782374225557 1.82634264277294 0.436379722831771 1.00237809563987 0.486966144526377 1.99683036236092 0.388996482267976 1.65746324788779 0.428439116943628 1.39124293369241 0.477162913000211 1.46387911192141 0.361849738145247 1.56417314871214
487.409 1.64689259906299 0.471187714813277 1.83779106708243 0.446350799268112 1.88901834539138 0.35052051320672 1.09454361419193 0.394989982806146 1.14733355422504 0.498324521211907 1.82078628032468 0.301115563930944 1.359651891049 0.394228538824245 1.26705518690869 0.455178575636819 1.44214799790643 0.314722335990518 1.40150307444856 0.319493281655014 1.27546532894485 0.325208476325497 1.18765279720537 0.343307017302141 1.01812645769678 0.46192318177782 1.15375650511123 0.493590137688443 1.89566545863636 0.348840367374942 1.69150402932428 0.347618155973032 1.22842340427451 0.311136890109628 1.89226970635355 0.401584479399025 1.92021604836918 0.394081816123799 1.04741097916849
509.122 1.49903102917597 0.323359546298161 1.29446319118142 0.412814131937921 1.26479150773957 0.356430264888331 1.0261315300595 0.442304203100502 1.86132774152793 0.355657083727419 1.84512971411459 0.388687742128968 1.13456205232069 0.315172540163621 1.53213276271708
510.234 1.54034807137214 0.312251978134736 1.61167673929594 0.488619029987603 1.46584864077158 0.382933495845646 1.31816290621646 0.410481016337872 1.22307803248987 0.315311894519255 1.87443119380623 0.316415837639943 1.95833752327599 0.321104101557285 1.11680708825588 0.382179826265201 1.40408747713082 0.372357762372121 1.55736781517044 0.343669012002647 1.68707309989259
512.785 1.18871710496023 0.348731953976676 1.61971698259003 0.483609152492136 1.8341461434029 0.389851889153942 1.10779852489941 0.426057569403201 1.93558565364219 0.453356763673946 1.67323401360773 0.411008354276419 1.46692081005313 0.358765361877158 1.58516383985989
548.492 1.24028146988712 0.425934453634545 1.77969066868536 0.309699171269313 1.22399593424052 0.493467583553866 1.45044016954489 0.418934987019748 1.78074652142823 0.391839002352208 1.90938643179834 0.368318091798574 1.24811510881409 0.300732157751918 1.13850708212703 0.463185916468501 1.51804131013341 0.311583967320621 1.48168329847977 0.408610937278718 1.27647626027465
553.34 1.60541165713221 0.360746908187866 1.23204017337412 0.346181591926143 1.9998790032696 0.424914221838117 1.13241964648478 0.301470136316493 1.7849585392978 0.437070849072188 1.58127393876202 0.33753099120222 1.33879666379653 0.394266370963305 1.16735908994451 0.361781681049615 1.84884290024638 0.323116369917989 1.63623431813903
560.322 1.63884746120311 0.320669156266376 1.85142407054082 0.444470473239198 1.00551497447304 0.424119617324322 1.16454427945428 0.439541261643171 1.07764970534481 0.438877603784203 1.84097476070747 0.426830859202892 1.41104911989532 0.474095880938694 1.36434038053267 0.492396533722058 1.08934572013095 0.409973620716482 1.64642717060633 0.322941171890125 1.77654826128855
576.66 1.11613469058648 0.468849350651726 1.99574998673052 0.45115652224049 1.20474037039094 0.323292573587969 1.98363797855563 0.463917510351166 1.43460587970912 0.412122612120584 1.36802784423344 0.451482406863943 1.08618428721093 0.32693632482551 1.86173621728085 0.32946848445572 1.15141483419575 0.384394994517788 1.73445736104622 0.481482985336333 1.76807403704152 0.469641754822806 1.12685258989222
619.743 1.09244711813517 0.415041244542226 1.82195862405933 0.493164688767865 1.37565635121427 0.375689716916531 1.71651459578425 0.472927326802164 1.15669948793948 0.479537783097476 1.40913952304982 0.490471625048667 1.85267832456157 0.492041606223211 1.94082810124382
622.475 1.70675039314665 0.365225999196991 1.51587888016365 0.477259025909007 1.59571916470304 0.305839063413441 1.0416753415484 0.419479268556461 1.69519203109667 0.355286066886038 1.1164027582854
762.333 1.26707349694334 0.423129713861272 1.49464747169986 0.32868319475092 1.6538616840262 0.389823920745403 1.88747097621672 0.348255169810727 1.60464701917954 0.400105479732156 1.43814809969626 0.433236954687163 1.08788955118507
809.583 1.31468285596929 0.387377068120986 1.79995338432491 0.32376129492186 1.92280621570535 0.472102371510118 1.90679193567485 0.389598654070869 1.1219908837229 0.333557131886482 1.35972390812822 0.426677293842658 1.31322427489795 0.333433018904179 1.69057250651531 0.449580780835822 1.25376118253917
825.32 1.17069411370903 0.488110234774649 1.81990383937955 0.498409417551011 1.10251031653024 0.461012864531949 1.99659654893912 0.318427161406726 1.41274801478721 0.342434194916859 1.70039651077241 0.457047592569143 1.70995643315837 0.351723816432059 1.73532984498888 0.376780347665772 1.44774407544173 0.350854966137558 1.70900305151008
830.634 1.12614866252989 0.364627724979073 1.50303908367641 0.43691200427711 1.93069271929562 0.376211958983913 1.53419220936485 0.385084362141788 1.22333847964182 0.30705040898174 1.17576349386945 0.326965922862291 1.89242653013207 0.467388299992308 1.48156824451871 0.376843513641506 1.82360919401981 0.442763916077092 1.07688283384778 0.424663823889568 1.25924384733662
877.37 1.69977212836966 0.327165570529178 1.97926597041078 0.358706703782082 1.81296262913384 0.340787538839504 1.17848735000007 0.309698427794501 1.10144123923965 0.339942372078076 1.51301804510877 0.376704872213304 1.59647393319756 0.357430981611833 1.60935878707096 0.472218776214868 1.61918826797046 0.467817585356534 1.8456980579067 0.379642597818747 1.03971683583222 0.321515331976116 1.885297173867
883.095 1.66535106883384 0.301747975358739 1.20188876707107 0.431304617226124 1.44175932602957 0.406682764925063 1.94599987543188 0.399293943773955 1.94726296863519 0.400992287928238 1.06531186657958 0.48994117481634 1.69316765712574 0.371984806051478 1.20182845112868 0.448957903822884 1.21107936021872 0.41989601845853 1.72329449513927 0.347106848750263 1.9899879405275 0.306119185732678 1.68910961574875 0.359019726840779 1.70765496045351 0.409130710316822 1.85186708858237 0.39420390445739 1.71489911270328 0.460592746548355 1.44032958522439
887.002 1.77349732932635 0.437561906687915 1.63323200703599 0.425468087848276 1.69668469647877 0.301678966637701 1.10122041706927 0.404889190942049 1.96457659476437 0.430455452669412 1.24382517230697 0.464761961391196 1.29266014927998 0.469693328766152 1.43985541025177 0.307173247775063 1.55994268180802 0.478387373453006 1.19728999072686 0.312070778850466 1.13142505777068 0.400738538010046 1.40979002276435 0.445277025504038 1.73907299572602
973.158 1.54333181236871 0.362294402485713 1.91931249503978 0.353568343492225 1.25075436686166 0.342341678822413 1.27837559115142 0.371552123688161 1.47740758350119 0.433946626493707 1.27307377755642 0.43913345891051 1.6638458292 0.471471909387037 1.61468622251414 0.326429298566654 1.07351174508221 0.475764934020117 1.51971301948652 0.457987438654527 1.81002365401946
997.375 1.45214729569852 0.348496362753212 1.46862416598015 0.381695826165378 1.1520066424273 0.453499318752438 1.4794274722226 0.368930695857853 1.31522541306913 0.456295790616423 1.75858012354001 0.301228399388492 1.95907791214995 0.448085385886952 1.213142065797 0.408559036115184 1.31180208362639 0.331633978756145 1.70114126591943
1010.31 1.95428237505257 0.463601517025381 1.51111161080189 0.399507123604417 1.4119677869603 0.323971086833626 1.59281155909412 0.455224552797154 1.36921359272674 0.412848818907514 1.02067782822996
1036.2 1.58401009603404 0.49605139894411 1.87276564515196 0.343029125593603 1.36949276784435 0.481938608223572 1.10090256063268 0.477441856591031 1.64021876174957 0.393663111235946 1.26264804601669 0.35882556871511 1.125089074485 0.468714248202741 1.287787534995 0.4036311567761 1.40248019923456 0.455028315121308 1.44063951261342 0.39648973797448 1.74521505064331
1038.05 1.43136751046404 0.347681165020913 1.58540189731866 0.306570391962305 1.03901288681664 0.332771163946018 1.6053758028429 0.361571900453418 1.80569663830101 0.438975687557831 1.50342612108216 0.38964926963672 1.84082812489942 0.431147862365469 1.11507547879592 0.381749554630369 1.88386799651198
1048.92 1.80383506463841 0.448837970662862 1.91173846274614 0.411807127064094 1.10471397452056 0.361567124724388 1.60813112882897 0.392809520987794 1.52636916306801 0.346012118738145 1.23045577527955 0.432850738381967 1.58004964282736 0.342998212622479 1.82631258037873 0.34881918518804 1.44800882809795 0.38190736528486 1.89989254181273 0.487693156208843 1.40816291538067 0.416925504058599 1.41529704141431 0.342272752057761 1.73647427884862 0.335742785595357 1.9367907771375
1071.25 1.21514359815046 0.344266948197037 1.43782610096969 0.308777760667726 1.9368095875252 0.464101116824895 1.61866439110599 0.357237890455872 1.21241571754217 0.348502217140049 1.81897525349632 0.361624829936773 1.5782158144284 0.331372944545001 1.66265752026811 0.305885239411145 1.91452054562978 0.464504998363554 1.34282825537957 0.389730063872412 1.72265438479371
1071.82 1.07211876777001 0.486696251714602 1.78426020825282 0.369658536789939 1.29116589156911 0.316352790407836 1.59100864012726 0.380813624383882 1.07588447490707 0.394693347299471 1.17513494356535 0.400642519816756 1.49769082199782
1078.37 1.68930136691779 0.49122369508259 1.57962822308764 0.304436963750049 1.06966501963325 0.483192639006302 1.67820620117709 0.370278315851465 1.26499199005775 0.336890375614166 1.66736514889635
1086.01 1.15312599786557 0.367464118869975 1.43796595092863 0.382359044393525 1.27773146121763 0.420011140638962 1.50897071324289 0.388721617683768 1.30359854735434 0.452605191105977 1.94879438565113 0.480792286107317 1.53706219233572 0.433210353879258 1.83123456244357 0.425187145639211 1.86304781865329 0.392906375881284 1.06102381460369
1146.41 1.57112393574789 0.379629523446783 1.20713629433885 0.34671481102705 1.54287364217453 0.442125458922237 1.47691962425597 0.319815570116043 1.88693863572553 0.359560937993228 1.9865096770227 0.393429371342063 1.3970484463498 0.491156347002834 1.71923026512377 0.41787410415709 1.44193037413061 0.395137304952368 1.1978559140116
1191.4 1.14981980482116 0.366987459734082 1.4354859162122 0.333752002473921 1.49883834505454 0.437509622564539 1.72592991450801 0.436240252759308 1.69637233321555 0.347278671013191 1.86856708768755 0.35061466912739 1.3993899510242 0.480670746043324 1.14630965096876 0.383262483403087 1.46626123390161 0.384298236528411 1.68935394100845 0.428113705618307 1.63617867813446
