# Using the following values to generate the workload:# num_procs = 50
# mean_io_bursts = 10
# mean_iat = 25
# min_CPU = 1
# max_CPU = 2
# min_IO = 0.3
# max_IO = 0.5
25.3831 1.24697728850879 0.46841049217619 1.39439121447504 0.492497882433236 1.1632176139392 0.318822817085311 1.40854075062089 0.319386481354013 1.67159415083006 0.465129166143015 1.1674167313613 0.380031782528386 1.95872476231307 0.339263357408345 1.09710419736803 0.496235057665035 1.92964253248647 0.354783127969131 1.15627820510417
91.1921 1.64407456084155 0.427879510587081 1.12945496034808 0.431877181492746 1.57788482261822 0.479485988104716 1.61478598043323 0.466799146495759 1.78651161747985 0.441681848932058 1.55855797277763 0.486751915840432 1.46062153880484 0.444082468841225 1.6154598814901 0.329798110248521 1.98963992297649
183.793 1.11778849735856 0.353138301381841 1.05987734440714 0.446445813123137 1.60365087212995 0.413794707600027 1.86654479894787 0.315115542989224 1.02353171212599 0.352567000268027 1.10441744606942 0.379695956315845 1.4256177614443 0.314586198329926 1.48528086463921 0.393443239247426 1.94102175394073
206.346 1.68662982666865 0.431993524730206 1.14415275678039 0.310319580277428 1.80943042971194 0.384481337852776 1.45582023449242 0.338398848939687 1.77898276993074 0.47842132425867 1.52301746676676 0.346590080484748 1.25343377701938 0.465489459130913 1.44781523384154
214.657 1.39345835638233 0.434448950923979 1.26950400578789 0.382071790471673 1.45362577401102 0.483076997566968 1.04045713506639 0.360198719380423 1.22878044378012 0.314317754190415 1.38654138287529 0.397477946709841 1.87148313829675
237.075 1.7537097253371 0.407891842769459 1.39889581175521 0.478403723333031 1.74101691949181 0.330181899666786 1.61111582932062 0.44346650512889 1.83911136095412 0.390485036512837 1.34371474664658 0.306523764645681 1.19476401805878 0.440011046081781 1.90827188896947 0.300277515454218 1.91742306970991 0.329379058722407 1.43284161807969
243.282 1.83512518089265 0.487873994838446 1.99316973565146 0.443073405558243 1.4772654059343 0.453692442784086 1.72380901570432 0.323175869556144 1.91294784750789 0.490712888725102 1.17865283368155 0.362901939731091 1.97361738304608 0.34770195344463 1.3251542262733 0.327524088555947 1.51023694267496 0.340569260297343 1.83774162363261
244.464 1.29104920919053 0.451120354188606 1.24628121266142 0.337400156445801 1.71019030595198 0.313038555206731 1.18222065479495 0.310923234326765 1.0723315353971 0.360163437575102 1.40261543379165 0.398071788111702 1.0028812806122 0.403914822125807 1.59329541726038 0.418550442066044 1.14882962894626
253.808 1.65495948586613 0.41152850985527 1.07253064960241 0.475758632598445 1.3901120389346 0.389725905423984 1.74085729615763 0.433426128979772 1.21642453712411 0.395400549657643 1.36214835685678 0.409936781181023 1.24708706745878 0.334627437451854 1.96618796419352 0.363528464362025 1.58201725361869 0.455648281751201 1.1560263778083
256.458 1.51312118931673 0.345370360603556 1.31418875930831 0.426394132617861 1.89130451227538 0.461006898991764 1.98398243985139 0.436111005023122 1.16701756813563 0.372717148205265 1.1181240666192 0.43622303167358 1.8727145313751
269.163 1.75162631482817 0.458296923106536 1.0256210481748 0.440083974925801 1.86199398012832 0.324180985335261 1.11323762359098 0.3237563832663 1.02720547118224 0.363677048543468 1.91335068969056 0.371920378180221 1.21162690222263 0.313000265462324 1.5816459050402 0.332579426700249 1.85566777526401 0.327670575957745 1.71780056343414 0.3604076100979 1.28623481909744 0.464703750051558 1.23548665526323 0.444696908118203 1.13969162036665 0.381999022699892 1.90016911947168 0.35818732609041 1.14432162698358 0.436919832369313 1.89907434629276
277.029 1.25247995438986 0.406125006033108 1.78505600849167 0.328547085728496 1.3446736484766 0.421849554218352 1.40095459902659 0.377589215803891 1.97478232905269 0.414110622787848 1.96100507746451 0.444271359406412 1.54282387369312 0.350432466622442 1.90581397921778
314.697 1.23898378573358 0.470862453058362 1.43191235605627 0.392964149685577 1.03937189863063 0.337208715779707 1.79547011177056 0.461054914770648 1.99632915621623 0.396338837314397 1.95944183785468 0.400546961138025 1.36309058428742 0.349469887418672 1.6506064273417 0.337622228637338 1.73078555404209 0.403730045212433 1.13030528370291 0.373211233597249 1.42852237145416
361.592 1.37708948948421 0.423369074193761 1.9311177150812 0.332629818189889 1.77115255314857 0.476771269179881 1.7776041275356 0.418927223468199 1.35895215137862 0.392645128909498 1.17711617844179 0.423939628945664 1.69452121783979 0.469084956077859 1.68645004997961 0.321014600014314 1.47575089335442 0.469054441107437 1.85110575915314
394.963 1.04840226634406 0.459196111233905 1.4465096204076 0.408537564985454 1.76136366277933 0.421365760499611 1.8777714013122 0.432586897304282 1.63590915780514 0.426686135539785 1.67220003856346 0.30610551466234 1.29558334988542 0.359970541857183 1.09185141767375 0.485981555748731 1.1986187575385 0.484520523622632 1.88663841900416 0.377861873526126 1.09758164780214 0.356780586810783 1.36979158269241 0.364689023979008 1.16411360912025 0.489012900227681 1.61435716180131 0.422420946229249 1.34695693058893 0.344632076332346 1.47489818418398 0.301808944670483 1.05927761201747
412.542 1.35673431167379 0.470060602109879 1.74854488065466 0.39517684453167 1.19016288057901 0.462765709869564 1.1460498967208 0.414210768276826 1.2660938357003 0.443678089417517 1.46168737835251 0.399195165466517 1.64268601126969 0.31772189293988 1.40889101941139 0.332869098288938 1.69183370890096 0.391727644298226 1.55151562462561 0.442647255258635 1.40915590850636 0.438241532677785 1.56842001900077 0.418680553231388 1.06971287191845 0.362158696586266 1.22302055591717 0.429091656394303 1.43764616386034 0.396661954000592 1.25075149466284
412.689 1.63468929403462 0.409629161003977 1.3024497772567 0.489339490933344 1.7796938426327 0.472614513058215 1.71850018925034 0.376970705296844 1.27354806708172 0.411354682175443 1.97145308787003 0.390680454019457 1.66436335351318 0.456548925396055 1.29960025125183
441.991 1.49057271075435 0.416359151527286 1.45045762951486 0.306638635694981 1.01930560776964 0.379693122627214 1.67975889449008 0.488481328077614 1.36076609580778
496.411 1.46017646696419 0.399718936905265 1.17744766431861 0.450156557234004 1.37317623198032 0.367069085873663 1.22447757818736 0.499368435144424 1.86616380163468 0.414997388469055 1.17254443676211 0.452863621152937 1.08161796326749 0.386679136892781 1.19175219256431 0.304383283061907 1.28791419556364 0.489363665226847 1.93990129651502 0.36176109299995 1.74379707220942 0.384590768255293 1.68004800868221
514 1.39160485425964 0.480358952889219 1.07286417274736 0.4611290613655 1.29493032209575 0.380769394850358 1.30052427202463 0.47681911084801 1.85438539623283 0.431653105420992 1.19817609991878 0.391279840143397 1.28160801553167 0.445976741518825 1.02005923422985
630.237 1.89244513981976 0.496517005795613 1.31219657603651 0.300456867972389 1.05948801035993 0.401185191608965 1.19904477801174 0.435729585262015 1.19510894175619 0.344465643726289 1.86620254698209 0.414966056821868 1.63326969649643 0.327850994654 1.60965438745916 0.476940611796454 1.56982637313195 0.422917708242312 1.05061872373335
674.909 1.92910365504213 0.302769161900505 1.7627819199115 0.453011364070699 1.90958165680058 0.468824008526281 1.45656764600426 0.425825472688302 1.30177080119029 0.367730621714145 1.19765029824339 0.383302883524448 1.36573113803752 0.427273581083864 1.83579429564998 0.339696889230981 1.67395283444785 0.37418204578571 1.00351452431642 0.397953324392438 1.63231630111113 0.306877705315128 1.71887711226009 0.419025137089193 1.03471939498559
680.048 1.72771149175242 0.370456555346027 1.27899637073278 0.424340359540656 1.10466904845089 0.475283302180469 1.07922376226634 0.365329584479332 1.70029066689312 0.406348795257509 1.63484661187977 0.31910759601742 1.99381188652478 0.329775629378855 1.3256149685476 0.321586370142177 1.35944531857967 0.392332243546844 1.09093257645145 0.319179704226553 1.66570850182325
725.662 1.90693959523924 0.465161238703877 1.83220750372857 0.413852698868141 1.03066399879754 0.404057486867532 1.93294439092278 0.455143436556682 1.5823479173705 0.359672065032646 1.47804287960753 0.375588163314387 1.17785039497539 0.448607251653448 1.7806233279407 0.366196572454646 1.35233519948088 0.425653977366164 1.09448496042751 0.326816416764632 1.49916066601872 0.310585095640272 1.20987405325286
739.015 1.49209911888465 0.358148100599647 1.01025886414573 0.437314589368179 1.45829040394165 0.363171818573028 1.96109554404393 0.489229226578027 1.84145882353187 0.421540892869234 1.01103644445539 0.365922872768715 1.41463866294362 0.484840156557038 1.68143174797297 0.420202573342249 1.7542102872394
804.501 1.59216633904725 0.425887944502756 1.93271248787642 0.418131910124794 1.78261760110036 0.368715717364103 1.51236720778979 0.424837617296726 1.2601317584049 0.380029640719295 1.32191857532598 0.468299042712897 1.37512126611546 0.417037135828286 1.2649638238363 0.439231593953446 1.82633557636291
825.72 1.07476795837283 0.47572460481897 1.46838847617619 0.415102543262765 1.34464086056687 0.321097837248817 1.03674075100571 0.342708751419559 1.20886313566007 0.39821364809759 1.40708952210844 0.42873574513942 1.54815457970835 0.401804801821709 1.54684677184559 0.457190863508731 1.94772932026535 0.436075863661245 1.10790888173506
830.447 1.67967420606874 0.322343255346641 1.78104056441225 0.423687027022243 1.5286653668154 0.456532191671431 1.97894687461667 0.440145291015506 1.45327437669039 0.358273207163438 1.99104857933708 0.463028035406023 1.6609765891917 0.38153157713823 1.93622539169155 0.419976682402194 1.18335169157945 0.413350598281249 1.80088294274174 0.36833653668873 1.90728562162258 0.412497788714245 1.31268806266598 0.310762334475294 1.63391886278987 0.488034838158637 1.9006828777492 0.406513013178483 1.28931107092649 0.495984468841925 1.21539854863659
830.992 1.54815839813091 0.3627140277531 1.44778727111407 0.387199856853113 1.990223482484 0.337139539374039 1.95868411194533 0.477837524889037 1.56934042647481 0.460875677503645 1.97895945538767 0.319577607186511 1.79948974284343 0.393266844702885 1.03929747082293 0.47937113516964 1.07382000726648 0.386887401528656 1.29251588950865 0.410089179314673 1.82316182786599 0.346214872039855 1.85295778047293 0.487154863821343 1.72010444127955 0.3189722196199 1.24579492444173
851.933 1.54810735699721 0.472659766161814 1.12638307921588 0.459798969468102 1.7449747279752 0.430258547933772 1.65629927883856 0.415743946935981 1.39244970609434 0.483187066297978 1.52424549916759 0.487817217875272 1.97800798108801 0.318733431957662 1.51196646271273 0.464996391488239 1.66385871381499 0.403506152052432 1.33892296836711 0.482861247286201 1.10390686383471
863.721 1.22903750650585 0.393182678101584 1.7954790359363 0.440051209274679 1.10419109975919 0.329041845584288 1.6456639864482 0.428403571201488 1.97705739131197 0.497629939764738 1.03414022014476 0.48640899527818 1.70501799834892 0.453248239308596 1.26903101964854 0.317499398393556 1.79336678865366
924.662 1.3993109120056 0.346119810221717 1.87277747015469 0.335728514613584 1.392062633764 0.397082179225981 1.35919914836995 0.497538200765848 1.91475364728831 0.499673489946872 1.970875128638 0.423579945042729 1.55850561452098 0.317243650835007 1.65069365338422 0.383240957045928 1.9905961251352 0.452909697545692 1.12802637275308 0.471068537002429 1.68018616456538
925.155 1.653009488713 0.397639316227287 1.34062419040129 0.446309945033863 1.31189753045328 0.45603065690957 1.88871726416983 0.458843649877235 1.21582014509477 0.37246026690118 1.31311936560087 0.459801510861143 1.49695819546469
949.834 1.37586435070261 0.36106557380408 1.9541918982286 0.440532792638987 1.67717701685615 0.443736650096253 1.50236677704379 0.346054904442281 1.57150908280164 0.325505636585876 1.9592504973989 0.496523992018774 1.31754236924462 0.409320282330737 1.41128335823305 0.410345059353858 1.86576924589463 0.490580959338695 1.10454238275997
1001.45 1.28425667015836 0.479772392008454 1.68027079990134 0.434157525934279 1.49061578186229 0.30746451979503 1.93282843055204 0.403606512397528 1.98568732989952 0.302725992770866 1.81496931496076
1018.18 1.3187871130649 0.342172357300296 1.1589683922939 0.434577484475449 1.76150988810696 0.477830467000604 1.74106615665369 0.450822037085891 1.84864092292264 0.486463673459366 1.55703335418366 0.426219662558287 1.55392831470817 0.413435076037422 1.15640106517822 0.335737407021225 1.8068802235648 0.307351899938658 1.32426884653978 0.430459352629259 1.70183876156807 0.360607541305944 1.15277174138464 0.40932302265428 1.87227303395048 0.36009277375415 1.34082051226869 0.38685131361708 1.48294916842133 0.464684548135847 1.8776289857924
1026.91 1.00603468972258 0.42466356898658 1.09819484711625 0.340055674081668 1.18844616040587 0.485024024406448 1.23658583802171 0.494970108009875 1.29487232794054 0.367175750108436 1.91193584143184 0.374566477583721 1.22670973697677 0.371641850331798 1.22187872370705 0.475766962114722 1.71763185900636
1039.31 1.0899319385644 0.32505806251429 1.27822604216635 0.355391416046768 1.46455909218639 0.375804477883503 1.26151358918287 0.335975720873103 1.54243865143508 0.46148640466854 1.43785338988528 0.412226424086839 1.55602188990451 0.4438908000011 1.15563014009967 0.391164764761925 1.65539972484112 0.40370215321891 1.10631535737775 0.310138956457376 1.6951002527494
1045.14 1.46539357118309 0.417291796021163 1.03370627900586 0.391254817182198 1.04739435459487 0.417569562001154 1.76925788470544 0.333737011766061 1.16913460288197 0.316844070190564 1.1582497684285 0.321428985288367 1.03639588318765 0.496260551828891 1.10999847901985 0.359641082258895 1.16861899825744 0.455418580072001 1.19532208121382 0.431971024582163 1.62553580291569 0.380127410823479 1.24864843441173 0.331503343628719 1.72177744773217 0.364248112216592 1.37510283384472 0.385777603462338 1.88659099023789 0.348054412659258 1.80678439396434 0.383024286990985 1.56451509869657 0.463943943986669 1.40053213620558 0.439308420754969 1.90243565617129 0.330906582390889 1.02691616700031
1072.05 1.59719905233942 0.331550731463358 1.89628504123539 0.39177960222587 1.62722705164924 0.348383271740749 1.95490895654075 0.347161467932165 1.49108722875826 0.465415912959725 1.86710276547819 0.410656276717782 1.82989200740121 0.472181189619005 1.66462730872445 0.320711719244719 1.1429027649574 0.320112902158871 1.22654939605854 0.409898492600769 1.65955269220285
1074.81 1.41541640926152 0.405114995781332 1.8200903844554 0.450740641634911 1.20946553978138 0.392667072592303 1.73698004777543 0.439329180167988 1.19374789833091 0.430678313458338 1.54204020812176 0.339978195400909 1.12711490830407 0.471045530447736 1.5229867354501 0.331477731885388 1.06068277009763 0.462383163860068 1.53887416399084 0.465148598188534 1.20694876415655
1121.12 1.24976262729615 0.375786204636097 1.64362748037092 0.415773451654241 1.44814258441329 0.384658126952127 1.84445125237107 0.396302137803286 1.83026647125371
1166.08 1.420971540967 0.493246302241459 1.31495597586036 0.483636016305536 1.12382435775362 0.31586245233193 1.90885746991262 0.307314570387825 1.82678951718844 0.319683079235256 1.87759910407476 0.403110055578873 1.10228870692663 0.384989385912195 1.51512062503025 0.360668308939785 1.74350060406141 0.402694644406438 1.24263264425099 0.358360778912902 1.31023047165945 0.478226138697937 1.28295855061151
1177.55 1.47997350175865 0.372790966602042 1.06766579044051 0.309274063492194 1.07198194996454 0.439377497602254 1.84011947712861 0.331552714807913 1.31918169884011 0.490925048105419 1.11040321341716 0.301072971429676 1.27617892227136 0.467540302593261 1.17974196816795 0.468477750895545 1.40932831447572 0.48017345611006 1.24169841315597 0.381651400029659 1.26430390565656
1259.56 1.7510914246086 0.306067964853719 1.22604470979422 0.498837664956227 1.61544170090929 0.371270847693086 1.29775665397756 0.459379401756451 1.96836463245563 0.404121930524707 1.20257435296662 0.392892044596374 1.66031490894966 0.43616228569299 1.14978054002859 0.353983457805589 1.38912243163213
1290.09 1.6377984227147 0.391694366000593 1.32754250545986 0.453653460275382 1.94838474271819 0.326236056350172 1.02197721856646 0.413200014457107 1.61028293543495 0.368433272792026 1.20350249274634 0.46298939450644 1.07747246325016 0.427039951691404 1.23116829968058 0.385780890984461 1.4271521018818 0.309014689736068 1.06332091940567 0.453062018472701 1.24313104106113 0.451438638800755 1.71010878519155 0.382301642233506 1.06021038698964 0.439134590839967 1.26510030473582 0.446265548747033 1.96202430455014
1317.13 1.23060087789781 0.322000511642545 1.565801900113 0.473010151134804 1.21784889674746 0.442261709552258 1.37735360953957 0.456055835494772 1.20945695997216 0.325877991458401 1.016399174463 0.392071230662987 1.85629669972695 0.484849467873573 1.47067698417231 0.30925433957018 1.56540000298992 0.387936308421195 1.00194131280296 0.454890898149461 1.2461769215297 0.324504648661241 1.88381708250381 0.448667877120897 1.15897652646527 0.423296834109351 1.36756171798334 0.411970777763054 1.50842605950311 0.419389588199556 1.49792418931611 0.313452930189669 1.46584083861671
1331.56 1.26156177511439 0.439970994181931 1.45113844587468 0.307363225705922 1.60031979507767 0.486660025455058 1.59334472217597 0.376098631275818 1.38570072338916 0.452991779381409 1.28509730147198 0.36687498963438 1.93043615389615 0.450582421803847 1.61887583206408 0.469140174379572 1.4128992378246 0.422612670995295 1.91652465309016
1331.95 1.30906219338067 0.334447854850441 1.47191830724478 0.372585373511538 1.16794926277362 0.485714655742049 1.62274813791737 0.496607750793919 1.48593985661864 0.486566480249166 1.83012851001695 0.477642850810662 1.59285509283654 0.331279708305374 1.43281959020533 0.38823654265143 1.84178724861704 0.471147346263751 1.16952967015095 0.438244009716436 1.96475059795193 0.462336040241644 1.81082883337513 0.486253283591941 1.20990114938468 0.477664077980444 1.04835548205301 0.380690958490595 1.409239965491 0.470757249789312 1.55234816879965 0.36348312208429 1.93015973293222 0.327253924496472 1.91975748096593
1395.39 1.75108870188706 0.325493805902079 1.72081555239856 0.474390580737963 1.90717843710445 0.445755781512707 1.06373604317196 0.393324424652383 1.03071858454496 0.444236184982583 1.96204397478141 0.432950574718416 1.90053620468825 0.440432861354202 1.39084175345488 0.438869132380933 1.04769042180851
