# Using the following values to generate the workload:# num_procs = 50
# mean_io_bursts = 10
# mean_iat = 25
# min_CPU = 2
# max_CPU = 10
# min_IO = 1.3
# max_IO = 2.5
0.602776 9.71529312059283 2.16712167523801 2.35817589052022 1.64662787131965 7.47647537849844 2.32651293529198 3.78680197708309 1.98743262579665 2.55839953199029 1.5512555109337 2.51810843683779 1.45186305455863 4.98422808945179
3.76392 8.67087194696069 1.98088104389608 7.60031269676983 1.35356762558222 6.46982796862721 2.08912391886115 6.14834825694561 2.19251888263971 7.46072879992425 2.40751081565395 4.11923406645656 1.45931638255715 4.71361676976085 2.32614344535396 7.60544076189399 2.24283401099965 6.2929082158953
35.0841 8.29183024540544 1.82642336785793 8.324333332479 1.6083099632524 2.24748658761382 1.58094273535535 4.36090320535004 1.44496560208499 7.88969040475786 2.10467792684212 8.68932206742465 1.92443565027788 7.20715186372399 1.32030840562657 6.8559169434011 1.31089189397171 2.78534180670977
42.4397 8.3507214076817 2.05052823005244 4.13164084404707 1.78648087009788 5.9804954007268 2.10094190891832 3.44102678261697 1.78269181428477 7.45270828530192 1.50895537910983 2.63406504690647 2.09180189529434 4.59028216823936 2.2501979588531 4.79892634227872 1.55868883104995 9.98949991166592
52.1697 2.96515050530434 1.55796804074198 8.54463497921824 1.96475995965302 5.6603730879724 1.9983900279738 7.77549306862056 2.08727522864938 9.76493799500167 1.54417609293014 5.36892406269908 1.94259421313182 7.22489353455603
135.655 8.27500017546117 1.54827838633209 7.66451901011169 2.48122875494882 4.08227404952049 1.32582603450865 6.49445691332221 2.01313554970548 2.73860042542219 1.60869351718575 7.91833880357444 1.82346380446106 4.68535479716957 2.49099086141214 4.0662389062345 1.612176624313 3.60563058592379 2.37161727249622 3.38869725912809 2.32245177831501 4.47336374223232 1.70756361475214 6.44638163968921 2.42179296594113 7.12086928449571
169.635 2.73682765476406 2.49907600749284 7.40345986746252 2.1802627839148 3.84315221756697 1.58605082333088 9.54488945752382 2.07285962225869 5.6112464517355 1.80334704909474 6.87938491255045 1.35841001309454 7.87070804461837 1.58172939233482 5.78500928729773 1.41777184018865 6.01377957686782 1.51320759570226 5.10773045383394 1.47343242391944 3.3573302924633 1.94340339899063 8.41509059816599 1.5441470798105 9.15543110668659
184.453 6.68713944032788 1.88010746836662 8.63276474736631 1.4508678259328 7.30947438627481 2.3509156097658 2.66789731942117 2.49181415066123 9.13098058104515 1.51688458519056 8.50231850333512 2.35010420409963 8.29052450507879 1.84211123036221 8.86373317614198 1.86259093414992 9.09726686030626
186.394 2.94649068452418 1.58244825871661 8.66180613078177 2.30092583252117 5.55395347066224 2.219505950436 4.89140546321869 2.41616925876588 3.04076998122036 1.69258041325957 9.76515100337565 1.30045388899744 7.67798803001642 1.92494151908904 2.0341525580734 2.05801906986162 2.30218767002225 2.41459322348237 5.3763530254364 1.78630246296525 3.78203809820116 2.3464729742147 6.35367092676461 1.96843460304663 3.39243136905134
210.952 5.49098438769579 1.97330025704578 7.12278215028346 2.03517534639686 7.31952473893762 1.81152821741998 8.96716009452939 1.92923487992957 8.89425432309508 1.92334468998015 2.52519694715738 1.44840487353504 8.73068099655211 1.54574389774352 6.33879994601011 1.82625602846965 2.98338299430907 1.66273892242461 7.79517830908298 2.05547159323469 5.59551246650517 1.36824783440679 4.34433959797025
212.299 4.60048148967326 1.35954819871113 9.18889228068292 1.85683033317328 9.67163380421698 2.31921279188246 8.41086840629578 1.51772575890645 8.2130466401577 1.6484428813681 9.77820904552937 1.36490894071758 7.58132483251393 1.97038929024711 3.18129537440836 1.67851920211688 8.26970935426652 2.30405276101083 5.54555577598512 2.01000072434545 2.66472636535764 1.69787287516519 3.67892247997224 1.8311825199984 8.50963180884719 1.71509294258431 9.57167806662619
236.258 3.26929811015725 1.89960687756538 4.82052712514997 1.84742810428143 2.79902355745435 2.00486574554816 9.64259731397033 2.45125967003405 2.45441371761262 1.90821161754429 9.58039815910161 1.99234459092841 5.25799016468227 1.72764536868781 3.86301805824041 1.88112243078649 6.85716773569584 1.43465526243672 6.13431861810386 1.9802227973938 9.61138649471104 2.47725664703175 3.17546490579844 2.15187313146889 7.66615550965071 2.25866787172854 3.58393542096019 2.02673372579738 3.14907182566822
239.8 2.43940651975572 1.65995151214302 3.23014368861914 1.69918145565316 5.76311072707176 2.05358674796298 9.49600330367684 2.33045448446646 5.43657473474741 2.38171686511487 7.10699439048767 2.18369221277535 9.87955905683339 1.42389376293868 2.57927718944848 1.78604680737481 8.98767661117017 1.67036253158003 7.08310855180025 2.34792989287525 5.58547339215875
264.453 7.36385859549046 1.36046953722835 8.3235665243119 2.3571990900673 9.64369082078338 1.82636721916497 6.68920406699181 1.40052053006366 6.94001863524318 1.36813627323136 2.15508697926998 1.95612892955542 8.93816136196256 2.38060741489753 7.86009619943798 1.70763982580975 8.02912725508213
300.394 2.4021603744477 2.45315822111443 7.2746123149991 1.56134835220873 5.04621353000402 2.42983192466199 6.6754260007292 1.46826943419874 5.95586894825101 1.37564128767699 9.05031905509531 2.40636835414916 8.94906745292246 1.58278768667951 5.11151652410626 2.0171345660463 4.84830420091748 2.3476445463486 9.98455301299691
306.268 7.35309492610395 2.15114627545699 3.86290900595486 1.30845221141353 6.95836904644966 2.36465620361269 4.60565543919802 2.26468396261334 9.53775283880532 2.49265288049355 5.7949375603348 1.71712775770575 7.97297176532447 2.42314728032798 8.87044370733202 2.39290405688807 8.76384520530701 2.168128472846 3.2873120252043 1.77344946181402 2.75725393369794 1.63140801405534 3.0365043412894
316.107 9.50342581234872 1.73642681902274 9.57175513729453 1.37165554240346 3.68636395782232 1.3430658432655 9.3892788682133 1.45326855331659 6.99435186758637 2.29513060478494 2.63565518520772 1.61224042596295 5.90126966498792 2.38175810296088 6.70815592259169 1.63287364430726 4.32098718546331 2.07445772709325 5.10275865346193 2.16035913033411 5.98979078046978
316.199 8.79867442697287 1.86201901705936 4.12116370163858 2.27878029868007 6.94452049024403 1.67894447920844 8.19842411018908 1.55514036379755 6.0425018761307 1.76078671002761 5.4720079600811 2.33035958204418 6.18202303722501 1.46588652785867 2.25913520343602 2.45690388716757 2.52713920362294 1.47366293016821 4.19356413185596 2.05241552675143 9.72258764319122 2.02243935493752 2.56587537191808 2.47008725488558 4.34349015541375
343.934 4.39154597371817 1.37287958385423 9.85942351259291 1.56375027149916 9.09712712094188 1.38270918307826 2.21634533070028 1.32331062313169 7.16307221353054 1.34050585385412 2.34288319200277 1.80524123124778 9.25756888650358 1.36410651737824 9.47781725227833 2.19078087126836 3.09145880304277 2.1681144585833 6.04820555821061 2.13616136796772 3.39459738507867 1.74961607335135 4.35860087163746 2.43393762726337 4.39772136881948 1.76596278753132 3.09972384944558 2.34536382546648 6.85088120959699
362.246 4.92756888270378 2.11280018296093 4.1533126886934 2.12174215037376 4.71503492072225 2.25951856449246 5.41649956442416 2.09902225835249 4.84555345773697 1.47054427713156 2.28820111602545 2.26145183620974 2.22207916341722 1.38829558491707 7.59364116191864
433.54 4.88933456689119 1.6577646180056 4.96965269371867 1.38344651367515 3.23124406673014 2.13669778155163 4.75893414020538 1.68288748236373 5.79110227711499 1.9948364790529 7.10386686399579 2.24578100852668 8.22560192458332 1.71513690734282 8.82611384242773 1.65852500218898 8.65013850294054 1.76490725306794 4.86905951611698 1.8658086665906 7.69349083676934 1.49800062729046 5.28435735031962 1.61457825610414 4.109166033566 1.63576734689996 6.1732722632587 2.03057569963858 3.30582848936319
517.851 3.64423058368266 1.74969409378245 9.88548695854843 2.01389238610864 5.38597619719803 1.36888041635975 8.81767641752958 2.3010765648447 8.24498567171395 1.37099818466231 9.89997676201165 2.38651654710993 8.49447372555733 1.48735836651176 2.85211820341647 2.43912802664563 2.00736981071532 1.45235215453431 5.75209877453744 1.38846892965958 2.12272505275905 2.11871538870037 8.3806724883616 1.48581707030535 5.18712414801121
556.328 3.89962729997933 1.50139897605404 3.13940734416246 2.18384142154828 5.61557319946587 2.43712451402098 5.72754084132612 2.23830441096798 4.5535264890641 1.79385852459818 5.55815091729164 1.61315451553091 4.3410455994308
601.367 9.52782760374248 1.57417195551097 7.53427300415933 1.42990129506215 2.23645419441164 2.10646037682891 5.85523324646056 1.52079050373286 5.24128103815019 2.48368578301743 6.82621485926211 1.93173915399238 3.461266387254 2.02824183609337 6.4284850154072 1.71769989328459 9.6907409876585 1.87820027442649 3.98774713091552 1.44736311892048 3.69911215268075 2.11826262678951 3.03038432262838
612.504 3.64241521246731 1.4401265013963 7.99489673040807 1.6094617465511 6.16960541531444 2.10104466099292 2.36432792618871 1.92060213964432 7.98129289411008 2.06345926392823 7.42877261340618 2.46056421650574 4.93929320387542
620.148 5.90126728080213 2.49197423830628 7.36906836368144 2.25664094397798 9.93336395546794 1.36521027712151 7.54857959784567 2.24234602497891 9.88169402256608 1.47490661069751 8.17125732637942 1.70881645614281 5.63645215891302 2.26270335186273 4.94919749349356
626.901 3.65595374070108 1.77130790594965 7.97015503793955 2.33550152424723 8.53142837435007 1.43630302306265 5.13019282743335 1.67494724094868 7.05134673602879 1.60586448321119 2.86574257165194 1.45801337631419 4.38593301922083 2.20963821941987 6.10329617373645 1.53338275197893 2.53599368222058
630.059 8.81568816117942 1.49067149115726 3.83472042903304 2.30363558586687 4.89964831992984 1.48542168531567 4.31473748572171 1.47904717307538 4.82224656641483 1.65078159468248 4.55237176455557 2.13638193188235 2.16896492056549 1.401705412101 7.84449781477451 2.04949639709666 5.9084812477231
635.798 2.91172909550369 2.23465504627675 6.65274494513869 1.93012816617265 3.60067769140005 2.46273590922356 3.06479523144662 1.3918090772815 7.36187270283699 1.89301535701379 9.45482669584453 1.5534833685495 9.7703619748354 1.48605577656999 6.52694072201848 1.98785395780578 7.16603892110288
641.366 5.36376531049609 1.51123462142423 8.13428043574095 1.33685001665726 4.70725874975324 1.44406516412273 4.20465054363012 1.60499254371971 2.54603604786098 1.44461018396541 8.91999509185553 1.59523658482358 8.61191212944686 1.94057274004444 4.08433797582984 1.8499500669539 7.28933485411108 2.38592598782852 7.42710763402283 1.35606297655031 5.17743151448667 1.98013378521428 4.57663137093186
672.849 9.506342664361 1.50934657203034 7.37052073702216 1.97852954538539 3.59714670851827 1.58785892697051 6.24078443832695 1.50500578610227 5.8984383456409 1.61699594538659 6.00799945555627 1.36924015004188 3.56106019951403 1.53735698778182 8.02172117680311 2.05722609125078 6.5682552177459 1.56908357841894 7.554980693385 1.65215324703604 5.19449286349118 1.76304266629741 5.62917958945036 1.52132637081668 2.34845731221139 1.89465515650809 5.27002476342022
681.027 8.30629461817443 1.43143868977204 8.93280299194157 1.51300720814615 2.46543343178928 2.38167624976486 6.24597726017237 2.35551382824779 6.60775318741798 1.30498149693012 5.26213342137635 2.14179498814046 7.41183397360146
703.917 9.64913498610258 2.15526701491326 2.13070882670581 2.28049765955657 2.27683340758085 1.63891616305336 6.87674468941987 1.37135385675356 3.15553200244904 2.05859823198989 2.82321794517338 2.25542696835473 4.42959129437804 2.23778084488586 5.57117999345064 2.00925571396947 5.25183699466288 2.01933967825025 4.12274000048637 2.32463811589405 5.62551256082952
706.906 2.14689089357853 1.68754829075187 5.12869939208031 2.35216203480959 3.08912277780473 1.40179886780679 2.45722651109099 2.43614298729226 6.36287027597427 2.16130663184449 7.49968636594713
722.93 2.93768374063075 1.49649655986577 7.83957620337605 2.34800326833501 8.25123351439834 1.86894950931892 5.01108334027231 1.55646495176479 3.49488799273968 1.5988289732486 6.97045961581171 2.11272711232305 3.02487784437835 2.1789718657732 6.98223783262074 2.10240694824606 8.77078590169549 1.59491395950317 8.86231967434287 1.88166339099407 5.49073056876659
728.076 6.79726886563003 1.49786269804463 7.42505316995084 1.84909654445946 9.07972145825624 1.82541065011173 2.20595739595592 1.67351492820308 9.157535713166 2.05878651691601 4.78440881334245 2.17750841146335 4.22092945314944 1.82779222484678 8.65328861959279 2.32744957050309 5.87200684286654 1.74680495876819 4.21017025969923 2.16542152743787 5.14640961401165 2.01630704086274 9.64419609867036 2.08173170499504 8.47843466699123 1.43017465630546 6.94258735142648 2.44345630202442 5.62928467430174
742.054 5.21952661313117 2.21426418758929 3.09764231368899 1.97079499838874 9.68433013558388 1.67571057695895 8.87223998643458 1.51272295629606 9.63004945032299 1.38691346105188 4.42145066149533 2.46287893857807 9.10879866033792 1.31322758700699 8.69550667516887 2.11917239967734 6.86449959129095 2.19537778133526 7.78147904388607
806.725 2.34536458365619 1.40882733361796 5.41875702142715 2.44822302609682 5.35329704359174 2.24103071745485 3.60753619298339 1.97495581172407 3.37470741197467 2.42716266037896 6.6898517627269 1.43393347943202 4.06798568367958
854.254 6.65862483158708 1.75790114654228 9.84535183012486 1.6899952236563 3.47834423556924 2.13572842366993 8.90541070140898 1.93189243189991 8.50922493636608 2.04403266748413 7.6196663081646 1.76445719543844 4.39811780117452 1.6369984193705 8.80568922869861 1.58562712930143 5.90013002231717 1.94308843389153 8.95496143959463 1.78669083761051 9.10614004731178 1.77101819943637 5.48493288084865 1.93162764478475 3.02343408204615 2.22858449146152 9.74567187577486
856.949 5.17868572287261 1.86651536971331 7.952517144382 1.48331032274291 8.50983193702996 1.7479530707933 8.1352590341121 1.40738680521026 5.97461156919599 2.31925042271614 5.51912238635123 1.70697325970978 7.05281182192266 1.60443714261055 9.69732895493507
871.879 4.55710448510945 2.36573989233002 6.91858807392418 2.47265186160803 6.61032654903829 2.24213470770046 9.41222164221108 2.4622798490338 8.92671144381166 1.46965162400156 4.37950687110424 1.45588483866304 4.52749510109425 2.0178643990308 2.92218483239412 1.82906018914655 7.26445422135293
887.194 5.3283727131784 1.96067231753841 5.01078735478222 2.45227775666863 9.76772090606391 2.02307370491326 5.21165602654219 1.99422763939947 2.22980896383524 1.49016698971391 8.75820024684072 1.52781581850722 7.32174802944064 1.65443502794951 2.91662429831922 2.49132748115808 5.68002454005182 1.36173031544313 9.09850797988474 1.69941662307829 4.3439237754792 2.06379532879218 2.84401405602694 1.43801702866331 6.00731964223087 1.41587776867673 5.16068903170526
977.702 4.91463740170002 1.58596039852127 4.64482020400465 1.76144215501845 5.38108808733523 1.85204158425331 4.27662571147084 2.13103559473529 5.15998604334891 1.64642578000203 5.20149719715118 2.26667509907857 7.34088433906436 2.41793118342757 4.92889424599707 2.30534725794569 6.48863713257015 1.82122820699587 3.62465322948992 2.02618519058451 4.09657640382648
1011.2 9.11325792595744 2.27827881164849 4.30102284066379 2.04442468099296 5.50465571507812 1.39749564621598 3.38890370167792 1.98587954016402 5.01612421870232 1.56956787919626 8.26263208128512 2.41012120153755 4.61903977021575 2.15279979277402 2.28398212790489 2.34245661990717 3.42302114889026 1.64127464760095 9.34586492367089
1049.16 9.72204658202827 2.38508616387844 6.33708255365491 2.29694975716993 6.36427901871502 1.40697325607762 9.45120494626462 1.71872431468219 9.72752261348069 1.7742115598172 7.74167261458933 2.28481041723862 5.17530639469624 2.18451605383307 9.32306229136884 1.7309703364037 4.65522141009569 1.95105707319453 4.00077281147242 1.61872365260497 7.4624656252563 2.41796424333006 6.29281135089695
1083.69 3.57427935674787 1.894366419781 3.61695555970073 1.71095616184175 2.82850901223719 1.39677278418094 3.48098146356642 1.38370590452105 3.17174556478858 1.32175674429163 3.03889852389693 2.05915106991306 4.35795967653394 1.94042495703325 5.9864899199456 1.93358810767531 2.80350534617901 1.63545798007399 2.67304429598153
1089.72 8.86318902485073 1.44608420254663 7.62512793764472 2.1209655418992 5.85654222406447 1.33884901534766 4.99466902576387 1.92053600754589 7.17504715919495 1.53254797561094 8.88908515125513 1.64269721442834 5.82396447844803 2.30020698681474 8.03548938408494 1.93713768776506 2.54118836857378 2.44386912304908 9.1671792678535 1.79711309885606 3.24344788305461
1109.75 4.09823951683939 2.0006357354112 7.52021315693855 1.47136244280264 7.2157914377749 2.20800958825275 6.17476234957576 1.40606344211847 7.63744059950113 1.8691358837299 8.78005746565759 2.27039151675999 9.21478232555091 2.0082508279942 5.19846794940531 1.97184529360384 6.56703450903296 1.95425338121131 7.55054795183241
1129.7 8.03057501651347 2.41578461350873 9.43785692192614 1.58790726205334 3.29020221158862 1.90694229397923 8.81726392917335 2.47107820510864 8.70487868227065 2.10713631529361 3.72870396822691 1.80871519260108 4.37860585004091
1148.43 9.11287480220199 1.81739385705441 4.63567624427378 1.47845810465515 9.33102806657553 1.39444538699463 4.61108924075961 1.75610825298354 3.07577726431191 2.01263706814498 6.21219011209905 2.37482474576682 8.36928967759013 1.83087766123936 4.91341054998338 2.11258002361283 5.62471842765808
