# Using the following values to generate the workload:# num_procs = 50
# mean_io_bursts = 10
# mean_iat = 25
# min_CPU = 1
# max_CPU = 2
# min_IO = 0.3
# max_IO = 0.5
8.46991 1.24256637995131 0.341816528700292 1.36567995976657 0.469353104894981 1.25270053138956 0.441782579710707 1.98781026084907 0.442923097405583 1.07310687261634 0.486628386052325 1.54934200388379 0.340737059526145 1.91226365719922 0.394844040414318 1.17518910509534 0.439736095210537 1.70314545906149 0.405183346103877 1.53246163646691
14.6284 1.62572535034269 0.367294181371108 1.10126241762191 0.308360841497779 1.27220880589448 0.389303014893085 1.64850857132114 0.308632827503607 1.71757289976813 0.430304046906531 1.29869669512846 0.473214622028172 1.6586945950985 0.342266230611131 1.67956858291291 0.428336172318086 1.20101838349365 0.347974186530337 1.64085610955954
19.2427 1.95646726433188 0.455645641312003 1.7595398533158 0.403553278278559 1.27595536014996 0.448621462844312 1.59395327349193 0.435583451669663 1.40419984539039 0.36188353584148 1.9825821169652 0.406398883135989 1.44648242392577 0.433296809904277 1.43357434193604
216.638 1.60228686686605 0.406824960978702 1.07153825671412 0.379741910938174 1.71133180428296 0.323372238921002 1.6055827611126 0.439299847371876 1.37374976044521 0.450493126362562 1.46741951978765 0.399096079170704 1.82968983380124 0.325228825071827 1.8223816996906 0.456203729799017 1.84972910606302 0.449075670680031 1.86348711163737 0.437651654053479 1.29738952382468 0.438114997977391 1.35114300763234 0.311360860522836 1.55622795876116
281.99 1.53670661523938 0.358203226840124 1.87027474166825 0.430888777412474 1.77692829817533 0.407828408805653 1.68963583325967 0.41384695507586 1.56759588955902 0.356438629049808 1.38351808092557 0.371235478390008 1.93892295588739 0.423648685682565 1.77670879918151 0.32629330358468 1.2998979978729 0.327667177747935 1.14859144552611 0.326351811224595 1.40521789249033
300.43 1.43711741897278 0.477804732276127 1.21793449111283 0.304540841560811 1.60616338672116 0.33817045208998 1.13297844910994 0.458086091000587 1.93333678785712 0.338069925177842 1.67809867672622 0.36852867747657 1.5074996505864 0.380923786386847 1.08077647653408 0.445437416713685 1.48371360381134 0.307344307284802 1.91969149233773 0.476008849032223 1.63584103132598 0.341885959496722 1.19847708451562 0.478278362657875 1.27943897037767
321.9 1.12572624883614 0.327277758857235 1.09874475700781 0.343849011138082 1.40432492573746 0.304518051305786 1.52033542422578 0.351242022495717 1.16985295549966 0.444733927119523 1.42884606285952 0.471062059188262 1.70533952955157 0.337663834402338 1.20455498783849 0.489233177434653 1.80931336083449 0.321201954688877 1.75199453136884 0.476469487836584 1.97137619438581 0.392018252285197 1.04871046822518 0.328146074013785 1.60253824852407 0.326819996349514 1.09837349061854 0.43917043171823 1.34114976390265 0.342087497655302 1.00427032541484 0.432831571483985 1.25225341855548
399.281 1.58846267522313 0.478223980683833 1.94638931727968 0.327040293021128 1.03722831769846 0.361482885526493 1.52148475171998 0.317458053166047 1.25834401021712 0.488804167043418 1.86283679725602 0.434948114678264 1.12658815202303 0.488873529201373 1.75399669772014 0.49805235513486 1.54862348316237 0.42723299334757 1.67205673013814 0.431157707329839 1.38553055096418 0.349031890323386 1.94018728053197 0.341281557781622 1.94864763249643 0.406039681425318 1.53211582428776 0.480662695504725 1.17655883450061
446.548 1.29079247405753 0.374647030187771 1.36656866851263 0.323136334167793 1.769589753123 0.406812085164711 1.60687971487641 0.480150091089308 1.34040810470469 0.419183255173266 1.96804574993439 0.307287529949099 1.66789905377664 0.497404726641253 1.55085113923997 0.492629777733237 1.28579248674214 0.358661799365655 1.75524975638837
503.62 1.59819262917154 0.499259947845712 1.94131977297366 0.475776963215321 1.57767556142062 0.467909735161811 1.66125307325274 0.406231791712344 1.009200012777 0.445671555073932 1.79727211548015 0.442889739805832 1.97132929414511 0.489827741263434 1.87569323182106 0.357655243808404 1.62493260391057 0.30447656000033 1.3684000778012 0.481808143900707 1.35700172907673 0.454437106149271 1.61812409572303
520.916 1.38768679904751 0.400926540000364 1.95004195696674 0.455162790510803 1.09865133743733 0.396879313932732 1.28271358599886 0.442639515688643 1.43201707769185 0.485692215804011 1.92317237867974 0.41263016583398 1.45630549266934 0.467729618540034 1.12112764106132 0.492739608790725 1.54252076079138
650.222 1.81724326335825 0.308257960295305 1.92266950174235 0.38655394082889 1.09069413295947 0.337935872143134 1.27411152678542 0.323172230785713 1.55464649340138 0.359683456504717 1.83818741771393 0.32291404036805 1.73362986976281 0.326619280269369 1.18292878335342
710.749 1.17412443924695 0.397905252780765 1.62352379108779 0.392858518101275 1.93162799859419 0.487999243289232 1.36777230864391 0.39671188457869 1.44042775547132
711.748 1.78217635559849 0.432206785632297 1.04102200851776 0.394469150807709 1.03326702746563 0.394003568543121 1.82439973810688 0.381614355789497 1.32070327806287 0.367888668552041 1.52814342314377 0.402529321936891 1.07067971071228 0.393482695519924 1.29857667069882 0.37197652743198 1.05968413990922 0.300220280652866 1.44071178301238 0.416586238285527 1.7807785673067 0.428536017332226 1.05538807762787
715.868 1.47943483595736 0.30379246994853 1.00108274514787 0.381324898405001 1.45449800882488 0.328272932302207 1.31742813065648 0.415188745874912 1.91894207778387 0.388189574144781 1.05215602600947 0.397950856061652 1.58210020395927 0.443044028431177 1.82549764728174 0.304681085236371 1.84207537956536 0.30005147443153 1.93007143307477
751.903 1.97203800245188 0.453403055202216 1.50182698015124 0.396555897733197 1.51757963281125 0.405525547172874 1.44769949954934 0.377427049400285 1.96862154384144 0.493351261829957 1.7822452429682 0.453556684078649 1.47906475071795 0.34621977750212 1.61560155940242 0.382079241378233 1.28179826284759 0.471555153792724 1.86283314297907 0.318392779445276 1.36304565076716 0.365281614754349 1.87292657862417 0.304591406136751 1.01082605635747 0.37784179430455 1.52833228744566 0.306486361846328 1.4486902251374 0.465295018348843 1.08432769356295 0.34966669138521 1.04898335854523 0.369611216476187 1.74175608879887 0.357098533865064 1.8823523260653
762.954 1.3936771908775 0.393708240939304 1.64335161237977 0.390795474732295 1.88156234426424 0.33214584318921 1.81534729059786 0.33377026244998 1.56367262382992 0.367044705385342 1.04812259692699 0.458089348347858 1.58916867221706 0.43546406715177 1.81746031763032 0.419359640451148 1.41236887173727 0.37877417774871 1.91831240081228
769.842 1.81749008386396 0.420754089299589 1.50113390828483 0.351200315682217 1.2631355591584 0.368305384600535 1.79925596783869 0.317505472293124 1.79727289895527 0.404514771094546 1.23488166253082 0.484834063937888 1.72988211782649 0.37729380633682 1.14031500066631 0.490763402637094 1.94945193501189 0.479629245167598 1.77179869264364 0.34872590075247 1.17506825644523
826.734 1.92022751271725 0.341803975077346 1.62347978726029 0.379017324279994 1.87574027315713 0.447461671382189 1.92429408524185 0.333878454845399 1.42961385031231 0.344012199155986 1.37745118932799 0.451890966296196 1.67556559597142 0.378773709665984 1.23551267292351 0.327794335922226 1.22027455316857 0.383610341604799 1.88552774698474 0.324481174629182 1.42481508571655 0.302089284174144 1.54875851445831 0.3060078763403 1.59984748135321 0.307281175069511 1.67871973197907 0.387569621019065 1.89852695306763 0.314148882497102 1.87819735892117 0.467893518414348 1.99094829242676 0.461756704747677 1.98262067558244 0.430346665391698 1.53717438015155 0.34126014271751 1.36739851394668 0.375294958241284 1.54233920038678
873.827 1.24051135918126 0.494816608494148 1.26804169011302 0.36259181718342 1.1368011389859 0.331606814917177 1.67360655358061 0.430003958800808 1.56456352304667 0.443642142368481 1.56927159917541 0.370079982932657 1.83049967000261 0.315706749819219 1.32790648401715 0.39503646818921 1.04096152354032 0.341501510282978 1.93291277298704 0.344992189435288 1.96889440645464 0.497529450897127 1.63951846584678 0.387570484122261 1.9069249513559
937.778 1.49521033139899 0.479976714216173 1.7542503613513 0.466632782062516 1.09932292648591 0.37113503315486 1.94491490814835 0.333470387244597 1.30500498437323 0.330666887108237 1.73935512872413 0.450188170652837 1.65570961218327 0.476974555663764 1.51392403780483 0.412939527211711 1.44823543424718 0.437748505407944 1.03344152821228
947.954 1.33441034751013 0.427250092988834 1.82363271946087 0.38328685676679 1.6395300948061 0.394837167765945 1.51443371223286 0.320306205004454 1.88189579732716 0.345812586834654 1.22115731472149 0.337960691004992 1.97923411009833 0.483766341861337 1.21617859019898 0.421158348815516 1.23015508824028
992.662 1.69992456841283 0.307587210368365 1.99805008689873 0.369645827030763 1.66553908982314 0.485731914406642 1.01988531253301 0.445713001908734 1.80183827294968 0.41917028054595 1.66074714786373 0.441130167106166 1.89455927256495 0.305337903508916 1.90860324632376 0.387059968290851 1.72476766398177 0.487194631993771 1.35719461529516 0.453908751904964 1.48152938112617 0.321875364379957 1.38444894691929
1035.99 1.21686789975502 0.362359307752922 1.34707013587467 0.385606567794457 1.71186563791707 0.449902564613149 1.81451782840304 0.307234667567536 1.01345277857035
1111.8 1.29991553258151 0.492967091640457 1.93922028876841 0.387300658971071 1.89921069005504 0.329260442825034 1.70495067304 0.489498725254089 1.84341759933159 0.492548454971984 1.79324944829568 0.304667437123135 1.96173863601871 0.335326026193798 1.95958874910139 0.320728303445503 1.99585054768249 0.311336561478674 1.74882996780798
1167.16 1.87027598149143 0.324731006240472 1.88370508491062 0.459549997979775 1.9959386321716 0.426062268717214 1.17892242525704 0.38640144597739 1.49575998820364 0.42768733734265 1.77160060801543 0.371726019307971 1.5901136265602 0.384914933843538 1.45111786643974
1169.61 1.2714860313572 0.387809230573475 1.70933919376694 0.434029085887596 1.06540853064507 0.300564899900928 1.00236408296041 0.311153770983219 1.94866977771744 0.398027606774122 1.0084196657408 0.409377585723996 1.64733023289591 0.392878233781084 1.27243493660353 0.336393708270043 1.23292762646452 0.397819844260812 1.84905919362791 0.35054406831041 1.73037058184855 0.493628763221204 1.72264373372309 0.398079760558903 1.74571200879291
1213.13 1.26993932086043 0.346248923102394 1.70508110919036 0.332612199848518 1.55088217393495 0.327701949840412 1.58838474587537 0.483996043261141 1.17273257742636 0.415278833452612 1.77313549560495 0.394228821899742 1.7667847876437 0.347753606690094 1.72778132674284 0.455126345390454 1.45134373707697 0.309963210020214 1.2209772807546
1223.46 1.97088499483652 0.302429013047367 1.3994382454548 0.307525914395228 1.09481008304283 0.492752343928441 1.55563244153745 0.435428851190954 1.02782127913088 0.49823504621163 1.10417987033725 0.487089798692614 1.16607311088592 0.328924465738237 1.99696815991774 0.320282017067075 1.47665335098282
1241.46 1.01335947401822 0.331886040326208 1.75417460803874 0.407469498598948 1.08765112934634 0.436915755551308 1.46532230149023 0.390188371343538 1.92829459370114 0.457062990870327 1.26884899358265 0.409518244490027 1.57430734438822 0.407403639797121 1.35204117163084 0.484111813222989 1.5253508517053 0.408730406081304 1.47484587295912 0.355816478328779 1.71529163885862 0.357690499536693 1.6472074969206 0.440073092188686 1.63876594044268 0.315730048902333 1.11512452596799 0.485338544193655 1.22609569132328 0.450600332207978 1.51572837121785 0.303774136165157 1.55633506528102 0.409554878994823 1.0960819281172
1306.71 1.17004607967101 0.492086873296648 1.98475809115916 0.31868425514549 1.38035697606392 0.315746646234766 1.93319428781979 0.49388986248523 1.20794985769317 0.372919090744108 1.90181314223446 0.31545772170648 1.57852096599527 0.399848125502467 1.50423626648262 0.325573847815394 1.94988036598079 0.3495284487959 1.66080333851278
1325.27 1.88721978152171 0.399334577331319 1.00822794064879 0.465112246247008 1.82923094229773 0.327769903233275 1.8927760485094 0.302920412644744 1.28386965324171 0.463086638133973 1.16597001883201 0.375310388160869 1.45779767027125 0.467369874008 1.63217005832121 0.447245715744793 1.38512963219546 0.412553232070059 1.16963630612008 0.322280720807612 1.41819974267855 0.300502237258479 1.64030146948062 0.429451474267989 1.52241104119457 0.495177402533591 1.5923494854942 0.312093458510935 1.40613181865774
1340.49 1.65743827843107 0.32953595132567 1.59926360147074 0.494482259498909 1.36128300684504 0.318897899799049 1.64415992680006 0.442838663002476 1.25481342058629 0.38481210693717 1.89529771427624 0.400893301842734 1.63368771062233 0.344558721873909 1.87554509541951 0.478902029292658 1.5288893126417 0.377548300847411 1.09780071093701 0.379427014570683 1.06269929767586
1345.99 1.78701848094352 0.320678523834795 1.26217369735241 0.492188243195415 1.56715335440822 0.403491409122944 1.45704434206709 0.353437018720433 1.89070251979865 0.474862569617107 1.83916879817843 0.329800420207903 1.89482658612542 0.322818808071315 1.27357229636982 0.386905003758147 1.74062642315403 0.460810727905482 1.83565789018758
1347.77 1.9714564785827 0.478414408583194 1.19223171239719 0.308716566581279 1.68789119948633 0.402444203710184 1.41702493396588 0.479403512040153 1.67278792825527 0.363520137500018 1.16857952368446 0.309932982735336 1.73603793303482
1368 1.111582018435 0.470122518250719 1.55893905623816 0.351716098887846 1.5561088998802 0.471917083952576 1.00073077203706 0.457908076653257 1.79556416720152 0.342686790088192 1.59706472163089 0.488718086620793 1.68831795314327 0.340926636243239 1.51904814038426 0.454538952559233 1.55289841792546 0.398469506250694 1.93614387605339
1385.14 1.92051277682185 0.332942547649145 1.31734067434445 0.314154888270423 1.3459124204237 0.329712427221239 1.39039913751185 0.363327445043251 1.62389940279536 0.352125479187816 1.65522251930088
1391.46 1.93366136820987 0.386491158697754 1.48959736758843 0.333583379583433 1.98531786189415 0.398302584933117 1.12014690088108 0.481959455925971 1.87575543811545 0.369271628931165 1.1670374230016 0.487674241838977 1.85320716444403 0.446382631221786 1.0091740344651
1406.44 1.56984345288947 0.332770879007876 1.558807968162 0.481449265033007 1.86659489409067 0.361586300702766 1.84380501066335 0.393005768768489 1.03222122369334 0.341188554326072 1.87290593283251 0.498380197072402 1.38162886397913 0.455044937925413 1.28126767254435 0.419923634501174 1.06441712938249
1454.96 1.66008615097962 0.33370351982303 1.27734785387293 0.316571018891409 1.33760432433337 0.385188521910459 1.50709419883788 0.329826966393739 1.24385343515314 0.458116002660245 1.36295569664799 0.403281086077914 1.29982863506302 0.484377136966214 1.0096907557454 0.436261771433055 1.39338896772824 0.385311482241377 1.44648793525994 0.417511314898729 1.52171972580254 0.362288970407099 1.29671587143093 0.301933860173449 1.3658870079089 0.386527479439974 1.9813880014699 0.33159791957587 1.05442889756523 0.339745610207319 1.95464999973774
1455.5 1.83446189784445 0.440020452812314 1.87375297490507 0.414813726069406 1.72175303450786 0.395137892384082 1.69145503663458 0.439402130804956 1.88145777466707 0.351802003569901 1.5592598002404 0.417873839382082 1.83450145483948 0.416823104722425 1.71916120778769 0.38762521892786 1.01423020707443 0.421685258066282 1.088120194152 0.464916766714305 1.39018011279404
1473.08 1.82093481346965 0.313418025942519 1.17337759258226 0.35869740662165 1.50295909214765 0.440532662020996 1.32197750965133 0.368873182637617 1.32955334940925 0.346962868003175 1.16862253006548 0.480455094855279 1.82030490320176 0.332741633011028 1.60684023192152 0.385398588189855 1.44960860791616 0.487448165100068 1.78300354047678 0.464959669252858 1.16447092429735 0.349605512013659 1.69525134284049 0.368521129759029 1.97449501114897 0.361497610947117 1.9482005094178
1487.61 1.11644325824454 0.336440828861669 1.36251707468182 0.464320034626871 1.63727100961842 0.46936595607549 1.89874252583832 0.451557673839852 1.64900008100085 0.354545210115612 1.99941971409135 0.455617717234418 1.42549347504973 0.324615309713408 1.9631046007853 0.360405560210347 1.34503811039031 0.377917772717774 1.20026950887404 0.438149654492736 1.01658871490508
1496.63 1.98287745728157 0.466992757935077 1.59741427446716 0.37538608466275 1.56273031723686 0.435186075279489 1.25584098533727 0.330655217031017 1.08632410084829 0.376236736122519 1.37873812392354 0.306567124789581 1.3685400467366 0.495954456785694 1.92927722935565 0.450802825856954 1.12092534196563 0.489601615723222 1.69662129203789
1499.49 1.67828965722583 0.420565208001062 1.14381237607449 0.411122591746971 1.38216745457612 0.352790138684213 1.47144493600354 0.344296728400514 1.14294123160653 0.488206598162651 1.64357357239351 0.414869133708999 1.28649138612673 0.41904393681325 1.93302795663476 0.384264573967084 1.36122118681669 0.375810372736305 1.59621570515446 0.499486655369401 1.96412028488703 0.460359674040228 1.17886797967367
1573.12 1.05828614509664 0.399319069972262 1.50160485412925 0.359775680815801 1.09683102113195 0.490520988544449 1.45680672232993 0.326919888425618 1.6553839428816 0.345043865730986 1.44348094984889 0.336345443781465 1.59131928859279 0.375552319409326 1.99394136294723 0.405484109511599 1.43744357908145 0.488425482995808 1.93641266040504 0.43726265905425 1.45599319320172 0.356990554416552 1.48389846039936 0.353894709097221 1.15073345531709 0.488178061461076 1.27958832774311 0.359772773552686 1.77760100830346
1575.79 1.64406899176538 0.391910535562783 1.25039935833775 0.472260414902121 1.99143792758696 0.447503052745014 1.52776993927546 0.306297466345131 1.81474858755246
1604.13 1.81173410406336 0.440254367282614 1.64722672337666 0.493384860875085 1.80915920226835 0.466946021141484 1.5085738801863 0.486349623929709 1.27099462132901 0.406182553013787 1.14417090034112 0.357462554983795 1.10558113572188 0.475436597224325 1.63691586372443 0.357113875541836 1.34319359227084 0.336917819874361 1.33287444035523
1610.82 1.03794728731737 0.347228257218376 1.15208475082181 0.375681737577543 1.62021362851374 0.430848704418167 1.24466035445221 0.439106194209307 1.09877448016778 0.317493781168014 1.25404402636923 0.373042207909748 1.72277562669478 0.430401488393545 1.08689261320978 0.419578464422375 1.48172198445536 0.340339604765177 1.90009949775413 0.347595154587179 1.81735275359824 0.394121213210747 1.92622444941662
1626.1 1.57535273791291 0.405321914236993 1.26014633942395 0.332330428715795 1.52294256398454 0.397673361282796 1.9497243934311 0.300938293337822 1.87822731141932 0.498950694641098 1.27286433335394 0.446061868267134 1.07249738788232 0.476646954799071 1.31009316863492 0.49408753043972 1.92379366583191
