# Using the following values to generate the workload:# num_procs = 50
# mean_io_bursts = 10
# mean_iat = 25
# min_CPU = 1
# max_CPU = 2
# min_IO = 0.3
# max_IO = 0.5
46.3573 1.53813915001228 0.411456648912281 1.05703328573145 0.449706433247775 1.67649005516432 0.444375053048134 1.32046938245185 0.44841724797152 1.44746866100468 0.407389088766649 1.68354709679261 0.322054852405563 1.79682381893508 0.445172029407695 1.38784385635518 0.348805429460481 1.16466294694692 0.443198788492009 1.88280983059667
60.6739 1.75830905162729 0.497850999655202 1.01723454915918 0.475523810414597 1.03441222780384 0.40021913391538 1.02261304017156 0.493518579378724 1.59755224687979 0.398408289672807 1.63873573159799 0.420512750418857 1.90502117620781 0.33934196815826 1.31306809792295 0.401349566690624 1.46101128589362
106.72 1.18578733806498 0.308548200409859 1.98365683248267 0.461045168526471 1.29020067909732 0.425607116706669 1.2597654776182 0.362227115547284 1.13360652397387 0.372470614733174 1.04536244203337 0.470035679684952 1.51526923454367 0.418383095832542 1.96136690373532 0.475422207079828 1.56527133239433 0.458346244273707 1.69593127281405 0.371321146935225 1.01538065751083 0.492167938034981 1.99453209876083 0.300535176647827 1.69117550854571 0.385219270875677 1.05540632363409 0.437460275972262 1.2907191591803
115.186 1.10505709378049 0.389508318994194 1.9814846822992 0.413773492584005 1.84920261823572 0.324175729509443 1.3875621506013 0.32927772635594 1.53344044671394 0.462374720349908 1.51315629691817
115.606 1.2913519050926 0.413880623411387 1.40212296089157 0.443859392032027 1.18922784482129 0.398147592693567 1.99254897213541 0.370743383374065 1.09285331750289 0.424524107761681 1.72789992345497 0.339285873249173 1.10463116597384 0.460773098096251 1.01956502045505 0.456065144157037 1.31801892747171 0.40700008221902 1.28171178745106 0.473736142273992 1.58891519578174 0.358224743045866 1.88007296738215 0.457783626578748 1.9909489993006 0.347784358402714 1.07034584088251 0.39694118341431 1.72151038679294 0.456147606950253 1.35843743965961 0.428095055371523 1.46365577122197 0.393995947716758 1.15357415005565 0.305535978311673 1.02706307452172 0.357608020165935 1.76940703694709
119.22 1.84645234933123 0.477084494428709 1.70768513716757 0.446540240617469 1.07238954189233 0.418445767695084 1.01446711691096 0.399801306752488 1.40447205421515 0.468362990859896 1.75323357619345 0.486248044483364 1.57852307590656 0.448753586504608 1.82453794102184 0.384684252971783 1.5598410256207
143.553 1.02878310228698 0.375051280809566 1.53814221196808 0.426340761594474 1.51945541240275 0.392155068833381 1.48676418676041 0.453942403756082 1.78759145969525 0.341699002729729 1.2297618354205 0.346174496319145 1.26456952164881 0.300461098458618 1.48470352566801 0.498496239027008 1.70573795959353 0.437715498916805 1.78882454894483 0.478340561036021 1.73094596737064 0.381641762331128 1.21977377752773 0.418506838893518 1.34462721622549 0.402037174766883 1.44631002680399
147.255 1.51241919933818 0.30104100285098 1.35007818508893 0.325071015395224 1.84799414128065 0.348674226552248 1.40860397159122 0.331358742946759 1.36924839671701 0.303223951160908 1.37073563621379 0.308137531904504 1.99226538767107 0.348960123350844 1.97777143726125 0.368030504928902 1.80376179073937 0.484456621250138 1.02694723661989 0.461128543224186 1.64000880112872 0.403197314823046 1.32485692948103 0.34556503794156 1.68619709368795 0.33759011705406 1.76686812285334
163.255 1.07394264312461 0.42430650643073 1.83962792926468 0.30729143503122 1.96800292073749 0.368570519750938 1.61499835457653 0.490651895431802 1.32672052877024 0.348552728211507 1.49726359406486 0.396158345369622 1.70416626683436 0.40286177881062 1.42432955862023 0.333494646614417 1.46078063966706 0.40365092549473 1.33188047003932 0.428447344712913 1.46410010266118 0.447135226940736 1.52406928548589
249.122 1.28718319907784 0.398744080821052 1.39468894153833 0.35855295364745 1.20218131039292 0.489493527729064 1.66853374312632 0.413339411094785 1.59534059208818 0.440500503219664 1.46606447617523 0.406691573234275 1.74977804650553
277.552 1.52022134768777 0.327674734778702 1.63808111450635 0.366295594675466 1.3399647732731 0.321304559055716 1.42380588524975 0.39584286105819 1.19667763472535 0.48085311036557 1.88990789046511 0.445947495987639 1.99063233099878 0.488551460485905 1.91945639019832 0.395549667114392 1.94312884332612 0.421319155581296 1.19795681815594 0.363886205898598 1.51873049978167 0.446397434733808 1.64021231047809 0.365224842261523 1.59627404110506
344.48 1.31869875732809 0.457457573805004 1.63765073963441 0.466202196618542 1.58635701565072 0.449713481077924 1.24777074879967 0.419598684972152 1.78269645874389 0.34431455116719 1.66676750895567 0.460181760741398 1.94937444385141 0.421917452476919 1.17223250144161 0.468097252445295 1.66474281693809 0.492764843953773 1.94080430758186 0.338170489389449 1.72453805152327 0.442963011190295 1.13351721665822 0.440176567900926 1.19282160163857 0.380422133952379 1.11096761538647 0.395753186615184 1.45290584606119
408.525 1.06247984641232 0.382455840939656 1.81648418330587 0.351169156702235 1.45165129494853 0.361961486795917 1.90275631262921 0.321315490361303 1.49106687214226 0.394915039092302 1.71601490979083 0.495027612475678 1.89713582466356 0.332182283885777 1.45491668954492 0.317376451054588 1.95201744837686
431.377 1.21838752343319 0.305660435883328 1.95775581151247 0.423409905238077 1.74939173599705 0.335345218982547 1.16607342846692 0.330972702614963 1.15138472965918 0.359873796673492 1.89852725737728 0.396446525026113 1.26470664981753 0.480949298338965 1.26504708919674 0.425445569073781 1.94560064468533 0.446359556820244 1.87562328437343 0.49149256371893 1.50202825665474 0.329332497250289 1.07290852745064 0.436821067286655 1.49100415036082
440.182 1.36668525496498 0.369750824058428 1.3781951891724 0.444502341561019 1.64932344527915 0.301102730073035 1.23297042027116 0.396219422016293 1.91567502636462 0.384595517674461 1.53350626467727 0.478997574653476 1.94466350413859 0.35954487901181 1.41885880124755 0.474476678716019 1.42141572455876 0.48657281990163 1.99045096058398 0.324988918285817 1.76313636265695 0.432619982166216 1.24198314687237 0.454872477892786 1.31375840282999 0.33308291961439 1.01823105057701 0.462277825409546 1.93027033866383 0.308622553618625 1.37040652520955 0.470824397169054 1.12827779445797 0.329185220925137 1.08824067981914 0.458890802739188 1.14772669272497 0.432767301937565 1.95556122646667 0.41668627653271 1.96827179146931 0.432324488088489 1.07875038543716 0.384216588782147 1.37650564452633 0.317644437775016 1.32172755408101 0.440387530485168 1.98200897080824
442.94 1.97516832640395 0.417926274286583 1.29322728607804 0.37188086505048 1.80001161945984 0.421977755846456 1.55718915280886 0.401912307180464 1.43104526679963 0.350788907427341 1.40278899180703 0.408001824980602 1.2376808533445 0.387489358289167 1.80539009417407 0.430515964375809 1.30548512050882 0.358092226972803 1.43060349766165 0.38805753425695 1.41107809566893 0.49066081228666 1.17226573824883 0.422136396495625 1.49194000312127 0.340343404142186 1.14398889057338
462.209 1.92769483849406 0.451138141797855 1.8734353503678 0.458514235168695 1.9971956978552 0.459707782790065 1.42837377055548 0.410841077985242 1.34238185896538
484.308 1.97959219361655 0.436754369456321 1.90779505530372 0.478243100689724 1.74446729919873 0.477091219322756 1.38728757342324 0.370653643924743 1.64563351706602 0.320967131387442 1.13350805430673 0.389108952460811 1.31325155450031 0.441975744999945 1.28689573938027
531.414 1.20101844985038 0.384563948540017 1.24830604973249 0.359893012605608 1.47989782318473 0.329901659628376 1.46912381076254 0.477527091559023 1.91357415751554 0.43956783041358 1.01567147229798 0.479943476524204 1.19533946970478 0.366074246354401 1.76098619913682 0.477926650177687 1.75908881635405
545.018 1.46617052075453 0.344454389018938 1.8539068880491 0.334819691814482 1.65117922564968 0.322980261687189 1.68610866018571 0.335753693757579 1.46076991362497 0.397025678772479 1.7620084232185 0.387438857881352 1.28305814485066 0.32418925347738 1.39864348387346 0.48656242378056 1.26505310833454 0.471310439938679 1.35497632855549 0.367209908179939 1.03278557094745
551.439 1.61425389675424 0.382749582594261 1.49884702824056 0.350199666200206 1.61053629592061 0.319751762365922 1.7302846678067 0.446397877065465 1.14077563467436 0.452329784911126 1.51640626369044 0.454607306420803 1.07954159681685 0.388882704731077 1.27677720296197 0.438602453097701 1.5182769340463 0.398650366812944 1.98738855705597 0.470836848346517 1.52209634333849 0.473343875724822 1.59404095448554
570.129 1.6884142907802 0.374305350799114 1.95200379774906 0.491823476413265 1.76793915219605 0.35546608902514 1.17782236076891 0.399696518201381 1.43778446875513 0.427702920697629 1.54196364129893 0.30826723407954 1.47027776855975 0.409875918831676 1.88898582477123 0.358534518256784 1.23441364453174 0.411328607751057 1.01842162711546 0.469754909491166 1.962750029983 0.343769602989778 1.96752506773919 0.421176378568634 1.44736991962418 0.366134779900312 1.3005737492349 0.43404167923145 1.5582465226762 0.366941335611045 1.59977505519055
683.301 1.45947116008028 0.438135716738179 1.60274739237502 0.337573054432869 1.01533513283357 0.44409442609176 1.3469998377841 0.425582899712026 1.84846963128075 0.319981893245131 1.97356690606102 0.418765064701438 1.43005690863356 0.384243927197531 1.99012126051821 0.421886443858966 1.010635554092
692.883 1.28543419786729 0.4993582543917 1.23844006517902 0.415319021139294 1.16647718450986 0.373669887520373 1.78614397160709 0.39002102590166 1.68823923659511 0.319659837754443 1.6988047126215
753.352 1.11931898002513 0.446696709888056 1.0745322695002 0.446952061913908 1.94328744942322 0.471572836907581 1.27278820145875 0.337804869608954 1.62745475117117 0.455952360853553 1.52141205756925 0.407315143523738 1.11241209763102 0.46467950665392 1.87346814083867 0.440456681698561 1.6709344428964
792.277 1.64985691267066 0.342166109709069 1.5749222189188 0.394582587806508 1.79080717079341 0.381976941833273 1.46723724040203 0.377777538076043 1.03563482896425 0.498656447324902 1.58495269482955 0.494677274068818 1.93360634846613 0.336439769156277 1.57074486254714 0.339189630979672 1.4746237299405 0.376493710745126 1.09289925382473 0.348886969313025 1.30390570918098
803.726 1.24502434837632 0.429168600682169 1.10378387360834 0.454432109510526 1.19681234704331 0.336576912552118 1.96973923617043 0.475984096899629 1.81073600496165 0.445075833750889 1.30634960811585 0.386375300679356 1.10916241980158 0.347070080460981 1.13591339415871 0.471209734911099 1.34711620956659
814.484 1.92400520271622 0.383110488811508 1.53052919846959 0.364613788528368 1.66038329247385 0.37002777531743 1.35860039317049 0.483050929196179 1.21738300519064 0.41004807385616 1.22588052740321 0.431732515105978 1.87198392883874 0.360829290095717 1.85270767519251 0.496477289870381 1.18237637332641 0.401502214558423 1.62526354566216
823.604 1.60031232004985 0.382489058142528 1.94900562032126 0.350446688197553 1.78260920546018 0.317252318141982 1.10692753060721 0.453383622504771 1.1716030256357 0.45238180430606 1.6611596532166 0.357835252862424 1.34106713440269 0.493702947208658 1.05900166812353 0.44954945887439 1.99289763323031 0.382693396136165 1.6248008380644 0.342014891095459 1.46788158710115 0.324768380401656 1.33911582268775
825.021 1.12784218089655 0.326774657145143 1.53822296438739 0.455552043998614 1.98391888104379 0.333447710145265 1.47254650644027 0.355414378084242 1.98412315291353 0.473821857664734 1.11276994412765 0.420525458548218 1.1111666909419 0.387192298518494 1.99201720068231
887.49 1.14127152063884 0.313170528504997 1.63423861144111 0.355904521187767 1.22719171852805 0.362790680397302 1.50705473171547 0.46347361234948 1.79209623741917 0.386725150654092 1.39062080974691 0.496775462245569 1.9040037014056
904.122 1.9366898604203 0.427472750330344 1.75091155827977 0.378935535438359 1.25530983041972 0.438770409207791 1.47968138987198 0.471661006426439 1.65329525875859
911.974 1.52203702926636 0.35247952984646 1.87323793210089 0.491427245689556 1.79134241677821 0.498227675678208 1.17154708597809 0.47095766174607 1.16112786578014 0.304630825296044 1.7344115243759
1074.66 1.08707802044228 0.405752118024975 1.07578482106328 0.408575893705711 1.45588604081422 0.392703319573775 1.96946455561556 0.495486017921939 1.23572547989897 0.41366440881975 1.73469264712185 0.410099863447249 1.97782404068857 0.396989679709077 1.31353852152824 0.359519193181768 1.52339238417335
1103.49 1.92558867298067 0.487983612483367 1.23403378506191 0.397080766363069 1.2177254371345 0.436990430112928 1.58119500381872 0.453334950516 1.51675478601828 0.366711559891701 1.40153074241243 0.459740005340427 1.52488195546903 0.438347522355616 1.81047639832832 0.384051247639582 1.52004724158905 0.447271246835589 1.41449577710591 0.369049704261124 1.01922006462701 0.384270431566983 1.18169199605472 0.330407395493239 1.77957631042227 0.362506954045966 1.1230719932355 0.302310406137258 1.08352315914817 0.330291326902807 1.15277836495079 0.364284447813407 1.57406405522488
1106.34 1.83386737550609 0.384414154989645 1.78514440730214 0.335214706044644 1.7147333836183 0.362324939807877 1.8580993777141 0.325568774994463 1.59789365786128 0.333559241658077 1.02513738698326 0.302338634850457 1.38879656000063 0.368944751657546 1.87327405833639 0.308630922110751 1.24096847511828 0.442809746507555 1.03929485194385 0.35293025164865 1.27647064602934 0.362805892527103 1.53443668154068 0.465283700078726 1.5290559520945 0.314441475830972 1.37627732264809 0.446776741975918 1.61203467543237
1107.82 1.46510008675978 0.427699722535908 1.80718925967813 0.415518545964733 1.05461718863808 0.433326739957556 1.56224118336104 0.41166629078798 1.10109225474298 0.409931985009462 1.89992650318891 0.398816829267889 1.60921554453671 0.324175311019644 1.21870208857581 0.318357098149136 1.87949468381703
1135.89 1.25008048233576 0.476426207460463 1.48210800020024 0.360217380942777 1.4695140607655 0.301687172893435 1.1249788433779 0.384255553409457 1.8168822277803 0.410360112879425 1.70056586712599 0.420930258603767 1.19677059049718 0.401767846615985 1.3241198877804 0.339106452837586 1.14348083874211 0.470397333661094 1.21886020922102 0.468266164790839 1.2409036452882 0.424416299909353 1.84723465912975 0.386720321653411 1.52786557027139
1156.68 1.57845570985228 0.491814193315804 1.33500979887322 0.380711999675259 1.35118826106191 0.34930842295289 1.79092590906657 0.334358095237985 1.89925240376033 0.382851589703932 1.73688754020259 0.485786500619724 1.82685792632401 0.331151076732203 1.01761521515436 0.499643624899909 1.09692140016705
1172.33 1.36889021005481 0.325546051841229 1.86242968123406 0.456637216359377 1.32177473977208 0.430895855277777 1.18959759059362 0.327913957927376 1.25994628318585 0.379025202523917 1.89039392629638 0.430100186076015 1.66720197955146 0.378314316738397 1.41584646143019 0.354064803989604 1.88358227326535 0.360489506879821 1.53610329912044 0.388011835003272 1.8038507734891 0.317202678276226 1.95503085083328 0.353090065950528 1.56691174535081
1192.92 1.60049548349343 0.410336613468826 1.47031019860879 0.360319672944024 1.75416280911304 0.371541410638019 1.0883330241777 0.480733859911561 1.99400292523205 0.338902519503608 1.1314159501344 0.358869182225317 1.89959696237929 0.418062033690512 1.659522973001 0.363755246717483 1.83000203501433 0.361484463745728 1.03791411942802 0.322203642642125 1.25743153644726 0.389664773410186 1.13623376470059 0.306820851471275 1.11580075370148
1208.55 1.01554643781856 0.495233175205067 1.28710748371668 0.474482588702813 1.97576911537908 0.48286424963735 1.98051775083877 0.386111681442708 1.81676130043343 0.35732202809304 1.80824599089101 0.352746739098802 1.04344237758778 0.429404041450471 1.41776435822248 0.380807307828218 1.21955945319496 0.394023000635207 1.70955906924792 0.474793959083036 1.11314843501896 0.30562845049426 1.99428277276456 0.475101877236739 1.47424028837122 0.425319926301017 1.04359730193391 0.429982022801414 1.01277155987918 0.30845788102597 1.97911530989222 0.365566864935681 1.36839553155005 0.334041521931067 1.7283644375857 0.352797588473186 1.48182071233168
1232.03 1.75704351137392 0.491144360322505 1.99692406598479 0.391334660584107 1.39309324463829 0.446323900530115 1.51913247583434 0.480956550594419 1.31776453740895 0.31955074458383 1.28386123059317 0.432304639834911 1.45116449869238 0.471706882212311 1.57538375328295 0.313303410541266 1.83868091972545 0.426625555101782 1.1740129920654 0.372437652712688 1.42066763131879 0.337916461657733 1.91268114186823 0.316058443300426 1.24203121080063 0.358787709660828 1.13681328459643 0.312484105443582 1.93743888614699 0.342171991895884 1.73603356909007 0.479242331255227 1.22825570125133
1243.75 1.54566411999986 0.302706035692245 1.90985247446224 0.485676283808425 1.79073838121258 0.429940041573718 1.06167253525928 0.43568312143907 1.01771768997423 0.40946917119436 1.19667572481558 0.48412005645223 1.01393191283569 0.383796819113195 1.719713448314
1275.91 1.79257846577093 0.351873226929456 1.40099422982894 0.32359707406722 1.65228500962257 0.326752742333338 1.6984447313007 0.31897693942301 1.17118341615424 0.303020336432382 1.73416112945415 0.404893083684146 1.23164384812117 0.395489445049316 1.38379235006869 0.413099708454683 1.66807333170436 0.495771307125688 1.03567356755957 0.36193891200237 1.3360190554522 0.354104599822313 1.26366428215988
1304.21 1.39720835001208 0.422923377575353 1.77366294898093 0.411445401236415 1.24012091709301 0.498845980875194 1.49820437119342 0.323304642690346 1.08682716102339
1305.58 1.10025595640764 0.311277783149853 1.97171448799782 0.442300389660522 1.21736155427061 0.413368386588991 1.59490016545169 0.316727181524038 1.89274287782609 0.478190890140831 1.34983028378338 0.454489937750623 1.65097264223732 0.382422820338979 1.38467608322389 0.458545754663646 1.44907510024495 0.419797980971634 1.19983539311215 0.311673219362274 1.88959495443851 0.419069181056693 1.67018348607235
1371.41 1.60558621725067 0.351636974513531 1.97255185432732 0.44423496038653 1.70537395519204 0.479738567583263 1.75220373808406 0.450081061804667 1.45888987719081 0.464316503610462 1.45988540654071 0.494127228343859 1.68256223411299 0.493159805284813 1.29382777423598 0.328378371847793 1.51740042748861 0.393811471480876 1.39812978357077 0.357130328286439 1.2012521752622 0.444162071216851 1.21778072998859
1375.75 1.86846684082411 0.476621437305585 1.68401943682693 0.432228915253654 1.01007259986363 0.304297647997737 1.04689636523835 0.302989563951269 1.24510044651106 0.447245926177129 1.18074452783912
1401.53 1.29639333789237 0.390378805762157 1.78861948265694 0.434655906492844 1.18270622030832 0.342065835231915 1.66096316673793 0.388148193061352 1.38652445492335 0.444310972839594 1.11891888431273 0.326222323952243 1.75453195185401 0.439375352812931 1.86860317294486 0.347100615734234 1.22052908572368 0.341143371816725 1.82822682266124
