# Using the following values to generate the workload:# num_procs = 50
# mean_io_bursts = 10
# mean_iat = 25
# min_CPU = 1
# max_CPU = 2
# min_IO = 0.3
# max_IO = 0.5
15.0508 1.84832913381979 0.343302825745195 1.96993253612891 0.443380469735712 1.71376604959369 0.46685807062313 1.84638131759129 0.366346664074808 1.51585477008484 0.396895063994452 1.67509491904639 0.406199501315132 1.61824355763383 0.353531774086878 1.52629806147888 0.357200812967494 1.18627635273151 0.493100584438071 1.02762917266227 0.346579638496041 1.31268598325551 0.43810579800047 1.96498013753444 0.375896159373224 1.35806991066784 0.415480019291863 1.59301535552368 0.308801339473575 1.72189952176996 0.317129494203255 1.43267565080896 0.339751271670684 1.02012115600519
36.8757 1.26387848728336 0.483032480115071 1.04568575578742 0.473382611433044 1.21907424507663 0.360013897763565 1.40786014753394 0.397234302479774 1.76000585663132
45.226 1.48280184180476 0.466058418340981 1.9224713682197 0.329867863189429 1.53644662932493 0.311481728265062 1.14892106642947 0.406039870018139 1.7434917727951 0.414810317568481 1.81458355183713 0.358960361173376 1.96281158644706 0.393760756356642 1.5545093100518 0.373441985994577 1.56161851529032 0.341736209578812 1.8587036926765 0.358977127121761 1.17133725993335 0.428855080204084 1.03975590551272
58.9332 1.17780378065072 0.434001391706988 1.2222163383849 0.384738436760381 1.11264514597133 0.478244841378182 1.72238542907871 0.37598254182376 1.59321308624931 0.364823085162789 1.23431084561162 0.455455560237169 1.15887843747623 0.482913286937401 1.11034833849408 0.370862800208852 1.27083007758483 0.358500956231728 1.12692453223281 0.410707395523787 1.48639200860634 0.409083532122895 1.82984689925797 0.424310595728457 1.1047864172142
112.829 1.90487261116505 0.34469423214905 1.55022155307233 0.300206384062767 1.1308432072401 0.395101821469143 1.67100370535627 0.462636623159051 1.41328307008371 0.477351517882198 1.21436450211331 0.472718856390566 1.82914685597643
144.807 1.48562364536338 0.461015161592513 1.2379332582932 0.388429116271436 1.5047980316449 0.306362054869533 1.08904692879878 0.39462546845898 1.04722526948899 0.405932354647666 1.30332013708539 0.487211365159601 1.85104982717894 0.404703786503524 1.70676015899517 0.349420655611902 1.22175650973804 0.33729866896756 1.07109026960097 0.392293651215732 1.12372816819698
153.753 1.59162354818545 0.364588172966614 1.9515900942497 0.490992825571448 1.98974854801781 0.354856449645013 1.70375718036667 0.345213154377416 1.03247691644356
199.147 1.13189418939874 0.367559561319649 1.20430228533223 0.341304920660332 1.76441236934625 0.456342519307509 1.7245292016305 0.341109310043976 1.52505881944671 0.328240272542462 1.64427033625543 0.392582241119817 1.42919616843574 0.335027815587819 1.29872510605492 0.468129072152078 1.93848686898127 0.442990206088871 1.05128447664902 0.331684121629223 1.71028654044494 0.369148127920926 1.60313980211504
203.1 1.78746838751249 0.476144803268835 1.10165614681318 0.468099752254784 1.59644376439974 0.475458554457873 1.47285574860871 0.466862909542397 1.04882429214194 0.415624463604763 1.1205843151547 0.442044492764398 1.03960514324717 0.383701529726386 1.53803375246935 0.475539736077189 1.54674896621145
252.604 1.48946759314276 0.445917158666998 1.69954174896702 0.309896915685385 1.77202884946018 0.386099479161203 1.50770848360844 0.49259701538831 1.33013690891676 0.35582513473928 1.83586619608104 0.402589107584208 1.43760828347877 0.446313001168892 1.32560101058334 0.365790461096913 1.18833019887097 0.455203089863062 1.27041042060591 0.498418711265549 1.11035510106012 0.488840510696173 1.08872558851726 0.482343625137582 1.49004045058973 0.485950616933405 1.97366535896435 0.367006366979331 1.52052440843545
258.893 1.19032696215436 0.38734741313383 1.64165092888288 0.414806675352156 1.19159016106278 0.469145544338971 1.61655353219248 0.404969687853009 1.22148434026167 0.449617760675028 1.48787520546466 0.406722385808825 1.45382538787089 0.394744534883648 1.67413972551003 0.464743446558714 1.772178939078 0.476521593518555 1.42302992101759
259.828 1.71531227231026 0.455969349341467 1.11357689322904 0.471893587289378 1.88392672268674 0.305813046405092 1.60694930911995 0.4852992891334 1.93637727783062 0.312647040188313 1.50632720836438 0.472249830095097 1.87876264611259 0.492034017201513 1.19852878106758 0.315854461025447 1.82372631225735 0.477369448728859 1.02949335053563 0.358652465231717 1.99535220512189 0.309285483136773 1.23594811582007
264.303 1.00738306203857 0.48500390718691 1.97472633630969 0.390951012633741 1.79563957708888 0.370951901236549 1.05881220195442 0.343235404836014 1.07790513103828 0.302394815627485 1.11530253384262 0.331287590833381 1.79461280116811 0.477232479536906 1.67856132914312 0.46885666414164 1.27311867359094 0.436873629270121 1.84091403824277 0.416935059567913 1.07540496345609 0.325829376466572 1.06327165011317 0.311919143097475 1.36832257010974 0.417578759882599 1.78140906128101 0.321790524059907 1.89115659799427 0.406279078498483 1.74640311091207
286.633 1.63876361050643 0.330969312181696 1.39424738008529 0.420885682338849 1.7923134365119 0.321159775648266 1.14387332228944 0.499100028537214 1.92455214960501 0.427132505411282 1.54689360456541 0.389845414832234 1.73036077315919 0.413329874258488 1.58221895201132 0.311797436047345 1.85381148988381 0.474927569553256 1.78097414691001 0.498481649439782 1.8291214639321
329.562 1.81057524844073 0.356659956881776 1.66943177045323 0.422987634316087 1.93318118900061 0.437463445635512 1.74152375780977 0.363578975852579 1.12488938425668 0.337320884829387 1.22478691977449 0.423991815885529 1.66896245325916 0.454898090939969 1.7472953486722
361.777 1.35752054397017 0.37565870564431 1.80495945573784 0.466059900214896 1.95035407342948 0.399210010841489 1.85398664348759 0.408983240323141 1.60957154631615 0.313337690476328 1.5909279815387 0.327079440932721 1.71471178624779 0.373058358812705 1.84978277026676 0.455903743533418 1.95682071638294 0.388156082294881 1.02662483789027 0.323095711367205 1.78218900831416 0.41770740118809 1.25679803476669 0.430746864667162 1.92706566513516 0.321152445441112 1.82143295556307 0.472493649739772 1.94451959501021
390.46 1.45693572517484 0.473551545990631 1.40611120290123 0.464366445410997 1.49398215371184 0.398975450033322 1.04728893260472 0.322183715039864 1.56987998844124 0.33369438778609 1.23509278614074 0.488466020300984 1.51888111676089 0.319915896421298 1.09579504071735 0.37733573759906 1.17543805181049
391.688 1.05835231300443 0.300952241476625 1.47471112874337 0.320112545089796 1.80367249669507 0.471210331330076 1.47635647468269 0.308743734145537 1.58749956381507 0.325881068501621 1.95574216265231 0.381798023916781 1.75686675659381 0.305594025691971 1.25469033792615 0.425567795755342 1.26732539641671 0.333365925122052 1.77488919650204 0.300039118621498 1.24943563574925 0.471237459871918 1.02667199424468
424.37 1.82522326731123 0.451280998438597 1.71354078664444 0.396528650633991 1.59471312607639 0.478106989897788 1.59593396587297 0.461852399632335 1.91744940308854 0.461332209361717 1.1709699248895 0.345889990171418 1.39689676277339 0.305040474515408 1.46118594356813
432.875 1.76748724794015 0.3114434490446 1.31252574850805 0.333609188022092 1.21785973291844 0.341351313982159 1.59455740777776 0.421516327746213 1.25685163517483 0.373028725991026 1.54712352738716 0.478290922986344 1.50980163202621 0.484350790828466 1.28064823616296
442.561 1.52159261051565 0.356101433793083 1.95704155205749 0.317827906878665 1.61168400780298 0.462639542575926 1.7155207847245
512.584 1.69311899784952 0.409111062856391 1.48938657203689 0.450954803870991 1.41658690129407 0.376837268332019 1.25028024124913 0.329295630473644 1.08584941201843 0.460881039826199 1.69415484159254 0.347508091013879 1.37089782464318 0.325784543761984 1.08688519359566 0.34387495466508 1.44606820004992 0.491606094269082 1.86971202492714 0.323734062630683 1.28356153471395 0.373527815006673 1.98729077656753 0.404745272640139 1.65293768025003
520.683 1.83555228891782 0.330787883279845 1.27370067127049 0.353798852302134 1.58970822347328 0.326384003832936 1.44983033509925 0.412629515863955 1.26572628947906 0.350368706090376 1.49277212377638 0.305278872605413 1.8376403732691 0.483891120459884 1.38108927337453
577.675 1.15986552718095 0.378136907191947 1.57158864312805 0.300688128639013 1.38718782947399 0.305860647186637 1.96395898517221 0.433077424531803 1.60405538696796 0.495707583194599 1.85007778508589 0.4602922427468 1.77817437960766
592.618 1.36919823521748 0.458424828387797 1.13591431383975 0.408739050710574 1.19858340336941 0.408187197614461 1.65771058318205 0.352016088599339 1.14521916466765 0.470195249700919 1.585835007485 0.425764885544777 1.79384266585112 0.324674074817449 1.18461151001975 0.474265596223995 1.12320968322456 0.421292248833925 1.0995780301746 0.389892204804346 1.37143194419332 0.303964128857478 1.56244949251413 0.321732180006802 1.40317518427037
600.555 1.00251842988655 0.316875555040315 1.40748615469784 0.437656887620687 1.71847338764928 0.348706295900047 1.67477844189852 0.32530846837908 1.13897000742145 0.460319769661874 1.99356735846959 0.400798437185585 1.69079868146218 0.313876919867471 1.22773671429604 0.464261627569795 1.9072570130229 0.458364938059822 1.25526703987271
664.968 1.79792873351835 0.452444511279464 1.17057450744323 0.371684762882069 1.2289533726871 0.418677590880543 1.8712461409159 0.470830830140039 1.31993295159191 0.469018577598035 1.14327983837575 0.450787830771878 1.08721737214364 0.444142319075763 1.35781581164338 0.480256638908759 1.6423186478205
686.795 1.49589122622274 0.463559672329575 1.26173118711449 0.355073542753234 1.91428296198137 0.351680695172399 1.63145988201723 0.483686704281718 1.57631628261879 0.330884161544964 1.6143254104536 0.317123863985762 1.63461981457658 0.402218585787341 1.05995416967198 0.463986788596958 1.52473350265063 0.413933583721519 1.69900497677736
705.539 1.5969493673183 0.360906900279224 1.94747875258327 0.432282236916944 1.87669241428375 0.305064580775797 1.31888726493344 0.409494130779058 1.4706125613302 0.430434668809175 1.13934369571507 0.485424520494416 1.58915264043026 0.367980642011389 1.20001945924014 0.449995369883254 1.80996808712371 0.314672685600817 1.64650556445122 0.387991358013824 1.57394685037434 0.32869291389361 1.97540765325539 0.305461613461375 1.77932073920965 0.310057005938143 1.8898171458859 0.303263063170016 1.80606379476376
717.078 1.77980380319059 0.486030767532066 1.88439686107449 0.461679002270103 1.99021759163588 0.479969897074625 1.20042018359527 0.384309481503442 1.2172940147575 0.422135821217671 1.54171750554815 0.309690714394674 1.40576715394855 0.470467975921929 1.79488008492626 0.481784778134897 1.67200794070959 0.394405472744256 1.05399832851253 0.313974979659542 1.33915670914575 0.402499035885558 1.66406370559707
722.183 1.52059135935269 0.48003088911064 1.07469065953046 0.353160494053736 1.65531137189828 0.352365125576034 1.98941579903476 0.345447124261409 1.79157097870484 0.306441418640316 1.45173167600296 0.313794479425997 1.05413644528016 0.458905692212284 1.25565170217305 0.300650686677545 1.01563657657243
723.739 1.94401796883903 0.396612893184647 1.20931499940343 0.477676157746464 1.98012239322998 0.477621896378696 1.50660146493465 0.455806096410379 1.09571642964147 0.431488444516435 1.51270599476993 0.408824300393462 1.21317339711823 0.460697016306222 1.49423477379605 0.409388044755906 1.49469922622666
727.75 1.49272822891362 0.437147681415081 1.893172764685 0.467257260531187 1.15861728880554 0.309638907713816 1.40164687880315 0.48207769128494 1.67664256785065 0.47050575921312 1.97050380986184 0.359837958263233 1.20419176411815 0.377095723478124 1.40383400977589 0.387006339104846 1.94927558163181 0.428400833858177 1.28114386182278
778.078 1.89278931170702 0.329233930911869 1.32315426156856 0.385328083857894 1.91265800781548 0.470957649406046 1.91153078805655 0.411946208868176 1.97413184377365 0.396081956941634 1.87369336443953 0.422543316474184 1.36593782808632 0.402837469661608 1.81947965640575 0.324068034300581 1.95457080379128 0.373673585616052 1.95854823756963 0.428260908368975 1.57394695910625 0.361010333057493 1.92043679882772 0.33525406983681 1.57285853195935 0.364369894610718 1.95177220157348 0.473106400901452 1.24177843169309
808.06 1.12808535108343 0.304627643851563 1.08875655848533 0.320495111402124 1.25374375563115 0.306937574688345 1.13381295837462 0.426538884080946 1.65637690410949 0.449844406079501 1.92229089932516 0.35678929570131 1.81906697945669 0.39789392282255 1.49076480325311 0.380401436379179 1.46996117755771 0.38354804366827 1.44862175080925 0.432010230142623 1.06408271472901 0.33196785361506 1.22017835057341
810.448 1.653589974856 0.372229398554191 1.94138371688314 0.478039668826386 1.72442611120641 0.386745660891756 1.27023305813782 0.324003517627716 1.23725885665044 0.439465646445751 1.15300797461532 0.453768327832222 1.65341673162766 0.396188710397109 1.54817210161127 0.485018755635247 1.92033052979968 0.479456497728825 1.83454128052108 0.33441060623154 1.00305936392397 0.495771556021646 1.5911603467539 0.442695794114843 1.27312767063268 0.466468350496143 1.46829556440935 0.451932851551101 1.84931800584309 0.38075985792093 1.04924024781212 0.373968749819323 1.00438605574891 0.319049006002024 1.4043259031605
816.164 1.01616662973538 0.448255473840982 1.83940870780498 0.403746806131676 1.26698264642619 0.433721779379994 1.11637907102704 0.313829121366143 1.41799549316056 0.386667825467885 1.71383648435585
865.992 1.21384666021913 0.4865359345451 1.30679143150337 0.390116787096486 1.06327342102304 0.418827852560207 1.80697932979092 0.45145273944363 1.71372984861955 0.424969393899664 1.38053362444043 0.40060821287334 1.12159174564295 0.494387794099748 1.95928079122677 0.326256024604663 1.51187881361693 0.449659442063421 1.07384993392043 0.415866463817656 1.69189444603398 0.351200167834759 1.56655940948986 0.300160493841395 1.91623020172119
872.564 1.91549021890387 0.395204469608143 1.39172769477591 0.373670198069885 1.63784779165871 0.431452742638066 1.52130154566839 0.468793276092038 1.9549677874893 0.410733451787382 1.3571520675905 0.400981030846015 1.98376557254232 0.399526312295347 1.84588420204818 0.361256104055792 1.93155190069228 0.45995388017036 1.90897574299015 0.357316755596548 1.19448440265842 0.336354953795671 1.42517038853839 0.352625311817974 1.25497670075856 0.307649332936853 1.90505898674019 0.474811379937455 1.45629031513818
873.027 1.12357763247564 0.426082945102826 1.90342916222289 0.467884937673807 1.34048074530438 0.317855674726889 1.04048810875975 0.300583667727187 1.35603125975467 0.402142999414355 1.65699761593714 0.416635618731379 1.18941928469576 0.423682381771505 1.96815152978525 0.337212263187394 1.88784386473708 0.438945466093719 1.05900554661639
878.172 1.37169090728275 0.337580048758537 1.9611240986269 0.32527983491309 1.1073724697344 0.308834823034704 1.7768990767654 0.307438020501286 1.4622694849968 0.441286046709865 1.444699594751 0.369141650944948 1.13075757957995 0.425602494599298 1.06821853807196 0.346930588874966 1.45071673044004 0.494170948211104 1.58055974286981 0.395705605810508 1.68252506898716
887.159 1.54775097360834 0.354046589788049 1.11986262025312 0.321511483518407 1.56898164586164 0.45360470963642 1.62574241124094 0.308553859032691 1.06203954410739 0.3916386957746 1.58281680569053 0.32297537503764 1.83624635334127 0.482911460660398 1.41042149299756
903.104 1.34335238859057 0.406280821654946 1.59655270213261 0.36375547372736 1.63079077424482 0.362877883156762 1.94789015315473 0.460161018092185 1.49433961464092 0.380558652477339 1.27435239520855 0.449105357937515 1.50026202201843 0.304024919541553 1.38720855023712 0.331189975095913 1.67626382899471 0.493343793833628 1.08452187268995
927.067 1.49921122938395 0.435866344533861 1.37270651012659 0.39826750503853 1.2107779153157 0.496906842151657 1.71408730023541 0.320693947095424 1.36344579141587 0.429846457950771 1.52472306322306 0.404505679011345 1.01493431045674 0.438075241493061 1.79848586977459 0.467278696689755 1.81391544267535 0.386499898694456 1.73278769641183 0.349050359753892 1.22149120736867 0.321186093380675 1.16612733062357 0.366156199248508 1.0303513163235 0.479735013702884 1.44550226954743 0.43535916749388 1.61731965001673 0.389775365125388 1.15072046266869 0.320737515483052 1.52368099289015 0.382186998007819 1.28230565018021 0.359552689921111 1.3416918986477
929.019 1.56309492862783 0.49745120103471 1.02446012408473 0.443159068236127 1.16478986642323 0.484240755671635 1.09392602625303 0.404239480989054 1.3693938604556 0.316078223707154 1.80010526068509 0.377477797260508 1.16270140069537 0.317410096852109 1.41823955974542 0.315269086416811 1.97191172395833 0.486430566152558 1.5223480919376 0.49209803044796 1.87434839410707
945.689 1.73012618510984 0.336957186926156 1.96921376278624 0.499137938162312 1.84033011854626 0.313661981653422 1.85659570037387 0.388474690215662 1.27903331210837
1013.83 1.89882538816892 0.399140689428896 1.98561085388064 0.469596017291769 1.01166383503005 0.302603941690177 1.06347303418443 0.478397802170366 1.45991889550351 0.379802406812087 1.91604634118266 0.453670879406855 1.70494752610102 0.492256577638909 1.09488550922833 0.37027498325333 1.90428968262859 0.354896005056798 1.44576595700346 0.367348525766283 1.06229152018204
1021.88 1.19202763470821 0.36916663851589 1.6071379063651
1063.14 1.72694547614083 0.326465031364933 1.81979636545293 0.406338122999296 1.47631143848412 0.379858409194276 1.17319115088321 0.35860625943169 1.17104262160137 0.344691220019013 1.64451516512781 0.487858461868018 1.55285160779022 0.332892452506348 1.53171201818623 0.430242032138631 1.79839152516797 0.378113471204415 1.56988325086422 0.340048928884789 1.67924653366208 0.303132904879749 1.12661254080012 0.452886335225776 1.61207940243185
1076.64 1.10623845411465 0.439559741411358 1.90334675763734 0.377828230569139 1.61235049413517 0.45002702632919 1.61376764252782 0.343975993758067 1.85373438359238 0.404940816340968 1.76344074285589 0.406330429948866 1.37759761721827 0.301624842407182 1.62608337402344 0.447263664752245 1.74214538931847
