# Using the following values to generate the workload:# num_procs = 50
# mean_io_bursts = 10
# mean_iat = 25
# min_CPU = 2
# max_CPU = 10
# min_IO = 1.3
# max_IO = 2.5
7.72982 5.92667242884636 2.04012824427336 4.55108239874244 1.35491589549929 2.50691968016326 2.28937819600105 5.11815167963505 1.66359383072704 7.86270252242684 2.4591624982655 3.76786392554641 1.72729334523901 2.89540923014283 2.17673316253349 8.96341100893915
32.3293 3.8340795468539 1.60233896365389 8.16994184814394 2.33516527023166 4.22596639953554 1.58520157784224 2.2783381473273 2.17371964817867 6.2962682005018 2.4663709894754 6.18448301404715 1.92521228305995 3.21818108484149 1.41308525213972 8.96853512525558 1.96880929814652 6.57922429405153 2.34947779541835 8.61354062892497 1.87262780107558 9.87416664138436
114.377 2.36808959767222 1.77530863219872 4.51733729243279 2.18645053533837 2.30860726162791 2.04727212442085 8.66348355449736 2.2328358033672 7.58217488415539 2.37336295805871 6.83476352505386 2.06261218963191 3.92420886084437 1.86169696645811 4.39689419977367 2.02940479498357 4.44962115585804 2.1643955450505 3.72281830944121 2.17847177125514 6.49831149727106 1.91892664888874 5.73991036042571 1.68942505279556 5.66644088923931 1.58491797419265 9.83324407599866 2.22671002382413 9.57823396287858
153.867 9.44449870288372 2.48046023445204 3.14982611313462 2.12502204133198 5.07680223509669 1.51333985654637 4.80573412030935 2.1841477108188 5.27487262152135 1.33701337603852 5.31993050314486 1.63451610337943 2.73420502431691 2.1910305804573 7.5385567843914
157.174 4.60693127475679 1.38633915232494 4.52875257097185 1.85830244040117 6.63373412564397 2.0717376687564 3.44287738204002 1.86563148433343 2.45668205805123 1.75145197864622 7.69833027385175 1.69840155141428 3.91261650063097
170.154 7.666194524616 2.03870247723535 3.85440977290273 2.37109740590677 4.27491440065205 1.53672732943669 2.74492825195193 1.52613722756505 5.92264881916344 2.3481296973303 8.88122889958322 2.17913609463722 6.65275374613702 1.50886739874259 6.73184673860669 2.12434378499165 8.00014382600784
176.668 3.23106852173805 1.57855314612389 9.46077307127416 1.94976747939363 7.37369266338646 1.84151188880205 6.01810777932405 2.44968301225454 8.58224803954363 1.91571009745821 6.99592356383801 1.75116031607613 9.04247598908842 2.36543334936723 7.15516825206578 2.3786116136238 8.76282368600368 1.60312603050843 3.17357953824103 2.00130589930341 3.19165960326791 1.89522527707741 2.59986351802945 2.25743866702542 5.24914361536503 2.28255731584504 9.26294230110943 1.86916287960485 9.48211282677948
225.855 2.45440304651856 1.67774689467624 9.06274161860347 1.93519417895004 6.06378156505525 1.67516333200037 5.10490970872343
233.215 7.6927855014801 2.23382552843541 3.20942380651832 2.22189417565241 2.54761666618288 2.05572629272938 5.18249232694507 2.15459774816409 3.68824574537575 2.29729972062632 3.45572358928621 1.6289560014382 4.31959676370025 1.52944105723873 9.10550202801824 1.67286378983408 4.40851551480591 1.96859448924661 8.74968179315329 1.93584500523284 3.3660966027528 2.05087067298591 6.09793616086245 1.64684367068112 2.8009473849088 1.5441279746592 4.8095534928143
287.75 7.74438386037946 2.14713482204825 7.31138255260885 1.4137786872685 4.48461752943695 1.93343458473682 5.44806512072682 1.98902840102091 2.13823675923049 1.8167806965299 8.70462901517749 2.0140045421198 6.78141665272415 1.62443718248978 6.77656147815287 1.55879193795845 9.57033390365541 1.57937329048291 4.06603737361729 2.12738296026364 7.51690980233252 1.45788011327386 8.90552305057645 1.86049805898219 5.77078441344202
345.855 4.2876646798104 1.8076054696925 4.97951168566942 2.19465411240235 9.74445150233805 1.37575738206506 9.12707165814936 1.89094405770302 4.64493748359382 1.50777197089046 3.98494421504438 1.34050772944465 9.53216636367142 1.55461725704372 7.56514554843307 2.29062679558992 4.60151133872569 1.54910118663684 4.07959706522524 1.62709284797311 8.67249386012554 2.39614911852404 5.2650659866631 2.16672988412902 4.60769939236343
376.106 9.41224984079599 1.93704053927213 4.98067636415362 2.06334581011906 5.66071832180023 1.38681700658053 3.03386194445193 1.87410427359864 7.55407453514636 2.10868183486164 8.15907176397741 1.68342816764489 2.36422912962735 2.19491352755576 5.49590326286852 1.69855817677453 8.41943796537817
379.084 4.52481829561293 2.23118476513773 3.89574822410941 1.44318259749562 3.31543724238873 1.97716894960031 4.6998130120337 1.3773938271217 7.47528001107275 1.31631090138108 4.34361640177667 1.98235180974007 6.50689451023936
380.567 3.32328682020307 2.39287454895675 3.72761517949402 2.37377054961398 3.6855829693377 1.5282560441643 6.46164342947304 2.0668211276643 2.68139513581991 1.74621872175485 7.63318625092506 2.14747152198106 2.81620891019702 2.36843492370099 5.00566583871841 2.23416504440829 2.81812122277915 2.17360100680962 3.32846366614103 1.99176965551451 4.48645498603582 1.31173458509147 4.33222617954016
435.112 9.76008974015713 1.48826188370585 6.96517797373235 2.48640005001798 4.07696978375316 1.32673286758363 8.51245490647852 2.25089497948065 2.14848045445979 2.18307037977502 7.60473150573671 1.88741321731359 5.50066354870796 2.44534776033834 2.00689219497144 1.77645259881392 4.88922868482769 2.00186400888488 3.02071079984307 1.63396876007318 2.65602060779929 2.28127111531794 6.12050638720393
472.649 3.4018922150135 1.62534326342866 2.69839045777917 2.06937274718657 5.26344959810376 1.98792099431157 7.93624310009181 1.49828154733405 3.95352943614125 2.33304196875542 4.53432722948492 2.46922969063744 5.13657760433853 1.60643061231822 7.5620873067528 2.27362995473668 6.06666036322713 1.46940271025524 9.51691801287234 1.80271582808346 7.02665142901242 1.48489982271567 6.1557455919683 2.00337546411902 3.89507449045777
509.683 7.47198660299182 1.50703617781401 3.66547069698572 1.76054681744426 5.37302232906222 1.3236741328612 3.37564072757959 2.45642482424155 5.74562931247056 1.33023362671956 4.15861235931516 1.69358756262809 2.77919561043382 2.04392717787996 6.58247163705528 1.58365427935496 7.93638114072382 1.72867986429483 5.57331635802984 2.11316274050623 6.7274489607662 1.63816734729335 6.35593240894377 1.30194465685636 9.80829953588545
555.185 7.09985824115574 1.66067663729191 9.38385615125299 2.28577236775309 6.49556636996567 1.56162579907104 4.19736322574317 1.59663138352334 2.33023384027183 1.37772735254839 8.74628246948123 2.33009601170197 7.05362690240145 2.39329182272777 8.38768556900322 2.34597425349057 6.02552023157477
561.971 3.97669227607548 2.48470742357895 6.92347978241742 1.74007990891114 8.1298160161823 1.38652402190492 6.72620620578527 1.58011241201311 3.10819590091705 1.3696216548793 5.27807070687413 2.09000348867849 9.91435644775629 1.62960501778871 9.36272164061666 1.71590527081862 4.36252163350582 1.84670919571072 6.1895350869745
574.126 2.66785668954253 1.45704195396975 8.67349130101502 1.44840020649135 7.24675296619534 2.25788274724036 9.67587101273239 1.3077072666958 3.5802477709949 1.30864956667647 4.73982535675168 1.93521420555189 6.04362755827606
576.314 2.87409440986812 2.13037951802835 6.50325120612979 1.80120526636019 6.79259509406984 1.55789852207527 6.83407533913851 1.91493828650564 2.79157994501293 2.14626047220081 5.20160813257098 1.88731701457873 9.99738647043705 1.46488295057788 3.68264098092914 2.16502316435799 4.79517051577568 1.31308861281723 4.85959796980023 1.60040075276047 2.57841640710831 2.46540011027828 7.10655212029815 1.65801674118266 4.32490810379386
588.682 6.36032787710428 2.4090366830118 3.45897017419338 2.37042050966993 4.86774577200413 1.68206806527451 4.1902311835438 1.44568260880187 5.7062788233161 2.26232071993873 4.76883335225284 2.28341639218852 7.99958400800824 1.76861787494272 5.62450725585222 2.16468028333038 4.70857240445912 2.0392904873006 5.34639422036707 1.67179167261347 7.71698577329516
610.7 6.29405769519508 1.32376407766715 7.80928939022124 2.27252851314843 5.54405747540295 2.35001169163734 3.01392339542508 1.88663118183613 2.73031552135944 2.36296845236793 4.75774876028299 1.49916429501027 9.7707153223455
616.512 8.76280306279659 1.89967614756897 9.88382173329592 1.50228226520121 8.97458635643125 2.38922324413434 7.8114685472101 2.40501164114103 9.79886356927454 2.05736605366692 6.06766544654965 1.89931046720594 9.41392496414483 1.71466688401997 6.52862238325179 1.71696669496596 8.04630370438099
648.548 3.31809074804187 1.89258516868576 3.00579256564379 1.63986681280658 9.16625590994954 1.75441544214264 5.02294841594994 1.84064594879746 9.55743676051497 1.36124428771436 7.36261681094766 1.78013856140897 8.79287559911609 1.68790932781994 6.26490174420178 2.29981199353933 9.70665483549237 2.16435605846345 5.79359503090382 2.32785519929603 3.67714423127472 2.1299023267813 5.54749417304993 1.97492262749001 9.74142117425799 1.64168560253456 2.22764964960515 2.01421141251922 5.99217275716364 1.87671161992475 9.65555396862328
655.351 8.36915065348148 1.70008709765971 2.43966274149716 2.00028540426865 4.22737729549408 2.46057476988062 9.92671071365476 2.45214021885768 7.4924511089921 1.72997646089643 3.07855160906911 1.32713141953573 3.23921273462474 1.48566129598767 5.03665616363287 1.45103871030733 9.11391787044704 2.1667881344445 4.00237001851201
655.53 5.11747808381915 1.75666244737804 9.87271627224982 1.48540754532442 7.89506672136486 2.06370113883168 2.85246041417122 1.65382536603138 9.74614632502198
661.394 3.39005645737052 1.82220971724018 5.61547921225429 2.187754644081 4.21960414759815 2.44981491491199 5.38984824717045 1.82723035318777 8.6824599802494 2.01366203464568 8.02920354157686 2.35734369996935 4.97891836054623 2.34262635959312 4.68096529878676 2.24859920945019 3.37342536821961 2.37781760850921 9.16105111502111
706.435 3.08826002106071 1.40035536633804 7.68937350437045 2.14574875282124 9.9549898635596 1.9407539841719 8.26310457848012 2.35443164492026 5.13762382604182 1.6201435405761 5.31119943782687 2.37031829431653 7.8763235732913 1.63654206246138 2.51751415990293 2.10593007029966 9.0415460690856 1.40914471885189 3.92696661874652 2.13058954868466 4.03304062224925 2.16119099678472 3.49418821744621 1.50549357179552 7.12420097365975 2.39522132733837 3.22917302697897
728.348 7.74190354719758 1.63977769697085 4.11630956456065 1.48795985747129 7.92849757894874 1.36124030295759 5.11957284808159 1.9951481109485 2.81725596822798 2.47163653345779 4.0517226215452 1.44761266410351 5.98297180980444 2.23688607001677 5.27408976666629 1.84214799813926 2.76210383139551 1.39085034569725 9.50390529446304 1.37871068893 7.31810485385358 2.06782634444535 5.86871319636703 2.37466044342145 2.3205775693059
730.332 6.53207949921489 1.50272415690124 7.95752706006169 2.48658971516415 6.71533968113363 1.39556662747636 7.9648373965174 2.21868846677244 6.33238338120282 1.7920401416719 2.18832080624998 1.3938167587854 6.85265111364424 1.8248590644449 5.72851420193911 2.32701815506443 3.72715506143868
754.745 2.75886991992593 1.36794638764113 3.6415513176471 1.35558295389637 6.86617023125291 2.09242371991277 5.72418753430247 1.73161564236507 8.51432941295207 2.24796134186909 3.57610030286014 1.39378813933581 8.47540218196809 2.15442045945674 6.20997462049127 1.64522464992478 9.41514053195715 1.62357773315161 6.76473168842494 2.02552076047286 8.41439042054117 1.72234910223633 7.2265912592411 1.8702279384248 7.35621893033385 2.23434514580295 6.59426334500313
757.57 8.07272940501571 1.61019325144589 4.61693437211215 1.49041747786105 9.01710102893412 1.60815284671262 3.7311006039381 1.78737561227754 2.12254788167775 2.22445112857968 7.61608131602407 1.32495251195505 3.69124085269868
772.464 9.75429683551192 2.42037491584197 8.00617073476315 2.14220989961177 7.84264988079667 1.31579809626564 7.4242467712611 1.62095009898767 5.60234515927732 1.80925503829494 5.29249356873333 2.14953928077593 2.35539380274713 1.47645430732518 5.58992504514754 1.78917257888243 7.46146699972451 2.29127499442548 8.67810506932437 1.6872767011635 3.32523401267827 1.36284370236099 3.33363850228488 1.3241461083293 8.78937048092484
794.705 8.79601289518178 1.47613026825711 6.55785704962909 1.8722974951379 2.49657684937119 1.75292987609282 5.80683841556311 1.30274710003287 3.38526141270995 1.57411658354104 9.79138415306807 1.338674696628 2.10947077348828 1.71358373984694 2.57912533544004 2.40113344127312 3.82801148481667 2.29061286570504 2.41388890892267 1.47063798233867 4.34694411791861 2.48690424524248 9.92199502326548 2.48039974952117 7.20432935282588
812.011 8.77445790916681 1.30222954489291 6.56895990855992 2.43640380138531 3.10772521793842 1.51125886105001 3.71526234038174 1.71729336371645 4.32213891483843 1.76878109239042 9.12658396549523 1.7975021423772 2.88182380236685 2.46540193166584 4.73939348384738 2.41455011647195 7.15112425945699 2.34559062635526 7.41345476172864 1.9820999304764 4.65284083411098 1.45254247961566 3.77811036631465 2.43664605151862 6.5916154216975
828.672 3.33400474488735 1.54919009879231 4.5286379866302 2.28151288544759 3.48485030420125 2.02786536067724 6.34601075388491 1.39856247417629 7.47872352600098 2.33607078678906 4.60714507848024 1.63332238374278 5.08979250863194 2.29557672375813 6.9535906445235 1.62349928189069 5.89880185388029 1.69584017619491 3.63904229924083 2.40406658351421 4.3883287422359
837.337 9.06773023121059 2.0545213824138 5.10309600271285 2.32269485602155 8.63434376940131 1.90000085886568 6.6151271443814 1.9119224707596 9.6436282210052 1.77542351819575 3.1212938092649 1.77500835247338 2.28275623545051 2.12382108839229 5.22971970401704 1.70878565404564 4.52487977407873 2.35640499526635 7.80815197341144 1.86371792852879 3.48965105600655 1.90010955873877 3.36670283600688 1.55372615652159 6.05892830900848 1.35610310994089 5.9011657088995 1.51522580040619 6.57525504939258 2.45383747965097 3.13428139686584
866.457 5.73563573509455 2.39591782353818 6.04771897941828 1.9902265323326 2.73447603918612 1.31872706767172 4.97243905626237 1.97331805182621 7.77548147365451 1.94062512889504 8.55350075475872 1.94645350845531 3.13774184696376 2.11100722234696 5.7349413856864 2.46379883596674 8.19868433102965 1.68169213943183 2.23368032649159 2.36735534965992 5.62329569086432 1.88191759092733 4.06610499694943
872.198 6.06997800059617 1.7154968441464 2.89732706919312 1.35349878137931 6.51012939587235 1.75686442833394 5.10992211662233 1.81574878450483 9.41745555587113 1.68188574099913 7.08377133496106 2.32898531677201 8.35154785215855 2.20348431384191 6.55727280676365 1.52733594952151 9.97938740253448 1.76817158693448 9.91360430046916 2.15409261249006 9.74423607997596 2.34804549384862 6.20874626003206
893.268 3.04218050464988 1.92201191233471 2.7800282202661 1.64074388872832 4.2339143678546 1.59852406196296 6.69836478494108 2.15463713165373 8.17470687814057 1.41239440618083 4.07161518000066 2.35627285176888 9.00730063952506
909.847 5.81118291802704 1.69047986166552 8.71320804953575 2.25349000776187 8.06730936653912 2.05165826231241 6.39781037718058 1.4236203036271 6.19776582531631 2.3133641473949 9.00228998810053 1.37088752957061 5.10523441806436 2.25449029570445 7.92363128997386 1.96803070008755 5.64307076856494 2.40489718709141 8.75071024335921 1.52099030539393 3.01517145894468 2.49218724956736 8.40760561451316 1.90631337771192 7.94082693010569 1.36616638321429 2.17409208975732 1.41761323865503 2.65454544685781 1.78450189605355 3.31598995067179
969.562 3.52981477044523 2.00192681448534 4.31502312235534 1.33364327903837 8.14562286995351 1.37701134439558 7.26747317425907 1.50456655789167 8.20553052984178 2.28611035654321 3.90229260921478 1.86299462169409 3.64728404209018 1.68226882414892 3.63176122680306 1.84865951957181 2.96259761601686
991.529 9.20916983671486 1.39000306772068 3.99510222300887 1.97957656411454 4.174924723804 1.63519882336259 6.1293207872659 1.86077783796936 6.39074120484293 2.39645456122234 4.5412958972156 1.41308400938287 7.18681631982327 1.95327261164784 9.91132763028145 1.96287928298116 4.83328939042985 1.72234284374863 8.19974686391652 2.25918187573552 3.92516552656889 1.68672437258065 6.65884575806558 2.22375452956185 7.63517375104129 2.33229359779507 9.86085374839604 1.30507436115295 3.7394659332931 2.45112327244133 2.86765411123633 1.41360585046932 6.92814429476857 2.479699994158 9.47054065205157 2.45008269520476 3.78604549542069
1000.98 3.87536065280437 2.21694022919983 8.22303851135075 1.43985224245116 4.75934582203627 2.25883434442803 4.66119617037475 1.35079077538103 9.47952309809625 2.49369124574587 9.01896304823458
1002.23 6.53148214705288 1.70281707849354 6.17509260959923 2.01699859397486 7.35897346585989 1.7585300181061 9.40429394505918 2.45268068313599 2.04830512031913 1.68503780821338 3.25769220665097 1.5287613818422 4.1792672239244 1.57656951313838 6.99329716712236 2.24608955923468 5.23332487978041 2.21037420975044 2.58298967592418 2.00705276429653 2.39847853034735 2.31558330822736 3.8016845844686
1026.94 8.65938714891672 1.54287702394649 7.54000794328749 2.05280471332371 4.86422461643815 2.36590638905764 9.22771635465324 1.35738206794485 9.0788515098393 1.96978005664423 2.56020985357463 2.32419850574806 5.68416793644428 2.14061977462843 8.63490568287671 1.95127009702846 4.7826662864536 1.30194210177287 5.45926302112639
1072.75 8.63947734609246 2.23530224347487 7.09264007396996 1.65192244518548 9.77522036246955 2.25203765723854 7.20318443141878 2.24891858203337 2.57513252459466 2.3409742353484 2.11020749993622 1.99827033244073 5.63251746073365 1.77948281047866 4.26794228889048 2.13439716789871 8.93262578547001
1088.34 9.39570164494216 2.14931821869686 3.14122118800879 1.9748011698015 5.01740374229848 2.06228042999282 3.69358091801405 2.39490407202393 9.92970265075564 1.49991974420846 3.05215648375452 2.3625796072185 9.7438793964684 1.54761645291001 4.28005751222372 2.04551947768778 7.23597210086882 2.19363067895174 4.87819596193731 1.83030900498852 8.98375943116844
1113.98 5.66784700006247 2.36664475649595 5.89450868591666 2.45846519209445 2.35083957947791 1.9790006111376 4.42994067072868 1.69848671350628 5.48329432867467 2.32642684727907 7.8899491019547 1.69020482795313 8.99375103414059 2.49396777730435 8.97077118046582 1.91385483276099 8.74465807899833 2.00532401744276 8.27954697981477 2.21798781845719 5.6020884513855 1.65896274233237 8.62222446873784 1.56327670151368 9.64269700273871
