# Using the following values to generate the workload:# num_procs = 50
# mean_io_bursts = 10
# mean_iat = 25
# min_CPU = 2
# max_CPU = 10
# min_IO = 1.3
# max_IO = 2.5
2.85959 5.03078110516071 1.36707074027509 6.07313331589103 2.08618775466457 6.96003075130284 1.97091505518183 2.1445823404938 2.19961615297943 9.80178414657712 1.47041907329112 3.30634802393615 1.80970157831907 8.32345752604306 1.49890424814075 7.32402234897017 2.05151930069551 2.54793609119952 1.83008654313162 7.57325786165893 2.20678992914036 5.28136750869453
54.6768 9.4234954379499 1.91814366877079 3.89926523342729 1.6896487230435 7.75906759314239 1.92115936018527 7.98392462730408 2.15268562566489 5.76149707660079 1.79276065537706 7.69314949586987 2.1930621786043 8.84880665130913 2.11654987903312 2.75324290804565 2.24336074544117 3.42059082351625 2.20128827644512 4.11529822275043 2.40587930278853 9.76821755245328 2.26465210327879 9.72016692906618 2.39770781164989 7.21965432725847 1.74323933795094 4.4000484906137 2.38713999139145 5.49693580158055 1.80350773688406 8.91334715299308 1.45644002659246 3.9417323321104 2.38484351616353 5.1859978530556 1.8809333126992 9.6063740812242 1.69710596650839 3.4766156449914 2.47645173678175 6.79728197678924
76.5136 7.21473119221628 1.46324866330251 2.78299188800156 2.20232417853549 9.01600744761527 1.93912467742339 9.20670454949141 2.29446608303115 2.67051819525659 1.59117518253624 6.93538424000144 1.74323005136102 4.85671108402312 1.69033156791702 9.13654208369553 1.9373766711913 7.81384228542447
95.4529 7.82619486190379 1.77248784210533 2.55348384380341 1.76601605787873 9.07958197034895 1.54641340700909 6.89550688117743 1.37795508243144 8.74284496158361 2.21992864338681 2.39373483136296
99.4587 5.10304641164839 2.20648848460987 3.71163344942033 2.16966254301369 7.88862412981689 2.34754696534947 9.39369336888194 1.6809697358869 4.75377475842834 2.35379408495501 5.30871707387269 2.16746315509081 4.00000852905214 1.52539756931365 3.92003776505589 2.05504364846274 2.74688197486103 2.4670905741863 3.67964657209814 2.05180802484974 3.23407313413918 1.37382522430271 5.50799999944866 1.38593641417101 3.58643322065473 2.3024763722904 9.87069460004568 2.24105184599757 5.30200516432524 1.56593817928806 2.36486557871103 2.3844567050226 6.05708673223853
125.938 9.94690573401749 1.74301380608231 6.72163427062333 1.32158024543896 7.02581990510225 1.89171563535929 5.94813252054155 1.79751087212935 5.74065288901329 1.40741872489452 5.11531701497734 2.21967920633033 4.36561306938529 1.33605543319136 3.69590854458511 1.84980036420748 5.28388445265591 2.34029261786491 8.27733676508069 2.1780655532144 7.11076342314482
170.379 4.96402462385595 1.42488060351461 5.31923802569509 2.20552244260907 2.32306587696075 1.70599741870537 5.07257436774671 2.42188108684495 2.08896900899708 1.33068439401686 4.33311371877789 1.37361660571769 2.73301014304161 1.81038603894413 3.07618740946054 1.8763094981201 5.49810178764164 2.45767675591633 2.80426076985896 2.42042011804879 8.24917442724109 2.10182901155204 7.1264011412859
186.191 8.84488740004599 2.40028124423698 8.54489806853235 2.32417464638129 9.17153903096914 1.59830720787868 8.33036232925951 2.39139649393037 5.51670094765723 1.30708013130352 9.70387762784958
192.216 2.73006430082023 1.85249522682279 7.14163338020444 2.31787390494719 6.57634174078703 1.55808791173622 3.31981404870749 2.0238189949654 4.63443374447525 1.70886891428381 4.14425756596029 2.3884386966005 5.9977910798043 1.86015992239118 3.49271860346198 1.33750503137708 5.80292292311788 2.25431852675974 3.86714194156229
201.542 5.27676827646792 1.43771375156939 9.39176655560732 1.65251951189712 8.34563845209777 1.50349225159735 6.29562222957611 1.86370532969013 2.09470056183636 1.32556845610961 7.31277429871261 1.76276573240757 7.46694089099765 1.87853365652263 4.10486271418631 2.05852228356525 4.86577563174069 2.4647313548252 4.13940133154392 1.53014587694779 3.1222599092871 2.41387795126066 5.98714514262974
265.413 2.85256370715797 1.75010863952339 8.86305075511336 1.59263632846996 4.06310549937189 1.9906097875908 9.51135497353971 2.07951296158135 4.15119358338416
294.161 3.9205369297415 1.42058827755973 4.49073769152164 1.50147179355845 9.55361338704824 2.23852237034589 4.1065749078989 1.5040913246572 9.36520992033184 1.81592340022326 7.65809113904834 2.10360360741615 4.904231749475 1.98171492172405 8.94001208618283
296.536 2.89613967388868 1.42610414065421 6.93937474861741 1.8959034495987 9.9271367136389 2.16632219199091 5.67197173461318 2.09108886383474 8.57114017941058 2.46540077216923 6.20315051823854 2.11340315751731 8.47267067804933 1.36876208120957 2.00493539497256 2.12450693007559 6.24219965562224 2.06663810210302 7.30069094710052
297.539 7.24539037421346 2.18498900048435 2.98573452234268 2.08078127820045 6.5650200843811 2.35828897384927 5.45042225159705 1.6874508687295 6.89755848236382 2.41458667302504 9.16003093495965 1.61205244194716 2.39316949620843 1.33162658587098 4.89337195828557 1.45592927420512 8.33222362026572
312.698 3.78017698042095 1.89918909668922 4.14307107962668 1.51421116683632 8.62320788390934 2.1358277070336 2.16838755272329 2.36888947598636 4.83429405279458 2.02983548147604 7.9165935087949 2.40215546321124 9.26039613038301 1.89117924580351 6.19535090401769 1.96260963380337 5.82873824611306
322.218 8.284049551934 2.2132452015765 7.27367371506989 2.15663863262162 7.76625573821366 1.8366729923524 6.5144655816257 1.45583575870842 4.53794070705771 1.77376480633393 5.97761045768857 1.93714421615005 4.62534022517502 1.4272452599369 3.98692799918354 1.85921439705417 6.20636532828212 1.80145765552297 8.25611519813538 2.373988447804 8.86678272485733 1.79676315607503 2.66743859089911
360.746 3.89213594421744 2.25924243079498 6.93920337036252 1.67651965217665 5.8671399615705 2.44228882500902 5.68198710307479 1.42089996589348 9.57424277067184 2.09981582034379 4.83340185880661 2.26817920422181 5.20215959660709 1.8157006746158 5.0238617490977 1.81464780224487 6.08700765483081 1.6801069653593 9.48946225643158 2.34076851466671 6.22750473022461 2.47131498493254 4.42726997286081 2.14029221599922 7.30995857715607 2.07996689500287 4.79824394918978
361.411 6.27776938304305 2.21562108220533 5.49645831435919 2.36317103402689 7.92182972840965 1.65689601227641 5.89560429006815 2.34096047868952 8.54877159558237 2.18194818012416 5.56728025525808 2.17206503674388 3.77901200391352 2.11283763134852 2.07445606403053 1.33004227150232 5.69354575127363 1.33600972192362 4.94597564637661 1.3526472998783 4.95348108746111
389.593 9.71423781849444 2.01823070496321 8.61220337823033 1.3073978417553 5.9922941531986 1.94795646024868 3.38814553804696 1.41433173138648 7.79770068824291 2.36831177342683 9.22997360303998 1.61844742475078 6.95598323456943 2.41574434991926 8.04307259619236 2.09116649199277 4.0448499545455 2.12227828539908 4.11858549527824 1.91996451234445 3.15942229144275 1.74600426098332 5.73668850213289
396.244 3.78684849478304 1.37394947540015 7.78365546278656 1.95318048698828 2.23789131082594 2.41867717532441 5.17856493964791 2.21757558248937 8.4039009809494 2.28279175404459 9.11557915247977 1.90475208619609 2.61382261477411 1.80542064784095 7.11973919719458 2.31872354075313 6.28148981556296 1.6564057729207 4.02062931470573 1.85347307026386 6.53933623433113 2.01812404580414 7.16866116598248 1.44397537885234 8.39320147223771 1.89096501385793 3.58661074563861
401.611 5.39905209466815 1.67557236691937 4.13370609469712 2.1303767779842 8.49082213826478 1.70652784146369 4.98395977728069 1.48384429495782 8.66717887669802 2.26367888189852 5.27054376155138 2.2803740253672 7.60490191169083
418.285 9.13894353061914 1.80076302010566 6.60668868944049 1.61811301419511 8.02151583321393 2.25507596358657 7.99922780692577 2.07101209657267 8.32826437056065 1.61597156897187 7.96250580996275 1.36420763973147 2.13439051061869
432.074 4.60864654742181 2.41137635996565 8.20627883821726 2.22423335388303 4.41068006120622 1.33595333630219 8.00660410709679 1.95058404076844 9.45031178742647
444.868 9.3787749465555 1.55326618421823 9.06533656083047 1.31100168181583 2.21113032475114 1.86220183307305 7.98213961906731 1.47653714120388 3.67023680731654 1.93820083942264 7.33628100529313 2.29374670786783 5.73730090819299 1.64163340032101 8.982053572312 2.26369054531679 6.62862765602767
458.609 9.43598560802639 2.39066336126998 8.86362047307193 1.3068091343157 2.89758023247123 1.46314240954816 9.52935324981809 1.86429147450253 2.65381168201566 1.30749273719266 9.04377022758126 1.68663740893826 5.9404458347708 1.43625814244151 4.69338075071573 2.23232127828524 9.76913956366479 2.15975064914674 5.88634726591408 1.47331918999553 9.9986015111208
471.864 4.55172924138606 1.95733989132568 3.85743079334497 1.56747768372297 3.09743045270443 1.95761829679832 8.80101599544287 1.57616412071511 2.01129854656756 2.1334753356874 2.07442170567811 2.21952099176124 8.12960698641837 2.05699636060745 8.69768625870347 2.04565110178664 2.34191120043397
500.21 3.33672678470612 2.25161682367325 3.00916509330273 1.44151787441224 2.29282192885876 1.86097085671499 5.40058953873813 1.73525951327756 8.92635981179774 1.95498258722946 3.06126104108989 1.91609734026715 2.80895929969847 1.37807358885184 9.83326771482825
533.633 5.33575189299881 1.97421901337802 2.93344883993268 2.0728652738966 8.78733625076711 2.25304148066789 7.49292953498662 1.58593227332458 7.9056947492063 2.43293600631878 5.92107993923128 1.41996065545827 2.09143006615341 2.04590663891286 9.42079474404454 2.29730073483661 8.04771527834237
546.16 6.41496429219842 1.54053738974035 9.80263224057853 1.6451107124798 6.6402852255851 1.75752167766914 8.85069063678384 1.51577173918486 3.9986219946295 1.84921238264069 2.60538462735713
547.884 7.32167389988899 2.22829497130588 6.44765668176115 2.43272671522573 4.89231205545366 2.4077848658897 2.13275299407542 1.30813241610304 9.81621074303985 2.4651555897668 3.69997502118349 1.64156191386282 8.59245949238539 1.90615368066356 4.29764701426029 1.85390916308388 4.88915156945586
574.57 6.23246165178716 1.96341582732275 3.12474550493062 2.2596387042664 6.83422709256411 2.2520619080402 2.7765318788588 2.05137774180621 2.05007161200047 2.21837965426967 2.889239853248 2.39940647725016 6.48393762484193 2.15990602308884 9.55048647150397 1.62503059078008 6.01359025388956 2.3599946366623 7.31666197441518 1.54813497699797 9.46411151252687 1.66639218358323 6.55164309591055 2.17064641891047 7.00946141965687 1.87922293646261 6.10841041058302 1.78731124065816 6.92944982275367 1.40458244085312 3.35035572014749 2.24911174410954 6.59029539860785 2.33426019679755 3.51829652301967
591.936 8.7175469417125 2.38338549332693 7.92757555283606 1.88563502868637 6.77756098471582 1.7786940747872 3.44199054501951 1.52244072863832 4.20881652645767 1.99985596975312 4.14076585508883 2.38225622689351 2.64180576615036 2.26454786788672 3.99639426358044 1.93280959511176 5.70364431105554 1.5305683106184 3.97292524203658
602.29 6.60059180296957 1.51791629325598 7.07007392495871 2.3539041784592 8.7439548317343 2.10629068966955 2.89865287020802 1.94486351422966 2.60482990369201 1.74417145280167 7.3727121334523 2.48094794806093 7.28444116003811 1.56190176680684 7.28518214076757 2.40845358669758 2.31348318234086 2.01197733972222 7.46573016792536 2.29521167427301 9.70013326220214 2.03029448036104 9.17908928915858 2.04415121357888 4.41181927733123 2.32866810532287 7.05507405102253 2.07259532632306 4.45914965681732 2.18477793997154 8.69667310081422
604.196 9.61300582624972 2.48585876515135 9.64433814957738 1.55909207798541 4.94781753793359 1.83115320987999 7.24296473152936 2.4195471576415 2.16731770895422 1.95640132268891 4.97551556862891 1.63923964668065 9.4166163969785 1.50400979444385 2.90786015614867 1.91638051727787 2.04862742312253
677.097 3.45559744909406 2.29050642587245 5.30044493637979 1.54747626613826 8.72335745207965 1.81258561601862 8.39270177856088 2.01272825961933 4.41656975261867 2.13895105505362 8.50238458439708 2.3289632614702 7.47949511744082 2.44875047914684 7.45996505208313
710.641 3.28594814427197 1.53976366827264 6.02352376095951 1.77059544054791 9.36698293499649 1.34081721724942 2.50358569994569 2.03297513872385 4.40486585535109 2.44509650915861 9.25402056612074 1.58271049046889 9.61545289866626 1.44078750638291 6.76014355756342 1.98116428516805 8.39442604780197
718.539 9.76520609855652 2.31541097769514 8.26298086158931 1.43164032846689 2.27057140506804 1.41857800632715 8.19973802380264 2.48160215057433 7.67810074239969 2.00006634183228 5.98671687953174 1.51301138736308 7.90241353958845 1.47373598432168 5.03571044839919 1.58522869106382 9.11113603040576 1.60336570460349 2.31642944179475 2.16795899104327 8.83001390472054
813.434 7.02197981439531 1.71447729934007 6.26416673138738 1.73185335230082 5.9190910924226 1.77225016960874 5.10578318499029 2.22659180210903 3.22089619934559 1.69053449854255 5.42951095663011 2.35637301662937 9.17176776565611 1.84276759568602 5.33206865936518 1.90081522138789 2.55177804641426 2.07124788369983 2.47526853531599 2.05732888607308 6.38820797204971 1.93121793791652 4.99835886992514 1.35846984060481 8.42646193690598 2.22319921143353 3.79540616646409 1.39504550164565 5.25977924652398
839.936 9.15946966409683 1.95064249085262 5.61319567263126 1.95982005121186 6.98225075937808 1.39412872120738 3.55468339473009 1.33002328369766 3.15577367693186 2.3492943784222 4.74696757085621 2.2133812806569 6.66488363407552 2.3312048137188 8.19139154441655 1.84853108087555 6.31859425082803 2.14748527221382 7.46724212728441 2.20317825255916 2.97178163565695 1.6251564534381 5.09764291904867 1.95951299751177 8.15552027523518
886.868 3.33893821574748 1.99481750801206 2.11218086257577 2.49531936869025 3.73063442483544 1.49381067147478 4.63737508654594 1.93401991063729 5.17172390036285 1.68255772767588 3.49718707427382 2.39334693318233 2.33917953819036 1.51871965201572 5.01503614708781 1.39399919817224 8.67990375868976 1.63550822371617 5.58969242870808
891.761 8.78795561753213 1.74750828202814 8.67508086562157 2.36772365355864 6.79805041104555 1.44453745502979 9.0532647036016 1.32740251263604 7.5009431745857 2.02898734239861 4.81104203313589 2.28845894318074 8.37399797141552
900.175 6.09466606937349 1.85133639322594 7.35153912752867 1.32902643429115 9.5381306130439 2.01233469741419 4.60612851008773 1.78859954085201 5.89852473698556 1.99740883037448 9.168377391994 1.37317326422781 9.08245965279639 2.03933231271803 5.67783317901194 1.41933128209785 7.00364950299263
913.241 4.56070859730244 1.80214722212404 4.78275465406477 2.10624256832525 6.17278574034572 1.98376397769898 3.39083515293896 1.75365678323433 3.98384288139641 1.6240729181096 8.99888431467116 1.56394632952288 8.63726185262203 1.58096050443128 7.77765319310129 2.29267669422552 9.78274943493307 2.19583122497424 6.34322878345847
934.009 9.64449884556234 2.3734484246932 2.2784120272845 1.84704619655386 5.31354961171746 2.47828563041985 4.00438157841563 1.56745604583994 7.66437657549977 2.03366966154426 7.96586722135544 1.50646287659183 6.97298985905945 1.41307845162228 8.22696973755956 2.30768906138837 9.95651256293058 1.7171413525939 9.73983058147132 1.32751399138942 7.87218280881643 1.80261497255415 6.3206561692059 1.93766515729949 4.56600884534419 1.56643876833841 6.04270026274025 1.79129060981795 7.16021207161248 1.34528610743582 9.15929150767624 1.89847639854997 5.04790342412889
969.8 8.30221162177622 1.81491276538 2.35535625740886 2.38232968505472 4.79553949274123 1.71709755575284 9.31701787002385 1.42441016640514 6.61636519804597 2.06760192820802 4.48537778668106 2.02735879896209 9.99393272958696 1.60600588591769 3.11919159814715 1.34833985799924 5.7386892195791 1.66407416518778 3.83389997109771 2.02432547034696 5.92349510453641 1.71790727972984 6.17705564573407
985.371 6.15087925642729 1.35101145301014 8.86863285303116 1.41682518804446 9.19705029577017 1.53071632385254 8.68068029172719 2.09955988172442 2.77284937165678 1.68830847544596 7.09810018539429 1.9454551614821 6.06591338291764 1.62204817775637 8.02185355871916 1.97943444754928 6.86906422302127 1.9441458299756 6.35554523766041 1.71956167547032 7.01981709897518 2.44766093427315 7.48153910040855
995.443 2.13074707426131 1.67953267674893 2.6181551348418 1.96178967077285 9.47696526534855 1.55849137073383 6.75355469435453 2.41297518983483 8.10984189808369 2.36294810893014 6.02621265500784 1.56741061480716 3.20027409680188 1.33380299424753 8.32578031718731
1050.86 6.27721839770675 2.19575817361474 9.9478572960943 1.90102934297174 2.66017376072705 1.7065507022664 2.81334993615746 2.07612434029579 5.62325828336179 1.5149960401468 5.82060743495822 1.33880126755685 2.03595020063221 1.71742920977995 4.86384322494268 2.27545729819685 7.60162732191384
1159.31 6.6039519701153 2.4129978729412 6.7576866671443 2.06298991758376 2.02938585169613 1.9260910378769 5.97190907038748 2.01273891888559 6.35613113455474 1.96725960075855 3.18011940643191 2.32234259648249 5.82819378003478 2.21049696439877 4.32963661290705 2.38591249128804 8.70158506184816 1.71905866181478 3.73079347610474
1167.4 2.02316180989146 2.32338428236544 2.7615686673671 1.31301261549816 7.36516711115837 2.18753202157095 3.77923948690295 1.87121288217604 8.92742136120796 1.79150909529999 3.42155301943421 1.81263856422156 9.42309865541756 2.04799537369981 3.46492221951485 2.20886853607371 7.52667004615068
