# Using the following values to generate the workload:# num_procs = 50
# mean_io_bursts = 10
# mean_iat = 25
# min_CPU = 2
# max_CPU = 10
# min_IO = 1.3
# max_IO = 2.5
34.0421 9.20339570567012 2.06227089837193 3.10983303561807 2.08674101084471 9.19059711135924 1.74354084450752 5.1395898219198 1.68219339260831 5.57020740397274 1.91757680233568 7.96361971274018 1.49708508765325 5.98517446406186 1.36066840682179 4.48527565412223 2.02796687027439 7.42800732515752 2.41206454047933 3.22157569415867 2.18627414293587 4.27250309847295 1.6939104815945 9.15216277725995 1.77711909087375 3.58451527170837 1.82982721850276 3.16194264777005
34.8222 7.90791957639158 2.15335113396868 2.50479268468916 1.93530209679157 4.45058580860496 1.31549318330362 3.33726608194411 1.48661560639739 7.28771382384002 2.34039343483746 2.90060534514487 2.47467340761796 2.63555211573839
90.5904 6.34990644454956 1.58836872046813 4.23164416849613 2.21000328874216 4.53156967274845 2.21291160713881 4.79341280274093 2.35295211719349 4.41893784701824 1.35617073960602 5.0068146251142
92.6515 4.14485671371222 2.0945244810544 5.81832302734256 2.0918210037984 5.63607068918645 2.4548844486475 6.62973915413022 1.34780256152153 8.37634802050889 1.70575849981979 8.38635894842446 1.8873838015832 2.98076341673732 2.27494240542874 4.47863672301173
124.62 8.16469443403184 1.94469802137464 7.94673699140549 2.18413218585774 2.44336658716202 1.59596128724515 7.19193579256535 2.12046318929642 9.67468861490488 2.02885564761236 9.90752327814698
131.661 2.72953719086945 1.80566288959235 2.60494464077055 1.86374325277284 3.43497259914875 1.76563371596858 8.99817842431366 2.02053068997338 3.78278967365623 1.5214986407198 9.36797386035323 2.26729080379009 9.60924322158098 2.27923616245389 7.32347458414733 1.87479218365625 7.45135226845741 1.65755720697343 9.52901047281921 2.20343489274383 2.0420570038259 2.13162539349869 9.7729457449168 1.54765838673338 3.59470009431243
134.151 3.67156144604087 1.48372019473463 5.30502666532993 1.60729593932629 7.69888609275222 1.34333117771894 9.72073786705732 1.30613826634362 6.40494911931455 1.62995976284146 6.49350144527853 2.23444084729999 6.0767122246325 2.2879022244364 2.66193211078644 2.28254458149895 9.03173577971756 1.92098717689514 4.74473335593939 2.29863612847403 8.36385001242161 1.55616311328486 3.65051217749715 1.44789089662954 4.09049032442272 1.50612357882783 6.75755265727639 2.37276143385097 2.00028219074011
207.597 5.56783416680992 1.32310651652515 4.95171951875091 2.35658994754776 2.6162918265909 2.37208122704178 2.40156040899456 1.56940006343648 4.4619376026094 1.72238827003166 6.7891751639545 1.76187448631972 5.05532937310636 1.40967186624184 3.56881804205477 2.26574453879148 8.0106456335634 2.10443015666679 9.28140579536557 1.30817430019379 4.12001750059426 2.0461929901503 2.08393965661526 1.4633298789151 3.97412545979023 2.21519235456362 7.78001022338867 2.26566360732541 3.1267306599766
220.525 7.29887002333999 2.24141186466441 2.69044351018965 2.40594795532525 8.49938667938113 2.45882279174402 6.2137109413743 2.15268752779812 7.51671254821122 2.01017719749361 2.55561117082834 1.53556942734867 4.91604952327907
247.086 6.92115043289959 2.15036767181009 8.75461887381971 2.33974629659206 6.01729479618371 1.87876524319872 8.3435987830162 1.69067688919604 3.19494367949665 2.12708523338661 6.369309425354 1.59670005338266 3.05968587100506 1.55973407253623 2.64693683199584 1.68192069577053 5.41211401857436 1.31371697420254 8.27826892957091 1.51864766459912 8.2411675285548 2.14329911675304 5.16708078980446 1.31244201045483 7.19720019958913 2.47634366918355 4.57095503620803
273.425 7.70215159282088 1.59071183763444 7.09140905551612 2.28161638826132 6.40175195410848 2.49797647921368 4.97640574350953 1.98699437826872 8.14222682267427 1.89158143857494 2.99731954559684 1.36582366703078 2.5670762937516 1.76397045888007 2.19039578363299 2.4901596210897 5.81548770517111 1.72979410085827 8.87423415109515
356.377 7.96827921830118 2.46433986965567 7.88937143981457 1.50449164379388 8.94196523353457 2.42912804093212 6.98403648659587 1.88771772598848 9.14251770079136 2.24020182127133 4.85735921747983 1.33346401527524 7.16922363825142 2.05457998840138 3.95085711032152 1.76628073407337 4.19090808182955 2.4399338494055 5.12462840788066 1.45148472087458 4.51701789163053 1.46345795802772 9.81071339733899 2.28150474214926 9.88108507543802
372.885 3.27826595120132 1.66272491989657 7.99710998497903 1.51270444318652 5.37609870918095 1.58200775003061 6.72244622372091 1.99631497161463 2.48888567276299 2.22659421246499 3.56595612503588 1.55910634594038 8.90663745999336 2.0894279721193 9.07664554007351 1.74465429373085 9.91874996386468 1.60220268201083 2.53537525050342 1.5935930961743 9.05661636590958 2.13655879953876 6.42689305916429
446.661 8.07038959860802 1.99396869977936 2.2981892619282 1.55308480067179 4.83944840729237 1.55740136429667 7.7451100461185 2.33289040746167 4.55688502453268 1.63654230218381 5.92096403799951 2.17243920853362 4.93490178324282 2.08007043162361 3.62609206698835 1.851586437691 9.16424747928977 2.23248183391988 2.49352730996907
484.919 5.08168329484761 1.54385201362893 9.98576037958264 1.99771668203175 2.76075290888548 1.56804114766419 3.74420362897217 1.63313296614215 3.61393767595291 2.23724797796458 2.35843996889889 2.44288775948808 5.90914020687342 2.40367215657607 2.89082824997604 1.42127832360566 8.99153547547758
490.614 4.32682548090816 1.60239159725606 7.93478078395128 1.40178251806647 3.91394479013979 1.70130919367075 3.73993970640004 2.33099948000163 8.54091779887676 1.74268475631252 5.85614462569356 2.21332480143756 5.16829742863774 1.8292812962085 6.4895293302834 2.28691417407244 5.34156861715019 1.36128611592576 4.26073920540512 1.48313963981345 6.30414208211005
545.095 2.02904067188501 1.76670194733888 2.86789298802614 1.68939878083766 3.56696656532586 2.06575514040887 7.85551991872489 1.40506439134479 8.39651660621166 1.97230090592057 6.83840145543218
550.11 3.43393688835204 1.30255125127733 6.60177564993501 1.93305422123522 4.50014732591808 1.64580573653802 9.41406567580998 1.75458240797743 4.96099439822137 2.32573924260214 7.08139113336802 2.17995586935431 9.6650146599859 1.55225361958146 9.90954931639135 2.4827354981564 7.19865656271577 2.05249722376466 4.17122887261212 2.4677535274066 9.64317797869444
553.573 2.40504337660968 1.75043048169464 5.71634395234287 2.31318213576451 9.7179217543453 1.56937348945066 5.61130239255726 2.15354469222948 6.46265659481287 1.97552798530087 2.4215418510139 2.20498174224049 6.5406848359853 1.52897200789303 7.2271703351289 2.15403293194249 3.92865614593029 1.79520821189508 3.27744209207594 2.49437246564776 3.07554861158133
580.722 7.29680934734643 2.41387589238584 3.97708251513541 1.53476893212646 2.38198710605502 1.47479017879814 5.29367988929152 1.68924609581009 7.46282252669334 1.38014338444918 3.42700330168009 2.19811432491988 2.81998991221189
641.039 7.11009412445128 2.49645065627992 8.80791757814586 2.0337205581367 8.74590256623924 2.08260563490912 8.51684833131731 2.06179501246661 7.32981475070119 1.49694687509909 3.69945669919252 1.88806584822014 7.56899564340711 1.45075596161187 9.78573122061789 1.56206758348271 7.62578709237278 2.29293782096356 7.41574995033443 1.45900098439306 7.11858052946627 2.01082948697731 5.52673136070371 2.14044728539884 6.95072002708912
709.956 3.96744107455015 2.24810919053853 9.77243407070637 1.37391007458791 2.8109102845192 1.38100570207462 4.85742774046957 2.04319839766249 9.82796420715749 2.37418759064749 7.57295014895499
714.227 6.97126394696534 2.07555849449709 3.85256491601467 1.70224009398371 9.6325140632689 1.99054779782891 8.7363650277257 1.81220351299271 3.17580379359424 2.40395624050871 9.9501245636493
716.003 2.61824213899672 1.59034388409927 2.23587572947145 1.68303120462224 8.34631604887545 1.62502740090713 6.7364368326962 2.29982768725604 5.5963521450758 1.46862108996138 9.25416787713766 2.02324115941301 2.01212547719479 1.35634509660304 2.11577324941754
725.149 5.36409897916019 2.40922767808661 9.91257159411907 1.57041586264968 6.74860138446093 2.44819015366957 5.78646113909781 2.36467321915552 3.54477074928582 1.91028925748542 3.71300674416125 1.58374398583546 8.4343822542578 1.95213234312832 9.82322674617171 1.97157728644088 7.72600967250764
728.207 6.9794019125402 2.28385969148949 4.3474375102669 1.34336364362389 2.90820230729878 1.50124175976962 3.70470397546887 1.35304741589352 9.48095985874534 2.46489049950615 3.04909807257354 1.65679660346359 4.64367177896202 2.34815496206284 8.56699656322598 2.27320512495935 4.82049299776554
737.436 9.7573332823813 1.33142486028373 8.18914671428502 2.22325990675017 8.57808215357363 1.45432353038341 3.21879851073027 1.65367650734261 4.40661116503179 2.49610087219626 7.08843397162855 1.76975557105616 9.4366689119488 1.51444419464096 4.00111251138151 1.90193697679788 4.53551401756704 1.62709096539766 3.64278960414231 2.39069269178435 8.22165516763926 2.2076538130641 6.9008655808866 1.83933224193752 9.28696329705417 1.80949064716697 4.6426034104079 1.49073604298756 3.84309960715473
836.638 5.62739491276443 1.79170741001144 5.15740230120718 2.05470792837441 4.92960437387228 1.68608326623216 9.5587045904249 2.27121532512829 3.71934240311384 1.5072998537682 5.05420020595193
863.45 6.66910026594996 1.61891943821684 2.40206400677562 2.38835206963122 6.57044086046517 2.10753123564646 9.35341358184814 1.71618186663836 6.27932933345437 2.48806432634592 5.69960204698145 1.72046837778762 6.81549608521163 1.56874685892835 2.39192755520344
876.889 7.29419275932014 1.9044283865951 4.39892016537488 1.9430023143068 2.14117264002562 1.6117184641771 4.39436163753271
881.907 4.49869398586452 1.81999416146427 4.26284537650645 1.77107460070401 4.95449077524245 2.32884467598051 5.52563042752445 2.27993731955066 9.3579674270004 2.40457169320434 7.2946442887187 2.07457356443629 7.660615041852 1.47326260879636 8.91823276132345 1.46008413750678 7.05715669132769 1.33854496683925 6.37645389325917 2.02704607266933 3.04507341235876 1.83282893337309 6.14555959776044 1.6417879447341 7.13245023973286
912.534 6.62521594204009 1.67830514004454 3.33023541793227 1.40992746539414 8.72504425980151 1.90013700276613 8.16681023314595 1.64630787400529 6.3459165468812 2.17038012500852 9.20146409235895 2.10315346596763 5.03321770206094 1.85608237488195 3.02934763208032 2.23007264137268 4.73773935623467 2.15674513112754 5.26529523730278 2.06251647695899 7.68600329943001 2.01254640221596 7.58209556154907 1.75518875038251 4.60657469183207 1.85415628114715 6.19701785035431 2.12167034512386 2.01798336207867 1.84872274538502 2.18491000123322
915.269 8.26563058234751 2.16085663372651 8.3590152990073 1.60277706701308 4.75660981982946 1.86477320957929 4.05922646448016 1.46972715109587 4.27784309536219 1.3427945934236 9.84477917104959 2.4980412973091 6.89226408861578 1.5387964530848 2.3486804831773 1.59058200893924 4.81918280012906
917.163 3.99241947196424 1.43994876565412 5.26497622765601 2.1135697950609 5.87949471920729 2.43359883548692 4.48592643253505 1.75380154093727 6.45200143381953 1.62563623916358 2.3932138197124 2.46018414832652 4.32865736633539 1.90288729909807 4.20151031389832 2.21826275549829 6.34416034631431 2.25271845133975 5.1295157764107 1.90947784455493 6.69059051014483 2.33708194326609 4.01315315254033
963.213 5.67754165269434 2.35913938358426 5.3368845321238 2.13645425708964 6.44749506562948 1.50349958995357 7.08618818409741 1.35578151000664 7.56680380366743 2.29468345344067 2.84348018281162 1.65241321763024 2.37271042726934 1.9126153412275 7.17746701464057 2.43496946189553 8.43944036401808 1.49215404754505 4.64488186500967 1.39077568165958 2.23683233186603 1.7150498855859 2.60854008607566 2.19950499078259 6.8192560467869
1016.2 2.62245158851147 2.19602655796334 7.49307732842863 2.0288888762705 2.3648197222501 1.47210091808811 9.90006680600345 2.17155642230064 5.3009102139622 1.73323137266561 2.83166089095175 2.41411300692707 8.3719847034663 1.54419500613585 9.85385519452393 1.45077975671738 7.86103970371187 2.27201487850398 7.12044082954526 1.77350440211594 4.99355760030448 1.53456278285012 9.8859823141247
1032.66 9.47285973094404 2.32438832875341 9.56051805987954 1.76306103887036 2.03153466247022 2.2975237778388 7.83544319868088 1.43102267496288 2.35875810310245 2.31284965472296 9.15953992679715 1.6272614586167 7.3607918843627 1.76525005782023 9.00638000667095 1.87596238199621 8.67864000983536 2.40459948480129 3.555638698861
1124.14 7.07260369881988 1.65924256350845 6.58728080615401 2.01521082399413 7.35870558954775 1.31316542960703 6.40476222522557 2.30734462551773 2.96338271535933 1.60073873819783 6.25625959224999 1.99341777376831 4.31159723550081 1.75302604809403 4.18824902921915 2.16810534745455 7.72568182088435 1.70455323215574 8.96545285731554 1.97586452094838 8.76563590951264 1.74670214466751 9.63049393333495 1.47580905891955 5.42776658199728
1131.27 7.34114861860871 1.73236579447985 7.20406471937895 1.67561780018732 5.70553020015359 2.12304622698575 6.86484887078404 1.40077597666532 8.265436116606 2.3473917526193 4.48529065586627
1144.92 6.65625094622374 1.84935305947438 8.81636496260762 2.3862359249033 2.75579295493662 1.50596385747194 6.92170435935259 1.72486475026235 7.76701580360532 1.76716648638248 5.14269295334816 2.3778312173672 9.12156390212476 1.44672526894137 3.82755219377577 1.80161597430706 2.46988264098763 1.58418284524232 2.14455705322325 1.5339779201895 4.95856989361346 2.47891894662753 4.63256988674402 2.15115380408242 2.68161404319108
1193.24 3.37729761376977 1.89970963578671 5.54216728359461 1.74755265945569 8.47435744293034 1.50305828806013 2.53681809455156 1.30106862839311 3.89494902640581 2.10276096910238 2.29411836154759 1.54436047049239 6.1803611908108 2.34860860686749 2.68115568347275 1.62165941866115 4.11890850402415 2.30338253173977 4.95656389184296
1200.82 2.06849111430347 2.06724170530215 7.65618911571801 1.44971907883883 3.84302127361298 2.37885179426521 2.45260114222765 2.01259538270533 8.95158912986517 2.12108684061095 9.76139830052853 2.16818845262751 7.20270309969783 1.59243957502767 6.49158743210137 1.8447894923389 9.35745661146939 2.38554503116757 5.97360590100288 2.15165894590318 3.7291049156338 2.4144119293429 8.27317927591503 2.26489397035912 3.80508111044765
1215.41 4.3895171508193 1.49271775512025 3.65324067510664 1.61433669636026 3.35273809544742 1.61995945693925 8.6525405049324 1.96672284658998 3.92673278786242 1.38902884945273 4.89930049329996 2.26028645383194 6.5487742703408 2.28758909972385 5.1987474206835 1.87277570562437 7.29745995998383 1.70404012221843 2.29630092158914
1231.34 3.84640308097005 1.64605493862182 8.89277645014226 2.24756664643064 5.21415532566607 1.67517247414216 4.86758329346776 1.49333574026823 4.7362871132791
1267.03 4.70241557247937 2.04394130837172 8.78244798071682 2.29574155639857 6.22811221890152 2.38575249193236 2.70605923421681 1.417363260407 3.79867952503264 2.30936336051673 7.53138294070959 2.01276369970292 2.84118952974677 2.14713599802926 3.91513777151704
1277.13 7.43322780542076 1.60059560099617 9.84065569937229 2.06992613580078 9.65890773758292 1.56081282179803 5.15704077482224 1.73795481035486 4.04765557870269 1.50801837677136 9.81920310854912 1.50291833095253 6.03254259936512 1.47823968175799 5.2736953869462 1.71672320961952 5.82226555980742 2.45919434363022 8.15442492067814 1.81908583780751 8.57268363051116
1295.16 6.63267949968576 1.79588925661519 3.14941166527569 1.48000990953296 4.70526355132461 2.38601058162749 9.92172580584884 1.88503156099468 7.54849340766668 2.09290450727567 6.34391215071082
1384.88 8.64452988468111 1.55348778245971 6.37467736378312 1.83807231951505 6.57522723078728 2.06755827525631 2.15925046429038 2.43542766897008 3.71268957853317 1.58730180645362 5.40275845862925 1.7982180046849 4.31022658385336 1.37553947884589 4.30525941587985 1.80865154489875 4.29125265032053 2.07559761591256 9.04660788364708 1.85903838546947 8.72400183044374 1.48535109097138 3.57524917274714 2.10338116120547 4.09053398855031 1.76584922615439 9.56103727407753
1398.6 5.77210671268404 2.15358601557091 7.27275708504021 1.52821253230795 9.83466186933219 2.45614610388875 2.64255714789033 2.26775248292834 2.06816831044853 1.51810562955216 5.69043728150427 1.32912364061922 9.88332274928689 2.49049665350467 6.95586073026061 1.39601254975423 9.77577042020857 2.35395509488881 3.20914281532168 2.03124112663791 3.23636862449348 2.17368446290493 3.84445950388908
1435.5 9.52258123457432 1.5218432973139 6.18374204263091 2.46087902905419 4.73772907443345 2.49132221397012 5.56786941736937 1.97392909843475 3.28476569056511 1.35697287991643 2.16453850083053 1.80746795563027 5.94786955043674 2.27392899254337 9.75872953608632 1.75963884638622 2.88001361489296 1.87565454402939 5.90270500816405 1.78713569538668 4.9464930202812 1.34945781612769 7.76872118748724 1.76746365167201 3.01527655310929 2.18398975189775 3.79430039599538
