# Using the following values to generate the workload:# num_procs = 50
# mean_io_bursts = 10
# mean_iat = 25
# min_CPU = 1
# max_CPU = 2
# min_IO = 0.3
# max_IO = 0.5
52.2663 1.07480983925052 0.37974688289687 1.9917907230556 0.34948117104359 1.68405089760199 0.347248955257237 1.36177665228024 0.383823005389422 1.95991443959065 0.495370969269425 1.21562081202865 0.425698709208518 1.36439817538485 0.493391431495547 1.13168543577194 0.471382200159132 1.88207263010554 0.477625424414873 1.69963085348718 0.489023077767342 1.09524275525473 0.473208246938884 1.80658750329167
61.4435 1.11553798173554 0.352506979182363 1.85777491168119 0.347036711825058 1.00678558391519 0.354612347483635 1.39581305510364 0.426903461106122 1.33872339478694 0.471682714018971 1.52121594548225 0.437124810693786 1.84416345600039 0.403189383959398 1.29637794592418 0.459155720565468 1.32176170288585 0.317360426392406 1.10172889428213 0.437127110967413 1.52345550199971 0.494549212185666 1.76564661925659 0.428429792169482 1.39647849462926 0.313712842250243 1.01781684113666 0.347482350794598 1.00273078051396 0.441855317633599 1.00965597899631
99.6086 1.00034240121022 0.431985221616924 1.79156567552127 0.459739310992882 1.38304045167752 0.433882344607264 1.1341316618491 0.461295494204387 1.61109876725823 0.323065829882398 1.63556428509764 0.308085155067965 1.24029267509468 0.462448534183204 1.98372186394408 0.489820514060557 1.35818571224809 0.343739906139672 1.00313560897484 0.440670882351696 1.31580790225416 0.327949642576277 1.74473085533828 0.445889808796346 1.15945312520489 0.441334528103471 1.61857625702396 0.319609067589045 1.55561030074023 0.431711944192648 1.86977780493908
122.604 1.78994483244605 0.44050603103824 1.55171597818844 0.384499880624935 1.9193000709638 0.490028745820746 1.18056373251602 0.327894200384617 1.56273247674108 0.48176965424791 1.39169525541365 0.315369117120281 1.73017987818457 0.451733570080251 1.67591234040447 0.410806551575661 1.25065228622407 0.47392449346371 1.07924268743955 0.305810454767197 1.89306863560341
128.62 1.84518206841312 0.350706400023773 1.68452389887534 0.332414433406666 1.10952353826724 0.325755280302837 1.32721459679306 0.343831521738321 1.31713225715794 0.32259186678566 1.98464501206763 0.361730840941891 1.92731742071919 0.479946556314826 1.36770714493468 0.393865167908371 1.70609733066522 0.41374597675167 1.00328625855036
158.651 1.82898784824647 0.331974923796952 1.70996031188406 0.431818661373109 1.13661249028519 0.459584953589365 1.82765749283135 0.375849012844265 1.36308507900685 0.438475323328748 1.11637352639809 0.305202597426251 1.1575739539694 0.496873770840466 1.47130730841309 0.485907253902406 1.6213987483643
163.304 1.07871869020164 0.301640478521585 1.2956710353028 0.323129065800458 1.96624537324533 0.433086846861988 1.62526318454184 0.350112050771713 1.14466527313925 0.345794100547209 1.80727037927136 0.327514431206509 1.94516572332941 0.449575477279723 1.12488136487082 0.312620309274644 1.25032775220461 0.393319509504363 1.78991777170449
185.88 1.30943246139213 0.359937361441553 1.233207663754 0.311647365242243 1.93339245277457 0.368238630658016 1.7973122317344 0.304526184406131 1.80941292876378 0.366293873637915 1.08229406620376 0.424095540540293 1.94999093399383 0.409850251115859 1.62130137183703 0.449829847132787 1.21863627806306 0.333541361428797 1.27414982346818 0.327131922682747 1.76301930355839 0.370652082795277 1.05342858680524 0.317731601884589 1.01997767714784 0.374719062959775 1.82677442557178 0.37437466327101 1.38390421681106 0.38494879482314 1.31685955240391 0.459395449003205 1.55504527175799 0.445843694685027 1.48121524811722
224.458 1.94984135730192 0.458880996471271 1.9240926548373 0.412846169853583 1.7231083707884 0.489741929853335 1.26914578070864 0.446045568911359 1.14589223940857 0.348496566992253 1.22422585799359 0.495710887899622 1.12370068207383 0.377944007888436 1.17483593313955 0.370081085944548 1.17665304266848 0.347515113605186 1.37847213679925 0.412425010558218 1.70055960211903 0.328905407618731 1.95412684115581 0.323445022432134 1.36563226394355
283.583 1.61123312613927 0.442340671038255 1.08360550366342 0.420153831783682 1.34275922295637 0.416415457939729 1.29653469682671 0.355084712943062 1.43345417431556 0.308487439155579 1.81351783382706 0.440905338758603 1.02947065327317 0.440209852717817 1.12607642821968 0.370151687506586 1.89530978351831 0.430338161066175 1.88587212376297 0.480950473807752 1.29277539602481 0.452471517026424 1.65831858711317 0.368957811361179 1.98223551455885 0.399685930041596 1.32851270935498 0.388724419055507 1.08420514944009 0.455768088949844 1.81583829433657
330.677 1.70516084553674 0.459001187328249 1.90677139116451 0.457375576579943 1.5888203587383 0.387176745943725 1.89830296067521
331.805 1.59972695843317 0.309410254005343 1.10011056950316 0.431586711993441 1.67049752990715 0.360050441604108 1.49598086695187 0.412489562481642 1.77061480097473 0.302128365030512 1.18769699637778 0.320607992028818 1.78307947772555 0.30764498389326 1.0256545052398
375.365 1.85133346612565 0.310637837834656 1.666324011283 0.300550969690084 1.68537562596612 0.418774275714532 1.84738526633009 0.357549521652982 1.3280902702827 0.486536862002686 1.60515028098598 0.360716410167515 1.45911552663893 0.38437914759852 1.79066592594609 0.46483473549597 1.48382709268481 0.41367933312431 1.61453347583301 0.401360425911844 1.71473313611932 0.426869144244119 1.04250954813324
384.666 1.08565480750985 0.348679374344647 1.50139758386649 0.350795872136951 1.39074785611592 0.333763106400147 1.61498060706072 0.359302180167288 1.00862847222015 0.341185003519058 1.8367832864169 0.419542992301285 1.65856633963995 0.482778504583985 1.66937496303581 0.321833204850554 1.03236745507456 0.477565399650484 1.37464581173845 0.300591856287792 1.46340337302536 0.308305953908712 1.74057894316502 0.485922731691971 1.09071128605865
438.987 1.50606361939572 0.48002257742919 1.59910603961907 0.412604302633554 1.50771607551724 0.428578078653663 1.92213000799529 0.42435317649506 1.25576465204358 0.389127110270783 1.78223208338022 0.401242665806785 1.09703493048437 0.416324114939198 1.58689596829936 0.482179007772356 1.86956608947366 0.464035983104259 1.57868386153132
467.548 1.21659801946953 0.414504712447524 1.3074658641126 0.409576815227047 1.98174740071408 0.424544177437201 1.11661806097254 0.428680247720331 1.57773052342236 0.319666814245284 1.8742963259574 0.461878188513219 1.09756524837576 0.305985792772844 1.06289727636613 0.321514988364652 1.14129161112942 0.486308549297974 1.52592250634916 0.310104649700224 1.40265938639641 0.338399892766029 1.73772414238192 0.303137099090964 1.35388647695072 0.442002403223887 1.34537735395133
469.132 1.88370968191884 0.452025558147579 1.47312263329513 0.316632471559569 1.55622966773808 0.335731151048094 1.24541654880159 0.316728976694867 1.08273668214679 0.313486729422584 1.408881284995 0.479965287959203 1.07429077848792 0.412816051021218 1.06338566238992 0.30452186842449 1.89869258902036 0.498352265451103 1.17126675578766 0.473233820125461 1.34030337212607 0.38771392526105 1.58307388308458 0.432688594376668 1.12658568797633 0.384158686362207 1.85683056898415
500.717 1.83760439697653 0.483938543265685 1.32517961040139 0.359180261101574 1.22197049157694 0.480613195477054 1.15830161306076 0.343791230162606 1.87619865988381 0.439538202108815 1.55488076526672 0.418094578431919 1.47427420178428 0.454895797790959 1.55376874026842 0.417774510383606 1.75640727346763 0.375601785909384 1.52584944455884 0.352313555311412 1.90687473025173
517.63 1.32315394910984 0.442719205422327 1.82651783688925 0.359867627406493 1.79469266533852 0.326567577477545 1.03505942295305 0.309659528778866 1.42709520808421 0.305569807393476 1.9087213689927 0.470604931656271 1.18355060508475
527.298 1.30438979109749 0.398614253196865 1.00872884434648 0.407368511287496 1.14841777761467 0.397611140180379 1.50528022577055 0.317223263531923 1.52829848905094 0.390292888646945 1.59376985603012 0.378347710333765 1.60306971520185 0.459267015522346 1.06541916215792 0.359042673697695 1.76711933733895
531.942 1.79843620955944 0.333885418763384 1.45543605647981 0.33376853200607 1.63638826599345 0.493084712512791 1.4529741788283 0.398474025167525 1.35584550118074 0.350097352173179 1.19035171042196 0.477152839675546 1.40143746952526 0.445868649706244 1.87103960313834 0.324578204285353 1.56200062693097 0.477932688174769 1.65831575472839 0.375046588946134 1.49031901918352 0.331402314221486 1.11994726839475 0.346796020446345 1.71074878191575 0.456057517696172 1.81000276328996 0.428103595552966 1.25300258770585 0.493786692107096 1.30858747474849
551.958 1.04235078743659 0.31444531455636 1.2127109086141 0.355553604476154 1.71410551667213 0.389207534352317 1.62579831620678 0.307425161916763 1.97388629219495 0.37466099197045 1.48556571127847 0.347074439562857 1.7581248129718 0.458122140960768 1.25663666869514
552.914 1.97227242263034 0.327818088093772 1.12592497514561 0.376096909958869 1.96422750572674 0.36860567657277 1.22819466073997 0.458025894640014 1.15924672526307 0.300210622930899 1.34958912292495 0.374687711102888 1.34463546378538 0.360783204063773 1.67308447766118
580.386 1.98635412985459 0.430936443340033 1.24234892474487 0.401110371574759 1.19674000283703 0.470882875565439 1.13578111864626 0.332286010216922 1.52657105820253 0.499524633167312 1.57132522179745 0.332262288359925 1.12039783340879
593.123 1.14501142827794 0.406203317223117 1.51658847462386 0.408275935379788 1.10618231119588 0.360723105352372 1.27265508985147 0.481884350767359 1.24035984021612 0.49342724098824 1.58293989533558 0.489803016884252 1.98933254694566
627.935 1.01144600170664 0.301735172607005 1.20459370710887 0.404076869925484 1.38189254165627 0.357299831090495 1.48054603231139 0.399349417258054 1.90682633942924 0.342057156004012 1.48492582887411 0.390150452358648 1.53865812509321
642.187 1.57242283783853 0.484938611695543 1.08075444982387 0.499138804944232 1.73120098770596 0.473925759410486 1.18137851799838 0.374951012153178 1.67622067383491 0.356498076580465 1.6035794171039 0.368261754512787 1.25017238827422 0.408678586874157 1.47991674742661
734.996 1.93927137530409 0.332275829557329 1.81411539018154 0.309230125648901 1.59122551092878 0.440801918879151 1.8715423240792 0.403352879127488 1.34804632607847 0.411243362305686 1.52309467922896 0.493251257203519 1.77364324778318 0.408952444186434 1.41245790175162 0.346628106525168 1.23230081028305
737.063 1.81733911833726 0.304686937620863 1.07782214204781 0.37039884547703 1.60771849541925 0.40835880311206 1.69597612554207 0.490435974160209 1.33610453666188 0.345323627302423 1.01366722979583 0.353999313991517 1.74411163921468 0.363561896653846 1.51685438747518 0.446501891966909 1.73581938585266 0.406126523017883 1.85207239119336 0.368749462720007 1.37261298112571 0.458519826224074 1.39526176452637
744.841 1.58224460226484 0.436041829641908 1.22844116715714 0.358509942097589 1.06985809956677 0.494980979990214 1.79775614407845 0.382955363532528 1.55552629334852 0.458054770715535 1.93522043572739 0.33162355851382 1.890518626431 0.339309218293056 1.10509379697032 0.33403773070313 1.8916283424478 0.43867684006691 1.93621300952509 0.346668870933354 1.67898211628199
759.086 1.8313271261286 0.356151203578338 1.42806217004545 0.473614589963108 1.05471534701064 0.386050497042015 1.6256637587212 0.320733775245026 1.68211129447445 0.315469065215439 1.46705364203081 0.396625543991104 1.62228469108231 0.433943288680166 1.55215777293779 0.450188604276627 1.69890737952664
759.095 1.70905727753416 0.434286380419508 1.97229746985249 0.496556742256507 1.79624136141501 0.455749472556636 1.20571084693074 0.453663427243009 1.89973552594893 0.393434731801972 1.35805168491788 0.450756586110219 1.27622976363637 0.401721511501819 1.51416614302434 0.335899024736136 1.01587735489011 0.374881566781551 1.55511296959594 0.493103898921981 1.01216482999735 0.415610947320238 1.36763447942212 0.303077699663118 1.95276185357943 0.451924983412027 1.09372110664845 0.479255315335467 1.3882075168658 0.44787079654634 1.76837320113555
797.55 1.32133126398548 0.317097794217989 1.27415883191861 0.302218009717762 1.20829451084137 0.464871163805947 1.55321570369415 0.484610207052901 1.7430237706285 0.32641990063712 1.51670115953311 0.320111222565174 1.57333139167167
824.903 1.85124534298666 0.415686380723491 1.9189066872932 0.407454306771979 1.13510071882047 0.358702421979979 1.36738301673904 0.442258356558159 1.76511943317018 0.356836578762159 1.92245004605502 0.4667746942956 1.01359585742466 0.306341907242313 1.1470630816184 0.372137607680634 1.33229994331487 0.403836467908695 1.47380451764911 0.397205156227574 1.30639252485707 0.366517629520968 1.44950273563154 0.345150100579485 1.04532038071193
860.978 1.20727704139426 0.318064260855317 1.55776773509569 0.365998829109594 1.02807070035487 0.403414645884186 1.1589673187118 0.445541139319539 1.83064231625758 0.442524223960936 1.71336288773455
896.809 1.63045214046724 0.491970474086702 1.61812997423112 0.359551073331386 1.54462852398865 0.419775116350502 1.52163137565367 0.43809960517101 1.49296903517097 0.470171063486487 1.36690864455886 0.430061544291675 1.16827750974335
906.589 1.58782732184045 0.419815907580778 1.88175315782428 0.400257332343608 1.40117192314938 0.396766337752342 1.64020563662052 0.354944296600297 1.42082188325003 0.357989527285099 1.99717692425475 0.399649932608008 1.79774462594651 0.466743981279433 1.11583792092279 0.323432293673977 1.43044847296551 0.343913755845279 1.03637293656357 0.322768877865747 1.75765549228527 0.328360681561753 1.86381070199423 0.310920556960627 1.88285791943781
953.91 1.30768358288333 0.439991873828694 1.89601515466347 0.302029564557597 1.99865092453547 0.434676719130948 1.49198994040489 0.480534349335358 1.4261415109504 0.427411409141496 1.96468905755319 0.391028563911095 1.60178942093626
967.797 1.76341701601632 0.482964451843873 1.17169383098371 0.465406163875014 1.68200286407955 0.303176028421149 1.71342098386958 0.480655838921666 1.04611482005566 0.436568402964622 1.26349553931504 0.445021506398916 1.02393897762522 0.446257059974596 1.07445296295919 0.352331556193531 1.02572791301645
979.827 1.97406933922321 0.473735349532217 1.11568940570578 0.325228017987683 1.59262800123543 0.447979106521234 1.86057439190336 0.312258658045903 1.79207768570632 0.438240804290399 1.17084823409095 0.335801882157102 1.50899740471505 0.487159389909357 1.85499029699713 0.34024087972939 1.75058218417689 0.452932709362358 1.48349958378822 0.39931860412471 1.90791022172198 0.313642303692177 1.02446303493343 0.420617302833125 1.74059223080985 0.48131317012012 1.43628502869979 0.479535405570641 1.70284025534056 0.45086131663993 1.16932435985655 0.494353756634519 1.07183811138384 0.402304555103183 1.00854797707871
986.623 1.7681024982594 0.361293387645856 1.0141209543217 0.422444742824882 1.60137376468629 0.38064444558695 1.00312758865766 0.464143943926319 1.6926198604051 0.446411840897053 1.46142748859711 0.308167871600017 1.68603534414433
997.151 1.78896005055867 0.351565932948142 1.26391759840772 0.384060345683247 1.41465142555535 0.397273776028305 1.2078549277503 0.329686346650124 1.4600598688703 0.358909802604467 1.90170369809493 0.456477801827714 1.67419301625341 0.394639299856499 1.68324285885319 0.418512171460316 1.31139349029399 0.372581447754055 1.28288152813911 0.302989336755127 1.46986851771362 0.359408161928877 1.78330765594728 0.393155639991164 1.00002145976759 0.428500595269725 1.20720550045371 0.47056773439981 1.14472355158068 0.365670530917123 1.74416965502314 0.371581653039902 1.89298727363348
1010.78 1.31878310116008 0.319043300673366 1.3890442289412 0.435500734765083 1.02020661556162 0.400738177308813 1.65932304225862 0.370528910448775 1.97815633518621 0.404036970157176 1.46315463562496 0.447671435400844 1.69481110037304 0.391312710754573 1.09835006436333 0.425264423480257 1.35073044640012 0.305482978792861 1.77153781219386
1025.68 1.6348991736304 0.325238150870427 1.09293663082644 0.402310016099364 1.32846130477265 0.408300386741757 1.91755832452327 0.45334426923655 1.51759637938812 0.303141925996169 1.06484235753305 0.435268530575559 1.32349176309071 0.412026416417211 1.9590251990594 0.470249547204003 1.80527384323068 0.398393139848486 1.81836765562184
1080.45 1.29916873783804 0.444590056827292 1.78666960238479 0.430476554529741 1.52638097503223 0.324304550234228 1.05354916164652 0.354498492088169 1.70363955385983 0.329204638814554 1.74425617745146 0.400075640436262 1.63794684922323 0.337651841528714 1.90575228980742 0.389716507354751 1.01600494305603 0.30405554631725 1.0823388597928 0.439106629835442 1.35162074980326
1092.24 1.6186238033697 0.487584027834237 1.94998901477084 0.453932797862217 1.06687261606567 0.312820377666503 1.13873967295513 0.385227960767224 1.39331290661357 0.484532659733668 1.27279914193787 0.321059380145743 1.97783061070368 0.394722533645108 1.93275936460122
1133.13 1.93984171142802 0.432148221274838 1.15402654907666 0.405917998403311 1.32585788075812 0.45443951622583 1.76217734883539 0.47071963744238 1.41347445710562 0.373609379120171 1.28380168299191 0.360300084762275 1.58624186157249 0.42224760632962 1.54641296504997 0.487869506375864 1.22526407497935
1157.01 1.55543689802289 0.308010075287893 1.14058153261431 0.46988184871152 1.67227214481682 0.338381557073444 1.65842235740274 0.331149280397221 1.45193633879535 0.369000642653555 1.42188459448516 0.360817655082792 1.5273455188144
1180.81 1.85364708653651 0.303473069006577 1.71883976017125 0.347944729262963 1.19508036226034 0.411602590605617 1.33588729705662 0.329072794690728 1.60620731837116 0.477604887541384 1.48351853014901 0.335457884194329 1.28790738550015 0.38176165916957 1.25107409688644 0.453716735634953 1.0173571407795 0.359160634549335 1.70989966904745 0.327955526765436 1.97344418941066
1269 1.83171989256516 0.355385174043477 1.6725178048946 0.407449862919748 1.92332622548565 0.437995467055589 1.17176052881405 0.337796636391431 1.4158459440805 0.384012278681621 1.01504355692305 0.305230832286179 1.87460034061223 0.323351200949401 1.56014359486289 0.425144359236583 1.77924854238518 0.439512128708884 1.87136768200435 0.343577997665852 1.45309903705493
