# Using the following values to generate the workload:# num_procs = 50
# mean_io_bursts = 10
# mean_iat = 25
# min_CPU = 1
# max_CPU = 2
# min_IO = 0.3
# max_IO = 0.5
29.2231 1.52235444029793 0.374095736211166 1.84920964948833 0.326459871418774 1.35244189132936 0.353310717083514 1.0346190284472 0.451372192241251 1.89893962605856 0.350893538864329 1.72618497931398 0.437331515317783 1.97858944348991 0.395712737645954 1.54943206068128 0.356349595403299 1.01284884894267 0.391687322268263 1.92917454545386
110.002 1.55462495447136 0.332950642472133 1.07890225853771 0.454290888272226 1.98473439132795 0.385435040295124 1.43243685783818 0.315777864865959 1.65478877932765 0.319678675476462 1.3425726769492 0.422203036723658 1.36066681169905 0.464430818939581 1.27909834543243 0.466212951531634 1.26637986884452
154.356 1.3430517022498 0.37023653825745 1.52056575519964 0.347460990771651 1.54344930895604 0.42348311394453 1.51339912344702 0.464131424436346 1.3629256633576 0.360435255663469 1.95840719388798 0.331135689048097 1.26807793555781 0.395848512463272 1.4282247510273 0.469725448358804 1.31200711010024 0.405500430893153 1.89939987962134 0.393006780324504 1.06320275831968 0.337843916611746 1.09739836328663 0.375038859341294 1.29960722965188 0.466120447544381 1.07274306262843 0.302485204348341 1.86420098738745
181.311 1.78569033648819 0.398869006661698 1.90284336986952 0.32324346806854 1.12192335329019 0.434965718816966 1.48019974539056 0.37372069703415 1.88235851400532 0.362683478742838 1.04055541730486 0.493803598219529 1.19785497081466 0.44672931577079 1.73648509453051
183.756 1.2127818830777 0.356307159550488 1.50304288719781 0.309790890663862 1.27365156030282 0.419425567984581 1.14262022334151 0.379198531853035 1.33034171629697 0.482998951105401 1.28831249196082 0.383034847537056 1.96893293689936 0.454791344096884 1.53814084595069 0.304813899844885 1.51519391918555 0.485297807818279 1.98276907880791
241.364 1.44375317986123 0.441159243881702 1.09317914978601 0.383440504036844 1.63497916259803 0.486493060225621 1.85654757078737 0.401597295422107 1.6001699983608 0.469773244485259 1.8804092083592 0.473235153593123 1.33165520452894 0.341624500928447 1.59413091908209 0.468626477336511 1.17563417949714
249.631 1.71895715943538 0.440752746723592 1.2737535147462 0.303921680338681 1.44970797142014 0.474007789231837 1.48123281891458 0.39548068633303 1.80398555891588 0.366347071155906 1.70273991534486 0.420737047446892 1.28255888982676 0.34904049183242 1.31052936892956 0.338070278707892 1.6036192169413 0.324252731539309 1.51102433679625 0.339370727539062 1.82156209158711 0.403919234173372 1.48880500881933
264.103 1.93815889116377 0.349905244400725 1.66745119797997 0.499786118185148 1.50579870352522 0.410360312648118 1.53163652657531 0.317076121456921 1.41684445785359 0.370412119664252 1.93185553094372 0.423076436202973 1.06404469301924 0.387823129072785 1.45573224266991 0.324466599617153 1.68116124742664 0.494005806418136 1.40807208535261 0.490978050697595 1.1143820732832 0.432548867864534 1.33749355841428 0.483443265873939 1.30093133100308 0.436767947021872 1.53002442815341 0.388947211951017 1.12180825229734 0.471526465937495 1.05556959286332
276.084 1.78750916430727 0.395267499983311 1.8430198810529 0.330103724263608 1.62185368617065 0.482818944379687 1.34767289878801 0.392184833576903 1.24520303076133 0.373258633026853 1.48323790146969 0.313320339471102 1.48442600853741 0.409919536719099 1.19719829061069 0.464641690673307 1.32221496524289 0.37852592417039 1.68300417787395 0.341676923865452 1.32083011604846 0.474818758200854 1.32740882434882 0.318869504379109 1.54173146933317 0.459869286278263 1.3176806147676 0.470197995984927 1.43826505425386 0.36316196792759 1.31918138312176
294.182 1.0837446951773 0.47284137122333 1.05002917908132 0.342255076766014 1.2987680262886 0.390923067368567 1.98944239900447 0.338472671527416 1.64041018672287 0.498983661457896 1.06723169074394 0.454980904003605 1.99359952565283 0.398859210126102 1.38445362797938
300.259 1.95053061889485 0.402884058561176 1.25752091687173 0.377726353378966 1.43690323736519 0.332506443420425 1.24183628428727 0.493757282104343 1.11606883187778 0.463293366739526 1.54106577765197 0.356111132726073 1.20847021858208 0.330339766526595 1.90402098908089 0.377723977388814 1.55898818140849 0.464609584584832 1.13428399222903 0.388230855809525 1.35148666799068 0.398700040718541 1.16448178864084 0.496703879674897 1.0409553241916 0.360567398788407 1.78090452868491 0.313721184572205 1.82664777711034 0.464394309744239 1.92765475274064 0.312131977220997 1.66130581893958 0.380538876866922 1.31763800233603
335.032 1.35517766652629 0.311001978488639 1.88088825857267 0.398526882566512 1.27840370847844 0.383644171152264 1.53806025278755 0.316493989573792 1.91646064305678 0.348018078831956 1.56898422958329 0.457787247048691 1.83556607319042 0.44718056274578 1.32110394001938 0.490362997585908 1.68047616956756
340.583 1.45163571415469 0.460633097263053 1.23774148570374 0.416092967707664 1.05461274180561 0.3377874718979 1.31005594017915 0.399303092155606 1.23810284188949 0.485986358113587 1.01601054170169 0.356197591638193 1.98237415077165 0.452333561424166 1.18866919423454 0.420012870198116 1.00261830096133
367.941 1.39201847650111 0.390788170928136 1.85245894175023 0.414857098925859 1.23692094953731 0.392709162132815 1.19652571016923 0.420776254404336 1.641042846255 0.441861561778933 1.0915379638318 0.421475601522252 1.90466847014613 0.452998535661027 1.48978238855489 0.426351558184251 1.6117077912204 0.411422611307353 1.02401612582617 0.497455227654427 1.02005023090169 0.302544237161055 1.79416252719238 0.355859120748937 1.1374140244443 0.445765565335751 1.21023261197843
381.832 1.91395222418942 0.416939499834552 1.4321704285685 0.409483221638948 1.60967044881545 0.443938571680337 1.57604739442468 0.348967671534047 1.80057584564202 0.460252468660474 1.38445019279607 0.410025679273531 1.55542618152685 0.460609412565827 1.52177162934095 0.40597056299448 1.56512951571494 0.466059382399544 1.91429762728512 0.493337255110964 1.81669393950142 0.464997897762805 1.22117420495488 0.413270958326757 1.37703064247034 0.41478993492201 1.59290940361097
434.705 1.34576742630452 0.434700242988765 1.22524771559983 0.459980981983244 1.2897429484874 0.342618103511631 1.82904794323258 0.367802469106391 1.4074239321053 0.487024425063282 1.66247712797485 0.456102714361623 1.50980137963779 0.467646431969479 1.02698025596328
484.061 1.43155520339496 0.437144356500357 1.6077428010758 0.486095921648666 1.87565736053512 0.420356068853289 1.24525354197249 0.354864290123805 1.26501597114839 0.397505410853773 1.69213282922283 0.357882135827094 1.5868902951479 0.419725712761283 1.63644826668315 0.37229696335271 1.15396155230701 0.345664759492502 1.19245744566433 0.425262485910207 1.10453678830527 0.369880564371124 1.66029903665185 0.349341051699594 1.10081856162287
519.982 1.48203641129658 0.33069480555132 1.42420674790628 0.486713757971302 1.46466621011496 0.313395190006122 1.23964937170967 0.490994733432308 1.94318715948611 0.396104243118316 1.88408075342886 0.445403115311638 1.39347518538125 0.363961175177246 1.2916638397146 0.313751303777099 1.93409024225548 0.378354918258265 1.96978157479316 0.41839531539008 1.58281782222912 0.478338738903403 1.74139174935408
589.32 1.12944079865701 0.493110145488754 1.22055068216287 0.431998197874054 1.93469838192686 0.336636246787384 1.01859536557458 0.367673164838925 1.43343621911481 0.348015948431566 1.14192940341309 0.369188528507948 1.47470618295483 0.360746929235756 1.62906297622249 0.383121284097433 1.00248745689169 0.446536227315664 1.09266624436714
604.795 1.7914421481546 0.486720507405698 1.29450253001414 0.320158407464623 1.74001458892599 0.336978461453691 1.3624037313275 0.414284885162488 1.71490695560351 0.344966551661491 1.2547915680334 0.497432580403984 1.16609419090673 0.364243529038504 1.54788178624585 0.453906137403101 1.14939191425219 0.336634086584672 1.08129878574982 0.40090233720839 1.24322722270153 0.373654084280133 1.89062608452514 0.315776002313942 1.1096118343994
624.701 1.24879861972295 0.3402546138037 1.63240428641438 0.359399064350873 1.71364796650596 0.344571918388829 1.58099172427319 0.49158813552931 1.2406152440235 0.34145883647725 1.21920040389523 0.42363332817331 1.58428178727627 0.425425931671634 1.04016823228449 0.484481313405558 1.56972380005755 0.476056636311114 1.26152472849935 0.46455004774034 1.28402143716812 0.368611920252442 1.53639774117619 0.340819253632799 1.95945199020207
659.508 1.728698103223 0.420782221900299 1.74461084161885 0.313958320906386 1.29543712129816 0.362853396916762 1.86584752332419 0.47871502568014 1.35098351468332 0.487835145602003 1.32211965066381 0.378324093250558 1.58044060482644 0.34189670230262 1.18475550995208 0.402564681647345 1.79271657951176 0.34012208818458 1.2519154259935 0.388513464154676 1.49285489367321 0.461391133442521 1.54698355169967 0.367714511649683 1.56056231819093
693.63 1.45918047148734 0.331213271198794 1.22775470255874 0.44775680792518 1.54824891174212 0.496872785128653 1.42423312785104 0.409723892109469 1.0437962426804 0.47946373517625 1.11598156392574
729.095 1.05310141225345 0.321266453294083 1.44179549766704 0.40304373241961 1.48225153679959 0.363129128469154 1.41057114698924 0.349649383733049 1.77762518357486 0.430011468240991 1.95247802743688 0.498476841999218 1.25151148298755 0.444605558924377 1.69868215639144 0.499232744053006 1.4467908537481 0.435453318012878 1.61418764991686 0.312765610497445 1.12680443422869 0.328342502564192 1.82332821656018 0.32368333498016 1.96245927968994 0.434022651799023 1.09951946814544 0.432268283190206 1.68969571474008
730.229 1.12452452047728 0.376986745139584 1.6231128606014 0.472727687470615 1.78920672088861 0.428947553224862 1.62188135646284 0.315026379842311 1.65286821546033 0.486600043717772 1.29965159599669 0.477808289555833 1.03371740994044 0.449296423234046 1.38826179504395 0.454293515952304 1.73933523660526 0.445066311536357 1.74189666472375 0.359098175726831 1.97607260337099 0.411518649151549 1.6990454653278 0.409267675410956 1.28821262042038
754.127 1.10753710265271 0.304584501683712 1.7896830860991 0.389922703104094 1.16316062724218 0.423952685110271 1.56893562269397 0.489413895597681 1.62496586423367 0.374790323572233 1.65592562127858 0.495407009171322 1.98087272932753 0.412690505944192 1.34700218518265 0.354349725833163 1.78903887164779 0.378467456623912 1.40561626222916 0.494154819240794 1.00950002647005 0.461992393434048 1.92393625131808 0.429739492805675 1.86399243911728 0.480299223028123 1.12492889794521
769.613 1.39710109075531 0.382074118219316 1.64761640294455 0.42178907468915 1.92992434161715 0.475859321886674 1.2200435209088 0.33821632489562 1.67059827246703 0.385241426434368 1.20105310878716 0.385024501150474 1.59882174734958 0.363384579354897 1.62731415964663 0.400517801567912 1.17418511840515 0.317706255288795 1.4151448677294 0.372000867361203 1.91816846071742 0.31301265321672 1.04358838754706 0.347775758197531 1.19772415072657 0.408752171229571 1.07585405884311 0.463247437309474 1.33227584161796 0.387468280270696 1.15273618977517 0.319755376409739 1.19488616357557
802.429 1.54232557327487 0.380515742395073 1.22776195080951 0.319076763931662 1.444352730643 0.4749875606969 1.30271046468988 0.410866673802957 1.68135518324561 0.473296271404251 1.01461477088742 0.308587708696723 1.79594283248298 0.329674583673477 1.70769739127718 0.434841481084004 1.39795949496329
821.83 1.27275137929246 0.312472179252654 1.09608167759143 0.32137784906663 1.83064871421084 0.360531178442761 1.32265343377367 0.429760743724182 1.32092713052407 0.303707324806601 1.28834474086761 0.395850364817306 1.98144954675809 0.380089011602104 1.18104882258922 0.499530193861574 1.90323987556621 0.345429760217667 1.51149910502136 0.448697028914467 1.72104962682351 0.486255084583536 1.52162441937253 0.380230045504868 1.80776409595273
837.449 1.48083859588951 0.397269756579772 1.7747912358027 0.371758691873401 1.52209409535863 0.43993538254872 1.0486700781621 0.337493369216099 1.00538455951028 0.416296376800165 1.78543095011264 0.387807710515335 1.16864683991298 0.340807999670506 1.71323366672732
893.295 1.92680882709101 0.401159061025828 1.96402364177629 0.364898265805095 1.08546230872162 0.499144034273922 1.14367086533457 0.37060667029582 1.61687148734927 0.433396125445142 1.31672570528463 0.481173415947706 1.95071875629947 0.329257864505053 1.71314550447278 0.370813267910853 1.75434175878763
893.742 1.50150953768753 0.326771141169593 1.40916840382852 0.315726937865838 1.45618463261053 0.35634713228792 1.44336051749997 0.451549224276096 1.66662486200221 0.447276353603229 1.79261138173752 0.380097377998754 1.16630437644199 0.46216097753495 1.211921449285 0.481178432842717 1.80130010121502 0.349100766982883 1.71635681856424 0.334729822725058 1.34347743424587
920.461 1.9457050957717 0.404633117839694 1.54965217737481 0.310436116997153 1.86348556750454 0.309487713035196 1.78769049071707 0.414649177761748 1.96970629878342 0.42599011794664 1.3151523466222 0.481291339127347 1.90816422156058 0.308736695582047 1.77955323923379 0.447401585429907 1.47834528982639 0.40575971272774 1.8642605417408 0.302841487713158 1.36362837906927 0.428914069151506 1.85947061236948 0.330926785245538 1.19661469128914 0.313429732294753 1.9058647044003 0.388663579942659 1.10917043942027 0.37632901230827 1.4972070818767 0.491124714491889 1.94326165597886 0.324282775493339 1.57198625733145 0.412479912675917 1.83217697334476 0.421079644327983 1.13385586347431
935.529 1.31707983836532 0.372683099796996 1.37057955563068 0.40948321246542 1.51331861549988 0.306402349751443 1.09264307096601 0.373180784704164 1.05870870011859 0.469502242887393 1.25116131664254 0.337403074232861 1.96915735141374 0.36193119334057 1.87336986232549
946.613 1.21221103915013 0.410673590097576 1.46037275274284 0.469666268257424 1.87201865878887 0.323953981604427 1.15622650273144 0.358513109944761 1.0708677417133 0.305056723952293 1.99136038077995 0.335951822763309 1.18276171945035 0.351569813955575 1.36823341413401 0.365094816870987 1.63549803034402 0.441253294423223 1.55856877402402 0.462504726462066 1.28819420165382
968.968 1.3894317492377 0.320424649259075 1.68489251914434 0.310011137928814 1.87760744104162 0.34984744861722 1.90879828529432 0.395077361864969 1.5171483065933 0.467978313891217 1.52823854540475 0.33227928057313 1.5819071191363 0.409979820018634 1.17145152203739
984.132 1.38646945613436 0.462929232837632 1.38209131569602 0.474689409462735 1.0139134132769 0.486122567672282 1.06834023585543 0.426783319981769 1.45848417002708 0.420797239663079 1.2578372429125 0.450940250698477 1.30525762797333 0.359594073798507 1.85483653610572 0.392519204830751 1.5708083731588 0.307761941803619 1.45488553494215 0.325352705549449 1.261228520656 0.414234873419628 1.08976826723665 0.471852265205234 1.67869152803905 0.424821625044569 1.92989119375125 0.348976693255827 1.4173816672992 0.430962989944965 1.73842715239152 0.364373964071274 1.84192671207711 0.33999846894294 1.95186571683735
1014.7 1.90514259948395 0.452962934738025 1.36356621282175 0.348117962200195 1.68509613582864 0.419979765824974 1.41725288517773 0.441003525769338 1.6171716186218 0.387816459825262 1.28232327708974 0.349712502211332 1.59282707702368 0.417763938196003 1.70949565549381 0.409180014906451 1.21604141150601 0.394576793769374 1.1306253480725 0.378086379030719 1.76323482277803
1050.83 1.27155115455389 0.448123133555055 1.37306838063523 0.455522075854242 1.42678697220981 0.390059265773743 1.98479506699368 0.399056739080697 1.96880173031241 0.386381380492821 1.48158684885129 0.480264461832121 1.10435420833528 0.334319220855832 1.64625736884773 0.489102703286335 1.04803184536286 0.463522900594398 1.83673118194565 0.374780114740133 1.31031620851718 0.44870268967934 1.38392180693336
1063.55 1.61356867314316 0.45559876752086 1.28834982542321 0.318785180104896 1.57421890390106 0.406332345400006 1.10783816641197 0.319098399113864 1.73949180659838 0.364570323284715 1.68003015778959 0.394994577299803 1.77389402640983 0.447458743536845 1.32570263254456 0.38680242956616 1.1910686402116 0.470760341314599 1.94650390511379 0.379308191034943 1.91425061458722 0.3559191419743 1.68729134718888 0.331090306118131 1.29563336260617 0.478761301515624 1.05358119122684 0.473262484837323 1.87996481591836
1074.01 1.36248060385697 0.46421529292129 1.58629791554995 0.458917657611892 1.55944884335622 0.372803111094981 1.48283770051785 0.471563539793715 1.62864948669448 0.387478814227507 1.26134955184534 0.408319105999544 1.55897556338459 0.436596682528034 1.18277347949333 0.421490911673754 1.74747320939787 0.34326232788153 1.86912836227566 0.302114828350022 1.3508973189164 0.326188597455621 1.07307621650398
1089.48 1.68322366802022 0.365287597477436 1.55305464123376 0.328546373359859 1.91074620140716 0.446044735750183 1.77950344420969 0.412542323488742 1.27888065483421 0.429492745827883 1.68751661223359 0.359714210638776 1.86027330462821 0.421994853857905 1.35910750646144 0.338640061067417 1.53321540192701 0.350440112128854 1.66040352242999 0.325556335644796 1.61741795181297 0.305902304267511 1.73767750011757 0.409900474315509 1.21427205298096 0.378412573225796 1.74745422764681 0.386420116899535 1.42753794859163 0.496444146521389 1.01015458279289 0.491055812640116 1.04674607375637 0.330576883908361 1.46119028050452 0.349761006003246 1.18585298280232
1101.15 1.50964513001963 0.369703568425029 1.50477656861767 0.439178789034486 1.50391982053407 0.318285737745464 1.05413803830743 0.36551502966322 1.93016209197231 0.419489350775257 1.94815819710493 0.337810051720589 1.3837882145308 0.425083358725533 1.56203663884662 0.382354861544445 1.93847037386149
1141.58 1.71836130996235 0.470876741269603 1.91474948078394 0.4947452084627 1.41100381989963 0.361120591079816 1.51592153590173 0.488681872189045 1.89938658825122 0.433647238183767 1.14652253896929 0.429959990410134 1.29354724870063 0.490885444823652 1.51632864656858 0.324684809520841 1.79285530257039 0.320836062822491 1.39612674806267 0.375906906835735 1.8761832814198 0.449821256101131 1.1075979762245 0.376284091267735 1.17546803434379 0.362453594431281 1.75629115616903
1196.88 1.87045909254812 0.466342260874808 1.80086888419464 0.407395931286737 1.44710262073204 0.324077275721356 1.29298164253123 0.464389682281762 1.81146580679342 0.492809301381931 1.19650613935664
1201.11 1.23472437821329 0.357795791188255 1.87666135816835 0.310352892614901 1.03629290754907 0.319780850224197 1.60265353415161 0.327474922221154 1.78463700949214 0.442619087733328 1.99761729640886 0.437494482798502 1.72253390448168 0.464785721199587 1.022929886356 0.324431366240606 1.75678383023478 0.433954084897414 1.02548779128119 0.470183800533414 1.54929721006192
1253.67 1.76988576445729 0.440996423643082 1.58542415406555 0.317189484881237 1.94146977784112 0.306770590273663 1.85709750512615 0.377434583706781 1.37947755889036 0.388704555016011 1.24730609660037 0.463882252713665 1.4895798759535 0.348870518431067 1.38215250056237 0.413209495414048 1.13418568344787
1254.79 1.66234969138168 0.48844773597084 1.04201631317846 0.370746195176616 1.31700989766978 0.428657753951848 1.0606802823022 0.498055466124788 1.99634447251447 0.445886804908514 1.89707588148303 0.458609500201419 1.37011808110401 0.401684096129611 1.15369793842547 0.321095714252442 1.99516429542564 0.452975910017267 1.79301602975465 0.440546041633934 1.93866747315042 0.45894270548597 1.91993555123918
1262.47 1.91985717974603 0.362243029149249 1.27665790612809 0.475661969324574 1.53307806956582 0.376772350491956 1.56398684624583 0.461616471223533 1.28324625082314 0.396404629945755 1.30706945015118 0.414426094014198 1.97459554416128 0.426011402299628 1.59333199565299 0.419449290819466 1.84602223383263 0.407883001957089 1.38992000068538 0.490183859178796 1.24199332902208 0.487860934250057 1.59306372469291 0.417195573356003 1.84607741772197
1265.64 1.43435890390538 0.34289621738717 1.32044662162662 0.307968769455329 1.96854911698028 0.383566993009299 1.53588860458694 0.43373771966435 1.4099477538839 0.318516798643395 1.10665247263387 0.489958903379738 1.51141750067472 0.33928219745867 1.35271600820124 0.3660749505274 1.40266372030601
