# Using the following values to generate the workload:# num_procs = 50
# mean_io_bursts = 10
# mean_iat = 25
# min_CPU = 1
# max_CPU = 2
# min_IO = 0.3
# max_IO = 0.5
3.74732 1.13340906891972 0.314709582272917 1.20050225872546 0.412554146070033 1.61293915659189 0.458595265308395 1.12428924976848 0.459660739591345 1.17508309683762 0.315785778872669 1.45877461112104 0.328791591292247 1.5012400560081 0.327249206323177 1.54294450557791 0.478723673149943 1.14083379786462 0.305738525092602 1.84840504662134 0.434995342651382 1.85821134690195 0.354600882343948 1.341610357631 0.492757313419133 1.33764993143268 0.407746439706534 1.7736186045222
12.6495 1.71726256795228 0.358550034463406 1.39828280732036 0.397832665359601 1.93796657514758 0.407411241810769 1.84014084469527 0.491020065546036 1.94619556213729 0.348130579246208 1.97088877810165 0.327373977890238 1.79113109922037 0.331951968790963 1.98650050861761 0.44681562082842 1.66967597906478 0.338269393146038 1.47723307320848 0.446389829833061 1.23438434279524 0.363998286100104 1.87311106058769 0.487159340502694 1.48749326146208
51.6086 1.2170042693615 0.470493086380884 1.96173446648754 0.428872615145519 1.95740091986954 0.412194157019258 1.02737708203495 0.405339726479724 1.36093627125956 0.457141919899732 1.9777378118597 0.370300969295204 1.39147220994346 0.455008404422551 1.56149130431004 0.395961524685845 1.38692608801648 0.396555651631206 1.99235945777036 0.396364064607769 1.53696823585778 0.443855061754584 1.00432708929293 0.377769013307989 1.27864699461497 0.379617638234049 1.12093610828742 0.319006352778524 1.95129585824907 0.355511175049469 1.40441004210152
61.8338 1.2540584616363 0.35438190032728 1.7678739388939 0.452337954426184 1.81058482057415 0.422616875637323 1.02164636319503 0.336609531473368 1.62139633810148 0.305951233208179 1.42210127506405 0.492511816974729 1.54595402278937 0.434595769364387 1.58928639511578 0.376035829167813 1.44948383490555 0.320295270206407 1.55474934540689 0.387501677731052 1.22703418089077 0.438568588066846 1.024237326812
91.1116 1.07616739859805 0.347112597431988 1.71886561554857 0.472454064153135 1.77053783414885 0.337649981630966 1.14251751475967 0.304174957657233 1.45808068383485 0.331708459695801 1.12461275421083 0.348119427450001 1.29960577120073 0.435225995536894 1.92861785343848 0.424163057981059 1.28905437584035 0.440813168697059 1.86871002032422 0.361982189677656 1.40441300719976 0.342481716023758 1.4166458460968 0.458132451493293 1.82452872698195
97.3873 1.48880469845608 0.319196620071307 1.18069837545045 0.472888274351135 1.58892928808928 0.426292171189561 1.25850908760913 0.449441940523684 1.34181811357848 0.457818636670709 1.55154646374285 0.456297443015501 1.89634402422234 0.315082411980256 1.81102351145819 0.410513476608321 1.86094010062516 0.426572990138084 1.74975098180585 0.36305359583348 1.63100521196611 0.300827716337517 1.40190055523999
135.971 1.27661028574221 0.438423543144017 1.01415228424594 0.485020942986012 1.77580877649598 0.34750430257991 1.5891699437052 0.359188694087788 1.27866283571348 0.312741973390803 1.95130587066524 0.326476486073807 1.63361498806626 0.463957931892946 1.21168073266745 0.319573001749814 1.34049699897878 0.472762952605262 1.86021400149912 0.417433488694951 1.06908801896498 0.468045891495422 1.75290463655256 0.412140117306262 1.04074935172684
169.026 1.63776346947998 0.375628770049661 1.74783981963992 0.495578684890643 1.21481490996666 0.437414873437956 1.9914319049567 0.446126136090606 1.11419072258286 0.465111601399258 1.00789047521539 0.345646926248446 1.08557091280818 0.418705339357257 1.28541113203391 0.466657652379945 1.90841555083171 0.405461120838299 1.28283368516713
184.604 1.3682189041283 0.475940810050815 1.59820852428675 0.361607204610482 1.20171184558421 0.411587878363207 1.16315394453704 0.374031710578129 1.95476195076481 0.43316615219228 1.23175325640477 0.379336642520502 1.29317240649834 0.455530290631577 1.40964422188699
205.327 1.16967395110987 0.312868848536164 1.95069832564332 0.338321802392602 1.55600877082907 0.317840033769608 1.90482087898999 0.31953520863317 1.76783858542331 0.495713938260451 1.28762657707557 0.439112391648814 1.15274003520608 0.46118489978835 1.81413215305656 0.45978195159696 1.46642552036792 0.483263361966237 1.12550119194202 0.467368357395753 1.65355367655866
244.174 1.91961108054966 0.42560288454406 1.57224665395916 0.469187986012548 1.70333889801987 0.456684912042692 1.22558223106898 0.49079897548072 1.55494098481722 0.348870779480785 1.27118485420942 0.398103876365349 1.07162303267978 0.465480861859396 1.37178921070881 0.354658715706319 1.38303424604237 0.408473486499861 1.96035030600615 0.403748804843053 1.09461104823276 0.469278353778645 1.19287465279922 0.436702190153301 1.72882179357111 0.484222337789834 1.8965811652597 0.496719287196174 1.41311864717864
266.391 1.33474882459268 0.344375741109252 1.62487653433345 0.442950425343588 1.68164747091942 0.465081883221865 1.80140427593142
288.666 1.17846246086992 0.356720241205767 1.52992339455523 0.481996263470501 1.77110111457296 0.392153235664591 1.51251848530956 0.488559952424839 1.07908612652682 0.404471979802474 1.83688124269247 0.325090973591432 1.76982002658769 0.371375607606024 1.23931311396882 0.313076506368816 1.24794872291386 0.387969263177365 1.16649345285259
290.218 1.23047567205504 0.454792050039396 1.25463483761996 0.448807396320626 1.68940178700723 0.35406880537048 1.83397376746871 0.353971213102341 1.8953045590315 0.446569904312491 1.82025397475809 0.473652033507824 1.23373084026389 0.489364470168948 1.94272716599517 0.362760446686298 1.70659134397283 0.450791341019794 1.29597044433467 0.336883536260575 1.07582202157937
301.378 1.91926973778754 0.300706594064832 1.66896930639632 0.319267227547243 1.76577139715664 0.373737142141908 1.8123013463337 0.31477379896678 1.48753871256486 0.467582535231486 1.31209492101334 0.439707146631554 1.72194405924529 0.482640271121636 1.89282458974048 0.485877110436559 1.39647891465575 0.363805852644145 1.72791982395574 0.454460409516469 1.57436679443344 0.410725885024294 1.06713327812031 0.418769587157294 1.76057520625181
317.842 1.70062302751467 0.361514479666948 1.66804748564027 0.438643231848255 1.84211217844859 0.337145207077265 1.43920979858376 0.451820566179231 1.22274587466381 0.31864392128773 1.15575202950276 0.481379691930488 1.11373724951409 0.315114519558847 1.71139646694064 0.365628387080505 1.15798814082518 0.386351836938411 1.19135958026163 0.335409516887739 1.41588896792382 0.361834872094914 1.977642030688 0.354490002198145 1.81501373788342 0.491837184270844 1.85883581964299 0.373893873393536 1.14772917702794
334.292 1.50502175092697 0.430214452836662 1.19154594792053 0.36973627442494 1.98422530293465 0.463131921319291 1.63919195672497 0.451842736685649 1.38132801093161 0.326105629652739 1.20920140179805 0.385756726330146 1.49999681231566 0.473578790202737 1.47062235698104 0.352597606414929 1.0371213753242 0.424188876291737 1.40291144396178 0.320697839697823 1.46999312797561 0.478261222830042 1.01835973653942 0.481069937208667 1.38154951483011
363.067 1.68542619445361 0.430446148803458 1.93710921425372 0.42784218438901 1.76328772492707 0.386129016429186 1.57889036741108 0.355663503659889 1.25543252308853 0.450215214584023 1.06083504459821 0.337642653379589 1.51367142493837 0.478079057810828 1.67833492252976 0.338837111042812 1.99913850403391 0.319181500794366 1.23507583793253 0.479654102958739 1.88841526652686 0.458044426469132 1.23843872710131 0.329455823358148 1.54633701965213 0.458711273781955 1.0889019346796
386.398 1.42267414438538 0.492072909325361 1.42490169312805 0.437036928161979 1.47292273514904 0.374714145250618 1.60367666184902 0.3263116708491 1.043078225106 0.450811331765726 1.22968279244378 0.487890285579488 1.32570871128701 0.495834461413324 1.25851028854959
406.558 1.64276926615275 0.326104711508378 1.18475833418779 0.394299925398082 1.01220841216855 0.348317103786394 1.84662496508099 0.402909066015854 1.78815841465257 0.320883029000834 1.12043009791523 0.411936309142038 1.94742379128002 0.310009590769187 1.52601646049879 0.424628899572417 1.65241549303755 0.321510272426531 1.15037378808483 0.391079562343657 1.99354827147909 0.463940598070621 1.16113429656252 0.374558345042169 1.38746391655877 0.482804409507662 1.47398650203831 0.301200692774728 1.03537317365408 0.343589257495478 1.18187868129462 0.400966883683577 1.83154929149896
422.717 1.23191283689812 0.33893767343834 1.37287317891605 0.474602905241773 1.82752854260616 0.316904342500493 1.29415606614202 0.388881521159783 1.51210004836321 0.38601106996648 1.929628290236
434.55 1.08437475259416 0.374443357950076 1.22237409534864 0.306220696493983 1.7753834577743 0.398095621727407 1.75200577569194 0.457898406451568 1.30599645269103 0.486338564800099 1.3812575833872 0.458386464044452 1.46821629884653 0.349603962060064 1.45091962139122 0.463464459264651 1.79660824290477 0.495344331627712 1.10512528195977 0.445498920744285 1.04152105073445
479.696 1.15737977647223 0.372449720371515 1.90443481039256 0.384943266632035 1.57857627328485 0.47655081609264 1.33763501048088 0.355858901608735 1.89845448802225 0.415908375801519 1.7846702276729 0.331421750271693 1.21593743143603 0.31527608120814 1.1476040170528 0.345554329548031 1.31763221207075 0.350297092739493 1.47155965073034 0.460726077621803 1.0728302274365 0.478070675767958 1.5020537795499 0.354656263859943 1.35404923767783 0.386313889175653 1.2873223440256 0.342776985978708 1.06778663164005 0.468903506686911 1.00335426046513 0.430442683724687 1.11216501938179
498.005 1.7432774680201 0.313674032734707 1.81285960227251 0.455458835465834 1.48246309161186 0.473896019114181 1.37209103722125 0.429605000698939 1.94614167674445 0.480530196288601 1.53688435163349 0.396604027692229 1.70790692628361 0.30523241055198 1.54657870321535 0.46677032453008 1.50503684044816 0.386307400697842 1.49789275485091
531.433 1.87991606630385 0.396321165189147 1.85172692034394 0.344370552431792 1.17465509381145 0.443474092148244 1.27526759845205 0.479960083961487 1.78809089772403 0.396361428964883 1.31114063761197 0.349324376881123 1.6050748154521 0.416347843082622 1.57321746856906 0.331136191589758 1.45527548505925 0.465950622828677 1.84183617890812 0.373278795462102 1.17785370186903
534.51 1.96267577982508 0.426220759144053 1.30091047240421 0.40107517009601 1.39889929187484 0.398750050133094 1.08649171655998 0.480764709739015 1.57694729533978 0.377856849180534 1.56484640669078 0.468472188338637 1.3133016100619 0.494508403167129 1.45858794730157
535.049 1.11038976651616 0.466195582412183 1.22246651118621 0.373346511507407 1.68340968433768 0.473648305982351 1.66028007003479 0.379652644926682 1.64681907813065 0.4946062696632 1.59969418705441 0.323557941615581 1.79393608216196 0.346954135270789 1.48490586131811 0.422393210465088 1.36463226960041 0.497080275416374 1.27548100613058
539.214 1.64607595326379 0.483762746537104 1.82818987476639 0.325686079123989 1.56480742944404 0.408252665866166 1.73974655685015 0.42992390957661 1.38999791955575 0.36051695770584 1.8866298138164 0.331849448382854 1.65091478195973 0.367475771252066 1.01867761998437 0.304058180283755 1.20812329673208 0.409943388961256 1.04460460599512 0.321477551804855 1.90442687552422 0.319547582929954 1.48531435942277
560.55 1.06766187492758 0.317567261075601 1.93775905040093 0.441106819454581 1.78368907072581 0.438731168210506 1.29998464277014 0.425361394882202 1.18631236441433 0.469333937764168 1.27068027877249 0.383195180585608 1.32231530663557
564.102 1.56588303134777 0.470884988550097 1.41205214895308 0.317926332633942 1.1312316537369 0.420319003006443 1.9704194071237 0.374266379792243 1.87758298683912 0.339643074991182 1.63556063640863 0.354437941405922 1.51880024606362
581.178 1.90517353382893 0.429308028519154 1.8379168715328 0.433994755102321 1.47528816829436 0.384398886095732 1.93522452726029 0.364194697653875 1.144429839449 0.448774637840688 1.97442609909922 0.499266039114445 1.22577382111922 0.42264326387085 1.59325779764913 0.352921509044245 1.66560705867596 0.381233628466725 1.34060711204074
637.148 1.87287098402157 0.47596956063062 1.56244726781733 0.349509060150012 1.66629986325279 0.367027071118355 1.43007610272616 0.405772905657068 1.70649990229867 0.428334709908813 1.6784570752643 0.306035308539867 1.40670461789705 0.367533795628697 1.0646697031334 0.451096125086769 1.41854813648388 0.363919403450564 1.93851952906698 0.499230016674846 1.65239145071246 0.391278990311548 1.68018786492757
650.14 1.24628253513947 0.352444907836616 1.77726056636311 0.317192222317681 1.26330868247896 0.372805532393977 1.35497602447867 0.307517446484417 1.68460854957812 0.431359334243462 1.75227334885858 0.381894973246381 1.71593621349894 0.432999358931556 1.76009164843708 0.491098481183872 1.60750245000236
703.905 1.83614115649834 0.341531470278278 1.5700799243059 0.474121167557314 1.26408703741618 0.343527508853003 1.34398807329126 0.317433058749884 1.44366129650734 0.454239284014329 1.44359058211558 0.307044647447765 1.35887193656527 0.449927909392864 1.36570293339901 0.326771139446646 1.17107301717624 0.402630543941632 1.01761908852495 0.33339109714143 1.52841424755752
719.477 1.22572665591724 0.351430176571012 1.58636653260328 0.366528629185632 1.78124793479219 0.449987687403336 1.322018396575 0.327597685158253 1.78300974704325 0.483649122109637 1.51178845926188 0.457782662240788 1.87511055520736 0.350023553660139 1.85542939975858
721.098 1.84446062752977 0.425150386430323 1.69607957149856 0.387818760983646 1.48750340938568 0.495478534139693 1.05744217219763 0.493240857124329 1.27677247999236 0.460476760240272 1.34483376215212 0.400115061318502 1.14045942341909 0.42555638263002 1.09953340236098 0.498093384830281 1.68083572899923
738.224 1.7687349258922 0.336119242897257 1.2327244784683 0.302861731639132 1.17309485236183 0.336375858727843 1.42254275758751 0.455190665228292 1.95258740684949 0.406361706228927 1.25395354232751 0.325387719646096 1.75630402448587
745.09 1.6384221506305 0.345595998968929 1.4774511535652 0.4418244890403 1.65315166930668 0.330819127848372 1.83303853683174 0.307710234308615 1.84578699455597 0.355596799217165 1.91964870807715 0.42724181660451 1.30732526886277 0.46943091172725 1.86148004909046 0.466931591322646 1.35431845695712 0.350744861224666 1.65612328774296 0.407805574685335 1.73244526190683
791.406 1.17996907886118 0.428656539740041 1.07913262536749 0.353033968573436 1.99724429566413 0.346880964376032 1.97974444227293 0.390942985657603 1.6901525540743 0.345904849329963 1.83396083023399 0.345085291052237 1.60967109305784 0.30127912806347 1.95811844663695 0.476107545476407 1.8252090215683 0.39280221350491 1.18880346044898 0.494106154702604 1.24526742775925 0.434104672679678 1.20032513001934
795.107 1.60291113494895 0.33283527479507 1.91150389960967 0.44339592223987 1.89544484042563 0.452656229725108 1.68024598550983 0.341413823189214 1.01841826736927 0.345808586990461 1.04962602769956 0.450335775595158 1.80696628941223 0.495888717938215 1.83297162293456 0.337588901771232 1.50655175419524 0.46787111023441 1.88581742788665 0.33247132981196 1.03671128698625
801.418 1.55784345418215 0.439083251729608 1.3129361087922 0.47049686270766 1.89689275575802 0.457883672602475 1.71107672923245 0.376121169188991 1.06032822513953 0.426503341458738 1.7922275243327 0.379362093145028 1.90870239026845 0.338657095469534 1.92758870800026 0.435463955346495 1.60737108904868 0.466137195937335 1.11220298940316 0.328378719696775 1.16591077228077
827.561 1.81281872675754 0.4425409570802 1.21583033539355 0.312166789453477 1.01455922587775 0.303461724938825 1.56053459830582 0.43747678832151 1.00900917407125 0.320912643801421 1.36061243899167 0.355735275195912 1.18060897733085 0.361244956403971 1.12312902510166 0.44859749278985 1.36600061086938 0.322465024050325 1.99566185870208 0.405548601830378 1.90022759302519 0.371930882520974 1.85670845001005 0.499555831914768 1.30873006791808 0.370130194444209 1.90765387937427 0.32045304113999 1.62382989167236 0.433428794099018 1.1267004981637 0.475784988049418 1.07712043286301 0.3115236481186 1.42804943351075
830.93 1.56113193929195 0.407157475175336 1.80352125014178 0.432522519258782 1.69504235172644 0.306049023475498 1.2984199936036 0.309232489066198 1.0570597469341 0.489395421696827 1.36351628717966 0.410415221331641 1.37939406372607 0.339701070217416 1.31104558357038 0.397093233466148 1.26881340169348 0.331518368329853 1.08073452021927 0.376672181161121 1.8093948927708 0.492177819972858 1.10204268270172 0.355106675485149 1.83450355823152 0.451382668782026 1.25820850813761
842.357 1.30881879804656 0.331194965168834 1.58878335892223 0.415119226649404 1.92124454397708 0.424918187456205 1.60559332999401 0.350967761874199 1.67824702407233 0.332464679516852 1.17939921491779 0.457536085275933 1.67296126042493 0.485796550940722 1.00369305955246 0.35479236273095 1.04150490649045 0.421980558801442 1.34039023332298
874.597 1.88184606190771 0.41836936394684 1.55996346264146 0.343026270717382 1.42018158757128 0.300117369182408 1.32263392442837 0.402436212776229 1.22546398174018 0.342670437414199 1.52214722405188 0.33207607823424 1.83292048517615 0.398941899091005 1.6963427066803 0.480826636170968 1.46918853721581 0.32283816174604 1.70841382583603
882.558 1.8064857670106 0.335216391179711 1.44021749356762 0.364045525481924 1.74012266146019 0.4427696372848 1.61009330814704 0.487952054897323 1.20540697267279 0.387149256281555 1.30696961609647 0.336644858215004 1.79642074555159 0.368338396400213 1.02682331879623 0.413198671769351 1.79679101449437 0.422123607015237 1.66488113370724 0.448527871118858 1.74846942024305 0.347183312894776 1.79556675301865
900.841 1.72093508346006 0.329567974340171 1.74419901007786 0.304576404904947 1.43210454913788 0.483088245941326 1.47762353927828 0.30174541529268 1.44547343812883 0.360863972967491 1.49999379646033
914.833 1.28301133913919 0.473693622509018 1.32213997025974 0.452354160929099 1.39500638726167 0.393293908378109 1.28847834165208 0.451109745772555 1.56800107751042 0.425855964934453 1.91921333386563 0.368143505649641 1.39737822301686 0.304649361083284 1.13358377292752 0.420319341821596 1.93380128289573 0.434216997772455 1.08713379991241 0.329288940224797 1.31759511376731 0.36661167293787 1.45707995607518
937.511 1.71832509245723 0.37973198145628 1.5204358396586 0.320740022370592 1.80475595314056 0.374136632634327 1.65604337258264 0.3644756144844 1.26685856841505 0.453820871561766 1.20004023588262 0.492318932758644 1.57289005885832 0.382794724963605 1.11751689319499 0.462920978292823 1.35206465818919 0.372911312617362 1.39114203932695
946.599 1.06742505519651 0.488910191785544 1.05667479662225 0.438749653752893 1.20285724406131 0.448069213330746 1.68575201253407 0.336344203492627 1.5184125432279 0.411835191212594 1.37128483108245 0.494009941676632 1.55717585328966 0.477300074556842 1.64385600015521 0.440048857871443 1.08815589617006 0.394021958950907 1.42477726167999 0.411585987079889 1.44177432567813 0.349768527969718 1.28216381627135
