# Using the following values to generate the workload:# num_procs = 50
# mean_io_bursts = 10
# mean_iat = 25
# min_CPU = 1
# max_CPU = 2
# min_IO = 0.3
# max_IO = 0.5
35.3284 1.29598805331625 0.412591693550348 1.26045179134235 0.36626583058387 1.25708988425322 0.407091202680022 1.91416184790432 0.304043458495289 1.51755564822815 0.329633623128757 1.40651492122561 0.419883984560147 1.65176406269893 0.458579642185941 1.15260340319946 0.36947274338454 1.10901088360697
43.6526 1.46834111935459 0.399753250880167 1.58762304368429 0.343600596534088 1.3539413891267 0.45187530326657 1.82020605891012 0.474199977098033 1.80626321258023 0.316694881021976 1.47697223257273 0.371444409247488 1.78208622452803 0.449750384967774 1.89191319094971 0.383104200242087 1.23606088408269 0.309485909994692 1.33448176761158 0.445033873431385 1.07459156657569 0.36242490708828 1.98682563076727 0.396632729377598 1.35106907738373
57.6047 1.6119691291824 0.354430734552443 1.85303993569687 0.338327027391642 1.13432007213123 0.354204970551655 1.53149645752273 0.399274891754612 1.35496461647563 0.481615576194599 1.55009817541577 0.376320508541539 1.8604771066457 0.396073715109378 1.37916609295644 0.441968576190993 1.33738017058931 0.317716014990583 1.76720493333414 0.416154031455517 1.68428657576442
67.5522 1.98423878639005 0.317958831368014 1.4029636522755 0.465274835377932 1.2650533192791 0.364864844270051 1.35619922657497 0.422091006720439 1.25352270645089 0.402920696884394 1.49655082146637 0.400614688033238 1.13142642565072 0.412163512315601 1.62160658580251 0.440715526696295 1.4133503313642 0.43307206435129 1.95106533356011 0.335550114093348 1.99514512997121
79.3999 1.3035588671919 0.456949780508876 1.36181884212419 0.312745251320302 1.52556996839121 0.396260474435985 1.14351111627184 0.472984357457608 1.59727132320404 0.381167453760281 1.15537593769841 0.420460490137339 1.25691292062402 0.458138665603474 1.37158514815383 0.441106613399461 1.80343697662465 0.393855033209547 1.95534497476183 0.480100254109129 1.92787325754762 0.408208311023191 1.65294038807042
182.561 1.78740330040455 0.300536027317867 1.64516432862729 0.432173922006041 1.75792930065654 0.402813700027764 1.15676480624825 0.322369363484904 1.29181361733936 0.431375083932653 1.42906928993762 0.366390905482694 1.15544794523157 0.473347537266091 1.73315130569972 0.405725128855556 1.77879545278847 0.442149448348209 1.82528142537922 0.435203076759353 1.67060692165978 0.464139820402488 1.6703353994526 0.369522212818265 1.52949951053597
184.464 1.72265909169801 0.311539685260504 1.35405017435551 0.355316423624754 1.25356017611921 0.455016554798931 1.25714751682244 0.313040407700464 1.09919913602062 0.317583802901208 1.41636580345221 0.302145391143858 1.76910895039327 0.407676077447832 1.42838257155381 0.358728280756623 1.45090677030385 0.385117126675323 1.31997859035619 0.398243449162692 1.88933226722293 0.391504728700966 1.58104460174218 0.391883888281882 1.25729276286438 0.390390308015048 1.55177772929892
197.121 1.85834529576823 0.377684758231044 1.33441388001665 0.457499406253919 1.83975316211581 0.36178130954504 1.65066369157284 0.378412551200017 1.94514484913088 0.306502494914457 1.73787400242873 0.454364181682467 1.1250567974057 0.392576194321737 1.76550983288325 0.438779678521678 1.1795194724109 0.305453835427761 1.46676963451318 0.455159525945783 1.58753726142459 0.305655541084707 1.46831685863435 0.369992154231295 1.48332621436566 0.374995847512037 1.23477075924166 0.456562221655622 1.34096233639866 0.331549075897783 1.71179922739975 0.343998316628858 1.88725891779177 0.473978031426668 1.47955595422536 0.394751361943781 1.91529637668282 0.337548706913367 1.83356645447202
201.816 1.78133178316057 0.32691757529974 1.97637720475905 0.321879533166066 1.83020204375498 0.32429964048788 1.9139358040411 0.319289438426495 1.66454733652063 0.333167887292802 1.77302443701774 0.353835988976061 1.41758032725193 0.335548787051812 1.62508081877604 0.367897215718403 1.71213428257033 0.32229800815694 1.81469710357487 0.393207433540374 1.83204570133239 0.426482417201623 1.88442748854868 0.336413016077131 1.0286394089926 0.371020738780499 1.29488815832883 0.473635447444394 1.77922651753761
223.193 1.85460333595984 0.353448100620881 1.78291666181758 0.460992710432038 1.20053890603594 0.393014874774963 1.02705461392179 0.402697820682079 1.60769244190305 0.331496778922156 1.28690095874481 0.356376181542873 1.14264932461083 0.39061419274658 1.75705650355667 0.328590051876381 1.98377684573643 0.498222092259675 1.46246653888375 0.477348676836118 1.80760285002179 0.465613314090297 1.77312717516907
244.069 1.79043670860119 0.37394042625092 1.22920637065545 0.497293514385819 1.2762389278505 0.356686310563236 1.4115125935059 0.451830232935026 1.4735345991794 0.473717511864379 1.22692587901838 0.338416023738682 1.63437098124996 0.462040894431993 1.79391538794152 0.4668608922977 1.75112094613723 0.390743486629799 1.73768224031664 0.378926532529294 1.59128520428203 0.412740037729964 1.37193205882795 0.311152274766937 1.4696279396303 0.427890544291586 1.60528099676594 0.41802044226788 1.78640107414685
245.723 1.33377020573243 0.350222908705473 1.17129615251906 0.393577474076301 1.377332724398 0.492663084575906 1.18893746007234 0.470700354455039 1.54052772326395 0.460361973987892 1.73602795694023 0.369444076903164 1.24931185110472 0.323618367267773 1.91396907228045 0.437524104164913 1.93535406654701 0.308235456841066 1.69944223714992 0.342181342747062 1.91360823647119 0.302269301423803 1.68750011175871 0.310917841643095 1.47947728121653 0.31455752113834 1.02558765211143 0.375357991363853 1.36628775089048 0.45512088611722 1.03610510565341 0.440416620578617 1.9333785106428 0.423876339523122 1.65458651119843
256.779 1.47344428789802 0.368361387401819 1.56212190142833 0.315505632990971 1.5429250409361 0.480304333241656 1.56429642532021 0.489823921164498 1.62591479020193 0.304666241630912 1.45488223084249 0.408342490438372 1.88096476020291 0.300133726233616 1.49381875270046 0.370698548015207 1.43049473618157 0.348704754468054 1.29912716103718 0.404134942917153 1.77201761608012
308.463 1.56466853083111 0.4121310622897 1.24827110371552 0.402848558360711 1.70859167701565 0.301647648448125 1.64144130493514 0.438616343867034 1.5118014710024 0.382590141147375 1.13281475286931 0.32833423553966 1.30767061631195 0.482820553705096 1.02140446496196 0.484595000371337 1.56535277119838 0.374588568229228 1.13968593953177 0.400413154717535 1.40896219224669 0.487280078884214 1.82120238244534 0.343044752720743 1.25228684511967 0.439617251697928 1.32035870663822 0.441944727301598 1.39126758743078 0.473434686707333 1.37678048550151 0.37783021191135 1.09176642331295 0.301553323445842 1.50852560368367 0.429989149235189 1.19575038622133
333.601 1.31366821425036 0.430229560099542 1.37119512539357 0.3399730080273 1.28135721758008 0.499456244148314 1.38294562115334 0.413350301980972 1.56518236920238 0.407581002870575 1.47661520703696 0.467120442399755 1.93088423879817 0.438996069552377 1.89626630675048
343.332 1.26616482599638 0.425468118628487 1.68867501243949 0.315578766865656 1.16430317959748 0.494633083790541 1.02945567900315 0.407368569681421 1.44298742874525 0.40786967347376 1.85986422351561 0.46442840192467 1.03350857156329 0.478863797849044 1.88482880662195 0.318153956532478 1.94610322546214
384.859 1.12560652964748 0.385675168037415 1.07542085996829 0.489678272325546 1.20319256233051 0.43831783188507 1.67533540888689 0.399495297530666 1.42869672598317 0.381764435302466 1.65792760928161 0.448922510771081 1.9436668897979 0.350227337097749 1.30133244465105 0.352418077783659 1.39223325555213 0.436312671704218 1.58812729315832
395.513 1.68565605184995 0.339683102583513 1.37197685195133 0.442156774643809 1.05491203349084 0.428095047036186 1.50059798941948 0.462608182802796 1.57343657827005 0.357481685094535 1.04176808032207 0.304828409058973 1.70689576584846 0.302113721566275 1.27608199720271 0.379940836969763 1.4288166728802 0.485938181495294 1.79873250145465
419.949 1.04036061954685 0.388033214351162 1.3554478364531 0.37513776649721 1.64250492467545 0.423934254748747 1.13762070750818 0.434608632652089 1.20599329168908 0.410419809585437 1.6738243936561 0.379666386730969 1.61253027594648 0.370995044149458 1.97101327800192 0.411561507638544 1.64220474543981
452.24 1.21712913666852 0.437500644801185 1.63291214546189 0.464897724054754 1.09378135250881 0.332823370955884 1.17588448664173 0.439382761204615 1.89385253493674 0.490456798300147 1.74607221130282 0.380538738239557 1.90416047768667 0.462499923445284 1.85169297223911 0.404671722976491 1.34658781578764 0.330704297916964 1.98110559768975 0.307292476482689 1.35225331410766 0.360146403359249 1.0297830668278 0.349213688867167 1.66079180478118 0.438673173356801 1.99847682449035
453.409 1.14500727457926 0.304252582835034 1.62701574759558 0.350268406514078 1.21503067924641 0.375027181999758 1.849652282428 0.380497359251603 1.08610413735732 0.370263404911384 1.47763060894795 0.324328753724694 1.78224416263402 0.308995822770521 1.0412711694371 0.34987676278688 1.64553031302057 0.324210746772587 1.65593576058745 0.46776190767996 1.45402647717856
471.782 1.36659216089174 0.423315734229982 1.3988385903649 0.350613141478971 1.24953223508783 0.382080460712314 1.53178595844656 0.48702926505357 1.26708489097655 0.488407989405096 1.14151956490241 0.305085089989007 1.89439890673384 0.473582290904596 1.52322219335474 0.408517297217622 1.14815276651643 0.330523080332205 1.16315615479834 0.36880864771083 1.45171038643457 0.495335707627237 1.68769144685939 0.40628730780445 1.71194742969237 0.378825061535463 1.90276122908108 0.487067066971213 1.03933776542544 0.494262218242511 1.08027514815331
489.479 1.07267983490601 0.36347295618616 1.10141871729866 0.377852294314653 1.36919874581508 0.357917504012585 1.27627435326576 0.431708469660953 1.26494981208816 0.343840144341812 1.09400926716626 0.396968456218019 1.47210480668582 0.363238858990371 1.29899860476144 0.464802475785837 1.7562206427101 0.367458116356283 1.51548567111604 0.428014132427052 1.66302771074697 0.452309518214315 1.75949927815236
504.122 1.31683869357221 0.423742551263422 1.72135337046348 0.3954041948542 1.51840499904938 0.491178971994668 1.09581346088089 0.416861250624061 1.4931336462032 0.392462685983628 1.52239150460809 0.321790054533631 1.80504868505523 0.469165717065334 1.28426884277724 0.482134745828807 1.78880460723303 0.489534112019464 1.08295983425342
508.7 1.60455293767154 0.356543211406097 1.60015918710269 0.419734549941495 1.11020537791774 0.348592686653137 1.24245359236374 0.316925648925826 1.64813392492943
511.769 1.04351212899201 0.378664514049888 1.79740035603754 0.492579412274063 1.54216555552557 0.344034836813807 1.47882016794756 0.492121853353456 1.17122821044177 0.43885114188306 1.08889405243099 0.438951441226527 1.71251701423898 0.325906773051247 1.30315796704963
518.88 1.30791614437476 0.347683746553957 1.29851590795442 0.433562104217708 1.13706358708441 0.478720902558416 1.14933514106087 0.393119519622996 1.90558656817302 0.361583687085658 1.09557450935245 0.309645941155031 1.50456913956441 0.332788354670629 1.28803940629587 0.435369460843503 1.96598465647548 0.396960663190112 1.66466354602017 0.429183508409187 1.52379259769805 0.49677725606598 1.59724100516178
530.471 1.66689466522075 0.300410427385941 1.60450232774019 0.479080982832238 1.18253450840712 0.426236893702298 1.71007536281832 0.479878165619448 1.78379647014663 0.38170646680519 1.33290570601821 0.460540826385841 1.57026823167689
535.199 1.19374962826259 0.383800198230892 1.99845280242153 0.303781690867618 1.46529187564738 0.301810121722519 1.55040518403985 0.454376097535715 1.35947757354006 0.339036272466183 1.16787904454395 0.345885997451842 1.94164857431315 0.387664609448984 1.12178366468288 0.441622895374894 1.02101128990762 0.494210128905252 1.30947930645198 0.463339234795421 1.73065488203429 0.372914213361219 1.58645484154113 0.487646422255784 1.02885788376443
539.087 1.66299895127304 0.400166367180645 1.36243522982113 0.382429327256978 1.23357054358348 0.462567918933928 1.45855768746696 0.398873725906014 1.9912024999503 0.390988169098273 1.07886002864689 0.448800976853818 1.211201030761 0.459713783953339 1.19013943732716
540.948 1.97686878126115 0.32160434438847 1.57690418814309 0.422015793435276 1.77349185105413 0.467047865549102 1.89506814209744 0.30113214966841 1.3044757200405 0.420128515409306 1.21021414827555 0.401254406664521 1.62372462591156 0.475574176805094 1.64376300922595 0.482551301224157 1.66113873105496 0.394996622996405 1.64206547173671 0.466455937316641 1.3948289740365 0.478094563586637 1.92765990435146 0.342010611994192 1.50216477643698
564.182 1.02899291855283 0.33271452030167 1.76309854304418 0.39019927228801 1.35088532697409 0.405020953109488 1.47818529675715 0.459931167867035 1.4868185876403 0.351984246773645 1.93206861265935 0.478415792481974 1.97719157300889 0.368780194688588 1.21687357267365
630.419 1.37754471646622 0.489442954631522 1.20477908756584 0.43027612734586 1.04986061248928 0.486720981495455 1.01157199079171 0.494669334357604 1.26670012669638 0.363797907391563 1.41623907000758 0.37139408737421 1.32442448823713 0.399771282356232 1.10504807461984 0.390978636825457 1.29788473458029 0.350192534690723 1.66962661175057 0.487970388447866 1.34318773704581 0.492585343122482 1.22305608843453 0.350383127434179 1.35186765063554 0.499481589486822 1.912196011981 0.368704890459776 1.24958613794297
649.144 1.90542078693397 0.344168137852103 1.16458637057804 0.318759985594079 1.82805033121258 0.491984816920012 1.28617502073757 0.416225471207872 1.55987667432055 0.340675263898447 1.70007783244364 0.488477250235155 1.89506775746122 0.376019385736436 1.43672054936178 0.337451199488714 1.58963285968639 0.42866172818467 1.41671227966435 0.451095992140472 1.65482740476727 0.367735697422177 1.89768230495974 0.477234461391345 1.35680089495145
691.849 1.85274295136333 0.406863350793719 1.92876560916193 0.327405154937878 1.56959319720045 0.414422926912084 1.62436014856212 0.361799488496035 1.00463352981023 0.475898479111493 1.57759280595928 0.350523253111169 1.09445840073749 0.367055031005293 1.7862574881874
732.486 1.96923477691598 0.465392520558089 1.1563110826537 0.49257129705511 1.62382927490398 0.321581191616133 1.99668101896532 0.318136396957561 1.95633835857734 0.490748918335885 1.93799030454829 0.352843332709745 1.11568057816476 0.498786012595519 1.76985087664798 0.369233928108588 1.50417788000777 0.465857699560002 1.44226561416872 0.30505594573915 1.21260786103085 0.469551026355475 1.98269000905566 0.353776922309771 1.01568804914132 0.469772240007296 1.98470667470247 0.445058931643143 1.10964632988907 0.324600060004741 1.3790441644378
748.072 1.06685039144941 0.315962786925957 1.66329182474874 0.301004518289119 1.15410189330578 0.477742879139259 1.18282933323644 0.417865220783278 1.515337967081 0.309888163674623 1.16127817868255 0.327541458746418 1.28802720597014 0.346974406437948 1.67592405551113 0.41139399651438 1.53027876187116 0.401672121882439 1.28298813174479 0.480576463416219 1.93952236999758
769.188 1.29712361725979 0.413596247974783 1.13708230271004 0.37400160417892 1.36795490351506 0.352296714764088 1.53930005710572 0.365555643336847 1.72970735118724 0.493285002745688 1.38167592533864 0.375916516548023 1.11359260580502 0.329188901558518 1.29810609621927 0.335695312684402 1.61240069754422 0.463557888567448 1.27722574630752 0.462858127104118 1.19141954183578 0.452435103291646 1.40269059757702 0.41911254436709 1.98650308698416
770.6 1.71678167418577 0.373254946805537 1.35130433482118 0.437462122179568 1.47684927238151 0.479102048231289 1.69559359108098 0.344681249931455 1.76627606339753 0.357420960953459 1.06552468682639 0.332441640505567 1.47665914264508 0.495776987401769 1.21003070753068 0.486126537714154 1.86904311086982 0.418875671643764 1.82276050769724 0.397795269079506 1.54493866767734 0.484161178115755 1.77300713839941 0.458619755879045 1.25250251963735 0.376444450533018 1.71127307927236
773.171 1.20409960509278 0.45304819107987 1.81812565075234 0.457135678408667 1.59391509997658 0.48963170289062 1.15054218494333 0.333380545116961 1.68360055377707 0.310296832816675 1.83456876059063 0.442146449675784 1.1308801129926 0.321261800592765 1.98243585252203 0.334278161730617 1.76689823414199
795.066 1.2712791224476 0.392567473324016 1.34933132585138 0.484455303428695 1.44968110090122 0.461273503722623 1.439792631194 0.498607058776543 1.20717618521303 0.422234077053145 1.79272213368677 0.434652198757976 1.11853615567088 0.455041381530464 1.75536755356006
832.956 1.55257998942398 0.302434783335775 1.78548827837221 0.322974744252861 1.60748707060702 0.33304627831094 1.56855538953096 0.35462329601869 1.01096574310213 0.332659298786893 1.46940517472103 0.47267679432407 1.67172789876349 0.456074598804116 1.51297809695825 0.421310435561463 1.47718529286794 0.400483365450054 1.38843571324833 0.458011464774609 1.72079839766957 0.41100329994224 1.19450939260423 0.361950367642567 1.46367666637525
839.413 1.68071705894545 0.338779803458601 1.0998886115849 0.404643153399229 1.2405787196476 0.432313354872167 1.86483194329776 0.323592556873336 1.46546628535725 0.34409273606725 1.3453171106521 0.44642437081784 1.70762293972075 0.4007439003326 1.47600130387582 0.424448721203953 1.50255526020192 0.383396978722885 1.69885724154301 0.484765369212255 1.59866917785257
848.449 1.33081403840333 0.397147997701541 1.78121876553632 0.450744974147528 1.86754750087857 0.498594818497077 1.74743675859645 0.390705655608326 1.26408312190324 0.408667741389945 1.53313021222129 0.493269478389993 1.44183296151459 0.433971461979672 1.58988274540752 0.317738438490778 1.14136945246719 0.330444488627836 1.84918943536468 0.364918964030221 1.90034018363804
868.696 1.21557236369699 0.435402866033837 1.94476545741782 0.405353442812338 1.3474735035561 0.302219869382679 1.79604758834466 0.396385551383719 1.06381036131643 0.388890132633969 1.84778411849402 0.480375854438171 1.75149795762263 0.38043488683179 1.67831004480831 0.45358033538796 1.87770469579846 0.469705899106339 1.40189176308922 0.461161028360948 1.29048864590004 0.3240410619881 1.40636946773157
895.683 1.32104960852303 0.433360436558723 1.08085641264915 0.43390991431661 1.03607453848235 0.330901653366163 1.17640242166817 0.489789967052639 1.33896091906354 0.410429722350091 1.41741177905351 0.478057088842615 1.81903967563994 0.478514677844942 1.28035640739836 0.488167879264802 1.92297952831723 0.436160029051825 1.25057609053329 0.470870238216594 1.89322250569239 0.308706510532647 1.52237414941192 0.439091971656308 1.39657233352773
900.384 1.45603496604599 0.383610661746934 1.53997281333432 0.425395323056728 1.8200851555448 0.348943540547043 1.84718931023963 0.374369322694838 1.16861619381234 0.448901502275839 1.42281449423172 0.433376911841333 1.73394163395278 0.47982779587619 1.3248323595617 0.37014423282817 1.71098531852476 0.46521761091426 1.04802388302051 0.43081809123978 1.30323662562296 0.372079331008717 1.76868469663896
946.935 1.13692716741934 0.475952814193442 1.61036225315183 0.421806612284854 1.66456329450011 0.348277059011161 1.77151134028099 0.388181452872232 1.49098182842135 0.311729694996029 1.45566166634671 0.425087835080922 1.72984470264055 0.382500801701099 1.20795131172054 0.478468168294057 1.75568013568409 0.342970817955211 1.6589242562186 0.328679012414068 1.76482400065288 0.322703716764227 1.02300138166174
987.416 1.96637442614883 0.437103455606848 1.73148083942942 0.336954932706431 1.28451707889326 0.446191265806556 1.01535081816837 0.386275456054136 1.46148146316409 0.419852763833478 1.4409343067091 0.486710154172033 1.71758697368205 0.433703375468031 1.77379747689702 0.351667050877586 1.89030721480958
1019.71 1.00964022893459 0.31620369986631 1.82515561510809 0.309953903453425 1.54173751617782 0.446564258029684 1.04115506424569 0.341959495097399 1.38195669511333 0.393995028687641 1.28424804401584 0.323556795995682 1.11062522022985 0.491694647725672 1.19572816113941 0.352100099809468 1.99552543647587 0.339153901627287 1.1700503716711
