# Using the following values to generate the workload:# num_procs = 50
# mean_io_bursts = 10
# mean_iat = 25
# min_CPU = 1
# max_CPU = 2
# min_IO = 0.3
# max_IO = 0.5
19.7878 1.77483826107346 0.356255158502609 1.22946580848657 0.304343749303371 1.49237185739912 0.356186150340363 1.34374294942245 0.417523166909814 1.01992945163511 0.326364083075896 1.93500834354199 0.444627185165882 1.08215387701057 0.438778846152127 1.93397954688407 0.321405051136389 1.27671260852367 0.436115250876173 1.14702155697159 0.415070143388584 1.07735990476795 0.469262571074069 1.94573856377974 0.429367844061926 1.2047026141081 0.333721207454801 1.12831098516472 0.390442967135459 1.39357731910422 0.356395293958485 1.76890814537182
37.7711 1.52417193795554 0.419072823226452 1.53856199933216 0.470729580055922 1.51961617451161 0.417803814075887 1.63114773761481 0.398145482456312 1.38070750422776 0.395707345288247 1.30638173851185 0.306589198485017 1.54868750087917 0.468443338060752 1.22542205033824 0.468392161093652 1.48934982018545 0.426340572535992 1.4952178846579 0.466603746125475 1.81719205807894
57.7868 1.80462216353044 0.469841890456155 1.38145328010432 0.377962863817811 1.2302472111769 0.370008773030713 1.81590802338906 0.395402901433408 1.3162830225192 0.480809059087187 1.39592247456312 0.306957285292447 1.2578765579965 0.416029855655506 1.49647520435974
82.9826 1.27733495505527 0.492404265655205 1.88171772658825 0.394166879169643 1.11217640060931 0.486076823854819 1.66965707112104 0.333385901153088 1.09751118137501 0.390671218559146 1.49620575713925 0.40564182670787 1.69442556588911 0.360102745750919 1.46763585717417 0.32610396752134 1.14568830514327 0.450380449881777 1.77337152929977 0.312222998542711 1.59166013891809
86.6804 1.08237220998853 0.313176128268242 1.41537327645347 0.305461654672399 1.72705458756536 0.300653293821961 1.33644892112352 0.334840656490996 1.7376914601773 0.421103964978829 1.16855565831065 0.420137644652277 1.68249701615423 0.356398318056017 1.74553942820057 0.374355102749541 1.08048536581919 0.335566494055092 1.59494884638116 0.477712439047173 1.63982278900221 0.331751418532804 1.68297241884284 0.427242115791887 1.90074236225337 0.407055245572701 1.58877007756382 0.350044768489897 1.86375003564171 0.302690536575392 1.28692679386586
99.8929 1.89653465012088 0.343690068926662 1.44043519790284 0.315216136816889 1.41292640450411 0.492892804602161 1.16238715802319 0.46421495960094 1.49752917420119 0.480528330476955 1.83105237502605 0.300517795607448 1.71627986384556 0.440718127135187 1.40215761866421 0.493922268040478 1.4618169486057 0.365184463793412 1.65456218179315 0.450593527546152 1.51038230396807 0.430061192717403 1.33440500823781 0.496300091780722 1.06138629838824 0.382587592629716 1.97682131500915
119.38 1.51917710201815 0.469248077692464 1.86361504369415 0.341682721069083 1.0307447835803 0.368209258653224 1.20242131943814 0.402035320363939 1.19836788973771
124.009 1.4217441084329 0.314855296770111 1.93613155209459 0.494790059234947 1.91941945790313 0.348498283885419 1.5446222925093 0.319956096773967 1.21736310399137 0.371055519906804 1.36593689629808 0.374989077774808 1.16643744707108 0.477968036057428 1.07742315507494 0.382987624313682 1.57129223365337 0.303608983522281 1.32802653033286 0.418283312162384 1.44479870656505 0.432150695985183 1.40447887871414 0.425401216186583 1.99872044008225 0.420060133514926 1.9389230357483 0.320923848589882 1.33371446002275
132.067 1.81716078845784 0.370732489787042 1.36062663653865 0.321920950012282 1.39111188100651 0.340562837710604 1.82882965262979 0.422023012023419 1.48014552914537 0.368375228485093 1.40484647406265 0.475035728840157 1.82678583613597 0.425211359700188 1.59986002161168 0.347037578374147 1.940908649005 0.343155125668272 1.04707212559879 0.451164104603231 1.3975728568621 0.437012587534264 1.78659132355824
140.804 1.95795967732556 0.457276844186708 1.46679457859136 0.426029978180304 1.93899003439583 0.361452552676201 1.2642238738481 0.376074021309614 1.71378474496305 0.449134113173932 1.45678287069313 0.400991662638262 1.97823831648566 0.472439848212525 1.89513456542045
149.487 1.05192133877426 0.477053647767752 1.48454968864098 0.307850849209353 1.21639954508282 0.465322649199516 1.06031891121529 0.421138920495287 1.72079085605219 0.310643585026264 1.68689911277033 0.361951171653345 1.81953909248114 0.364326105359942 1.06327671417966 0.409885316342115 1.44465404446237 0.434248653659597 1.97103221388534 0.337108559347689 1.41992977983318 0.475199274299666 1.0576790550258 0.447222039522603 1.49188280152157 0.412140085967258 1.71385316550732
185.896 1.98057114426047 0.320085960207507 1.70262509444728 0.303309225523844 1.57319243368693 0.49371225759387 1.18635032465681 0.359381928946823 1.39586277375929 0.47951589981094 1.84880307991989 0.417680092807859 1.24100606469437 0.453745498461649 1.99693353287876 0.310365575365722 1.72877948451787
199.884 1.10932680685073 0.434628997370601 1.03160058986396 0.391197434486821 1.68557768897153 0.43798139160499 1.53943547490053 0.339190519740805 1.41474221413955 0.488931352645159 1.27069119364023 0.444281114963815 1.94360901927575 0.355034679034725 1.25915461732075 0.379666444240138 1.05895568989217 0.371117259003222 1.45731742680073
206.269 1.4463844965212 0.329122200841084 1.48979817214422 0.401843437319621 1.61255552666262 0.469071322353557 1.60578400478698 0.471256685769185 1.13645307696424 0.322604415053502 1.39190679928288 0.348098313016817 1.23645036784001
216.995 1.20533347246237 0.402407988440245 1.77721919910982 0.440682739391923 1.94719599722885 0.400242372835055 1.42497776658274 0.356898596370593 1.75360079552047 0.446660027652979 1.47147179068998 0.350339967478067 1.2594213434495
232.472 1.38946437439881 0.347838394390419 1.956536188256 0.462697979016229 1.80719865113497 0.433971502818167 1.78084144648165 0.434454244095832 1.83268228382803 0.448364346427843 1.0915022038389 0.341603654809296 1.56702204165049 0.446549047762528 1.83993644150905
270.404 1.93227291549556 0.425832299189642 1.6253718289081 0.332124885031953 1.78417843231 0.479362645326182 1.79677095427178 0.49625628599897 1.91140310419723 0.45968839880079 1.10918392427266 0.37807368375361 1.31695250002667 0.402147311950102 1.47493522800505
285.822 1.53818994085304 0.437777060084045 1.08797292364761 0.313956352556124 1.16312766773626 0.357467876002192 1.3861207223963 0.357550656702369 1.83497859491035 0.431570282066241 1.56098970328458 0.342481623403728 1.36153207719326 0.364144392777234 1.24132501729764 0.304587868321687 1.72968024993315 0.331169826118276 1.54542808933184 0.336558465380222 1.16590760834515 0.369932211842388 1.9164406475611 0.398644914478064 1.26245688949712 0.349063528468832 1.80881474143825
312.544 1.0037749055773 0.337946695880964 1.67497766716406 0.395960742235184 1.85304586961865 0.37827418372035 1.85997103434056 0.326791589707136 1.47203515446745 0.424209527112544 1.41027494473383 0.355235736677423 1.72221017931588 0.468043616926298 1.10058102291077 0.382350096059963 1.07103876909241 0.300463005434722 1.08933313330635 0.455180395254865 1.52256925730035 0.316590179782361 1.64744061790407
382.353 1.98849942814559 0.457655392959714 1.50811343197711 0.344227470643818 1.48158739949577 0.486621722579002 1.04555396968499
383.961 1.84074315545149 0.344509935518727 1.17655641422607 0.34607688547112 1.69386283238418 0.360286802286282 1.88271389435977 0.41101069143042 1.79135694680735 0.427485276386142 1.48601098381914 0.434710745327175 1.22227594256401 0.391950287437066 1.54343266692013 0.479126631980762 1.01511418819427 0.393858225317672 1.05317311896943 0.411767380032688 1.56537078740075 0.342935004457831 1.24522445281036
388.423 1.14564419584349 0.317423723824322 1.74308519857004 0.410730042587966 1.83680181647651 0.348124610446393 1.92900652461685 0.449477795511484 1.19090879498981 0.49269352061674 1.27051620744169 0.48062974140048 1.0977359667886 0.437162472773343 1.90606463095173 0.403400317020714 1.48682118835859 0.403430822957307 1.41959784645587 0.436957482714206 1.12134197936393
411.301 1.54092793958262 0.337332756631076 1.67386587988585 0.439686420606449 1.91218489711173 0.439815464057028 1.97979667480104 0.33384446487762 1.70331954443827 0.470808279700577 1.33600985142402 0.407250646688044 1.10622920258902 0.309444084344432 1.5652313651517 0.392037495784462 1.10618547606282 0.459200493758544 1.42599227465689 0.304962274013087 1.57563148974441 0.33485943665728 1.85667179059237 0.306423119781539 1.43051787512377 0.412684616353363 1.03660867805593
418.581 1.62655439134687 0.306702608754858 1.37221031449735 0.325304433004931 1.99871088634245 0.363237576559186 1.10657134861685 0.431640617083758 1.95701679005288 0.302653428167105 1.13292183144949 0.372230620402843 1.01578388549387 0.436647389782593 1.08421141002327
440.851 1.10920203546993 0.323580589843914 1.22839677962475 0.442983598913997 1.5626947300043 0.327101267781109 1.90275808679871 0.450726745650172 1.09581267111935 0.317316353786737 1.1632024270948 0.31058456483297 1.50766027858481 0.47648816681467 1.79812807682902
460.414 1.27098397328518 0.471954526472837 1.4026481481269 0.431975331762806 1.40848672273569 0.324610733706504 1.13294709450565 0.48186869258061 1.8258511046879 0.3205433904659 1.09395756479353 0.398756995471194 1.26099905581214 0.321912221796811 1.78111546230502 0.359746849769726 1.403379493393 0.33916815421544 1.09816833026707 0.477287201490253 1.36261241114698
493.916 1.13870810950175 0.355205995915458 1.47509883996099 0.463219287712127 1.7866359774489 0.424709011241794 1.49568641348742 0.475082798069343 1.37812163215131 0.349426461011171 1.75800591311418 0.364674275740981 1.34816812188365 0.384700293885544 1.32931738160551 0.407601899281144 1.63970752572641 0.351343559008092 1.23064587218687 0.351470477506518 1.87775408290327 0.340504903579131 1.20256517850794
521.114 1.57520160987042 0.445593126537278 1.70711676822975 0.475178329227492 1.4737978966441 0.334290596563369 1.97283129091375 0.455664622457698 1.08125540683977 0.454354985244572 1.28423115750775 0.44014145876281 1.22655946784653 0.441338726133108 1.4076958775986 0.340642640041187 1.9729532613419 0.421300611877814 1.4418504901696 0.316913400404155 1.70023023174144 0.4238580214791 1.84487455198541 0.415491254907101 1.53732101689093
525.584 1.28433228726499 0.448344364296645 1.36518862517551 0.45420952308923 1.91672993334942 0.330003264266998 1.52194450981915 0.304906521271914 1.38529480993748 0.314231712603942 1.76327642146498 0.428085096878931 1.58479390013963 0.361282022064552 1.5079548729118 0.475339850317687 1.49588075443171 0.464331689057872 1.24686914100312 0.311394024640322 1.51237030210905 0.488084620889276 1.69017644878477 0.391744661144912 1.84254547324963
530.871 1.55380230210721 0.383681336417794 1.79769588261843 0.472497096424922 1.55771287460811 0.469295047502965 1.60099848615937 0.438163824705407 1.09335451782681 0.300691067334264 1.33680865750648 0.451367947785184 1.89799579186365 0.341244036657736 1.41542016970925 0.393831312656403 1.31866149278358 0.490615652827546 1.45551719609648 0.471903215860948 1.36224894062616 0.403981555951759 1.96550142369233 0.354668729472905 1.78422937472351
566.179 1.49840429378673 0.440687489556149 1.6515020171646 0.376723185740411 1.39281166251749 0.450798031687737 1.47755706263706 0.451724266260862 1.06592084094882 0.433287755679339 1.27167044882663 0.492277601221576 1.61360918660648 0.431454598344862 1.49327076110058 0.310570776369423 1.38246089266613
566.971 1.15128066623583 0.357408658089116 1.77263134974055 0.306745448987931 1.32399840652943 0.488194013852626 1.58534858073108 0.357042434485629 1.55825614207424 0.489808408124372 1.95846888795495 0.330456408113241 1.06761031178758 0.443488131789491 1.84230178943835 0.335513725504279 1.23142282571644 0.475525801815093 1.82896063267253
574.204 1.93701007892378 0.373441053554416 1.86394560267217 0.493986941082403 1.51629588729702 0.467132620653138 1.37173130363226 0.348712089331821 1.96188746206462 0.488604269875213 1.00770089239813 0.320743087958545 1.9417137238197 0.329510305868462 1.94143373030238 0.319788390118629 1.0588664393872 0.476226571202278 1.2620016685687 0.394031200185418 1.1407345412299 0.442664903495461 1.14788335678168
602.515 1.98924412764609 0.341754092322662 1.16290612868033 0.422308004554361 1.13655550219119 0.324129389505833 1.01999040762894 0.460637518158182 1.25966625893489 0.425286654522642 1.64806226664223 0.309223900223151 1.5518479438033 0.349326501041651 1.48799697775394 0.40444384184666 1.98174900794402 0.425850525125861 1.6644992295187 0.475438212417066 1.93212492740713 0.402293765265495 1.65456354967318 0.3931004866492 1.84483196283691 0.445163559680805 1.40249941754155
655.842 1.10562977637164 0.4143390272744 1.81924849981442 0.496684556640685 1.99720080103725 0.334133280673996 1.08547615678981 0.346080737281591 1.95614503044635 0.329526204336435 1.63833501446061 0.400959232682362 1.70021292334422 0.319952434487641 1.39431757805869 0.398214543377981 1.4531950710807 0.426030797464773 1.87917345250025 0.309420884307474 1.24230323452502 0.465440371446311 1.20133860525675 0.370093454839662 1.67130283359438 0.498840129235759 1.58956941054203 0.453379845898598 1.94390472769737 0.450015590526164 1.21008202270605 0.374487375188619 1.30308233667165 0.437539603980258 1.79665229609236
656.884 1.57617978192866 0.347336420649663 1.90714430552907 0.384817821206525 1.05765230837278 0.435787297179922 1.56831690319814 0.496222445787862 1.40680310479365 0.350178642710671 1.61643030564301 0.345520891435444 1.42361010494642 0.46032895646058 1.24481232906692 0.4215228154324 1.32903389842249
673.458 1.06245084502734 0.424309791671112 1.38562662829645 0.473855004832149 1.75417722412385 0.353035582462326 1.54549368005246 0.366878100158647 1.66341204452328 0.453869044454768 1.67434714012779 0.396142548834905 1.8384264705237 0.439041199162602 1.80948179820552 0.493342092679813 1.85807707137428 0.401723808655515 1.36709196958691
707.8 1.93297278159298 0.418767008371651 1.77544584800489 0.397039327584207 1.78848117426969 0.46393171902746 1.85263023828156 0.329299066355452 1.05243106675334 0.399314287444577 1.86095846071839 0.377276797965169 1.45661780028604 0.460690453695133 1.3558724403847 0.427412226935849 1.68790560238995 0.425377090787515 1.53388661914505 0.404775172751397 1.70259591587819 0.396219055680558 1.91530254087411
726.838 1.90426715742797 0.402532505150884 1.55521809612401 0.346858746930957 1.21625757636502 0.486714793508872 1.3647366464138 0.458741518110037 1.02842343249358 0.375427880464122 1.86181273055263 0.318553571403027 1.46836089901626 0.375345942936838 1.38615963072516 0.390002860734239 1.85850830702111 0.346296399505809 1.02920201187953 0.384174812864512 1.74305788963102 0.496342507377267 1.60543525242247 0.451808337401599 1.41673298249952 0.311174680152908 1.52302354644053 0.36012848415412 1.53787512308918
727.85 1.51149231544696 0.413373600551859 1.72804884403013 0.335473762778565 1.55518562137149 0.300191601924598 1.62234987760894 0.38494370453991 1.59896526555531 0.443763254908845 1.69918239442632 0.469320428697392 1.24982836982235 0.372281260089949 1.63860713969916 0.499924129666761 1.77467684121802 0.448776517622173 1.89674585964531 0.438292067078873 1.40998446685262
807.551 1.22509333956987 0.460189355490729 1.46830283501185 0.425294074695557 1.91829187888652 0.340156770125031 1.23730108095333 0.461689401324838 1.04935971857049 0.489690195443109 1.04802976013161 0.41178566403687 1.88332925899886 0.449400028958917 1.8654171442613 0.375915884785354 1.10223958850838 0.461062771873549 1.2532858075574 0.364065754041076 1.33641630411148
835.518 1.89759161835536 0.432791031571105 1.67189755127765 0.441775791021064 1.64098469587043 0.317467234842479 1.83696939540096 0.482400939473882 1.50727572268806 0.436712104547769 1.0270903063938 0.348963692598045 1.12359389383346 0.32608896959573 1.75208755466156 0.471083739120513 1.52620327565819 0.430940961604938 1.61183336097747 0.356348257884383 1.2705649768468
842.961 1.34418467618525 0.361199444625527 1.59900577901863 0.312431196635589 1.03873924701475 0.331283799977973 1.94418247835711 0.429486579773948 1.78552503371611 0.499294826760888 1.70877271075733 0.30986633724533 1.85000665392727 0.338455908652395 1.96073271287605 0.363987593958154 1.05127954250202 0.411304676486179 1.11067345063202 0.498875908507034 1.9335099090822 0.339841516455635 1.27125462261029 0.338400372629985 1.69448044337332
864.117 1.95137113379315 0.398720636591315 1.25164510635659 0.378367824153975 1.21453025448136 0.34224360906519 1.66048536123708 0.343932655220851 1.10961132147349 0.390818769577891 1.88859000918455 0.407180955540389 1.25565272965468 0.469469068245962 1.04450559499674 0.463912398833781 1.12298012431711 0.395262037683278 1.34254349977709 0.423809559969231 1.71851231623441 0.346623571496457 1.9728891197592 0.417662962572649 1.87764670606703 0.303954015485942 1.76249912101775 0.309945740038529 1.33686385047622 0.41653937776573 1.21710273413919 0.481254777032882 1.42680150293745 0.445042930543423 1.77739889803343
896.827 1.26982739055529 0.405076389480382 1.00048971688375 0.349673007102683 1.3482846361585 0.48446975578554 1.38144106720574 0.366759906569496 1.41386690083891 0.373735120333731 1.47987024183385 0.339344706619158 1.02058864780702 0.491038326872513 1.54473054502159 0.469158678548411 1.94847923563793 0.361040546139702 1.14229509187862 0.350525724934414 1.95070817880332 0.47494280776009 1.17825861787423 0.416747828619555 1.90184837323613 0.395347034884617 1.63950438168831
913.208 1.92689873767085 0.475828241510317 1.2203505274374 0.416975628072396 1.17829106119461 0.372386815771461 1.53283555456437 0.310477959830314 1.31163543998264 0.413275620294735 1.57526079984382 0.335725231841207 1.69481751206331 0.3980885067489 1.72675243159756 0.491668455535546 1.36289887758903 0.339511835714802 1.33064460614696 0.376268100040033 1.78553056251258 0.360482176952064 1.46775545761921 0.444140307232738 1.28367921174504 0.346676030475646 1.40224382723682 0.478897141851485 1.34515904076397
946.031 1.55145445396192 0.304933766368777 1.90728742908686 0.330359559319913 1.75483704381622 0.393402555864304 1.19535280857235 0.356621693400666 1.66419113380834 0.40610948940739 1.95756979542784 0.386824804916978 1.53339467733167
954.108 1.02707361616194 0.440586528833956 1.51100564794615 0.306073379982263 1.91389306425117 0.354361508507282 1.58923519402742 0.482995470194146 1.06582516734488 0.436899797897786 1.17776052001864 0.315940842078999 1.97389179724269 0.316764399548992 1.61863257503137 0.407861458091065 1.29897239687853 0.460430328454822 1.94598700874485
967.426 1.60777924698777 0.366881025675684 1.67431996576488 0.32521884823218 1.3348944101017 0.400332875736058 1.46403280389495 0.452623844938353 1.82611847715452 0.418508591642603 1.30604874528944 0.306968810316175 1.09017994464375 0.442220775317401 1.01767488219775 0.442545618442818 1.62035445962101 0.467484451225027 1.51307060476393 0.392910263640806 1.68640132714063
987.302 1.85314813209698 0.456251620128751 1.45022216183133 0.493780789524317 1.09704925934784 0.411137144127861 1.14123218110763 0.414299829583615 1.10545935062692 0.367667899373919 1.64618035359308 0.421745846187696 1.66067061317153 0.339767894661054 1.12781057995744 0.340254126256332 1.44263053499162
