# Using the following values to generate the workload:# num_procs = 50
# mean_io_bursts = 10
# mean_iat = 25
# min_CPU = 2
# max_CPU = 10
# min_IO = 1.3
# max_IO = 2.5
15.972 5.81937040016055 2.35116425333545 9.77522831037641 2.23294354518875 7.94077572785318 1.70540447868407 8.0023184325546 1.93799224374816 6.91983350738883 1.83367011854425 4.05133832618594 1.55650802943856 3.54264292120934 1.82526257317513 7.64655782282352 2.00843150326982 9.52048534154892 1.47845886712894 3.28516400977969 2.28509500324726 3.50288123078644 1.68589534508064 2.68185177259147 1.40856804000214 4.53445352241397
43.1627 8.82107049971819 2.4340364026837 4.45811570994556 1.50986746875569 5.09502026624978 2.28790205512196 9.15025191754103 2.38027855288237 5.05057567171752 1.48275499762967 7.60743265226483 2.3797903701663 8.86750883422792 1.92393749142066 4.59765755012631 1.30266194241121 8.67305156216025 2.39384817602113 3.56749552302063 2.20242717619985 5.57055059634149 1.46736009716988 3.20303518883884 2.06373137291521 2.18356748297811 2.20583168817684 4.97033548913896
49.6593 2.99127475917339 1.56220042994246 3.51001905277371 1.50430637523532 8.64325591921806 1.84919004682452 3.51045277528465 1.40905588688329 5.57669912092388 2.48453049445525 8.04433478042483 2.07834274731576 6.25901016406715 1.30313186291605 6.38555605709553 2.48521455470473 4.83796255104244
65.0138 2.76545209437609 1.4347974717617 8.59571759402752 1.36939945761114 7.77827772125602 2.09264978431165 3.99831581674516 1.353056221921 2.33056368306279 1.36977517334744 5.12689172662795 2.29615383958444 8.81117846444249
99.7267 4.20975340902805 1.93345311209559 2.34147221781313 1.54981018668041 2.75367063656449 1.53563816985115 2.87473948486149 1.47832324011251 8.05185051634908 1.78426969498396 3.18946857005358 1.38754903813824 5.60978140309453 1.92641309881583 3.03676608204842 2.44643303211778 6.72029965557158 1.690888923686 7.13617952540517 2.17078747712076 9.50378408655524 1.44882203191519 8.58211742714047 2.20394341889769 8.56282479688525 1.32911914261058 2.66885515488684 1.57491605645046 7.16911501251161 2.23714837664738 4.8282055798918 1.39394831722602 3.52064055763185 2.01214954927564 9.128094766289 1.50998106114566 5.54713617265224 1.96887075118721 7.42093458399177 1.9099216459319 3.59599047899246 2.46459882576019 5.97810634039342
137.492 5.88341222144663 2.32735577393323 2.63120842166245 1.90106005286798 4.46220808103681 2.37917497111484 3.91819228045642 2.3212684687227 5.86095607280731 1.91044161478057 2.41592844761908 1.36259074602276 5.77976455725729 2.29259683704004 6.47626670636237 1.88268973492086 6.28846419416368 2.1771373747848 3.06777703389525
141.169 8.25842907838523 1.50254465257749 8.78269478492439 2.28569341441616 2.67594769410789 1.86876699589193 3.55899460986257 1.84990401174873 8.30944169685245 1.40108020370826 4.88085545226932 1.86137770311907 6.39791407808661 2.0026177322492 6.75453807041049 2.20700594084337 6.26164495199919
151.242 5.90875313431025 1.87481774678454 9.94249757938087 1.33667389526963 8.4456588588655 2.3280722537078 6.60790154710412 2.29785883575678 8.51390665769577 2.0266747392714 9.17189263924956 1.43368927156553 2.12506469897926 2.06827408727258 3.61246025189757 2.00907875746489 6.36868146434426
163.215 7.74402263015509 1.41386151108891 6.79640970006585 1.77921411152929 4.69715947844088 1.72034091390669 9.3982507083565 2.33320693215355 5.27036025747657 1.44836670458317 9.63981924206018 2.31750253271312 9.90119908750057 2.19956705737859 5.85592085681856 1.62135725663975 2.28047017939389 2.19138777637854 6.59365028329194 2.28000358548015 4.51381279155612 1.88478205325082 5.93918917886913
163.39 2.04652333259583 2.0802880465053 9.29344119876623 1.96294840658084 3.37593840435147 1.64707518974319 9.37437295727432 1.8350488181226 8.54568375274539 2.16971464101225 4.33176489546895 2.26684352783486 5.19853093288839 2.09048292096704 4.34348458237946 1.76641767174006 2.33524747006595
191.409 7.43182657472789 2.23428354775533 3.98669068701565 1.3569712376222 5.84709773212671 2.03935517491773 3.15339141339064 2.24576998241246 8.22594241984189 1.62059366945177 6.30078377947211 2.35723229134455 2.67747691832483 1.85793149759993 7.9263721331954 2.06005779094994 9.60375238955021 1.34330641673878 6.27097840234637 2.14810706777498 5.84935877285898 1.94550060005859 7.9954177569598 2.06375060491264 6.10030580125749 2.16480918778107 5.69774356484413 1.36764597296715 8.59016269445419 1.45895432373509 2.91846880689263
202.303 2.68824499286711 1.34334421101958 2.69454624503851 1.86705346610397 5.54629909619689 2.11218500854447 9.83175462111831 1.85772026693448 4.51860304921865 1.98296670168638 3.53245570510626 1.44402950862423 2.31392518430948 1.60979471346363 3.41112342849374 1.67698512440547 8.47633338719606 1.88533200081438 7.10707164742053
258.192 2.01609026454389 2.06673553474247 7.26092825084925 1.54377593221143 4.96868460997939 2.36921189203858 9.5569155048579 2.02307433998212 7.63230771385133 2.28300274275243 4.8763619903475 1.53158811219037 2.04740149714053 2.13361332416534 5.6836054828018 1.76610284913331 4.54466537199914 1.33986246092245 4.39484424889088 2.40252533843741 9.03236850909889 1.62574159745127 9.38877564482391 1.78202160792425 9.09651366062462
274.196 7.42826630547643 1.64514841344208 7.95531909354031 1.94875527266413 7.48802120611072 2.35109698576853 9.42109991982579 2.1040970989503 6.47222013585269 1.45247496506199 3.1399014275521 1.75307033248246 6.79741696082056 1.7858369586058 9.38090152107179 2.16677992437035 6.89570610970259 2.07401482313871 6.65083003975451
287.942 5.15043603256345 1.41705104596913 2.50395889021456 1.65564993312582 6.98310580849648 1.50283534508199 5.41783192753792 2.07301251878962 5.49288869090378 1.50353365875781 9.55729592591524 2.44288448328152 8.99815559759736 1.97034969301894 3.58571983315051 2.08774411901832 8.04048980027437 1.68416122961789 9.01894991286099
330.538 9.26732443459332 1.3984975409694 2.68381653353572 2.4731977310963 7.38763700798154 1.71163324974477 3.67391601577401 1.56925930278376 2.8485550917685 1.89080053744838 9.8229472823441 1.96554397940636 9.91194147989154 1.50497964015231 6.89603143185377
335.133 6.94155485928059 1.56987210707739 3.36341145820916 2.25553081538528 4.84743118658662 1.8372376954183 2.84455575048923 1.73695324808359 9.28713086619973 1.56531043900177 2.01894758269191 1.88676350191236 9.35463386587799 1.34351644571871 2.5764032676816 1.51240472029895 7.11836034245789 2.32291667051613 5.46592602133751 1.39820951083675 7.83508995361626 1.9808183000423 3.38526455499232
338.705 9.10388093814254 2.14442746452987 8.56374592334032 1.66473293220624 7.5602220389992 2.13520238436759 5.51888456754386 2.0908981048502 7.59687507525086 1.5610924446024 6.88901150971651 2.24446896435693 6.07729590125382 1.62228507213295 9.66900748200715 2.10507124010473 5.958326715976 2.05576161351055 7.0826261844486 2.36983706131578 4.50525215268135 1.4777170477435 2.23599415272474
383.081 5.66160994768143 2.29305403633043 9.27306287549436 1.62926289392635 2.69507170841098 2.31350001078099 9.30955156311393 1.39467757325619 3.36263489164412 2.05149236768484 5.57061687111855 1.30330933602527 8.89292323030531 1.41558291902766 9.21937307342887 1.31358041539788 5.41159576177597 2.0631611302495 7.5622367747128 2.3595555559732 3.05011303722858 1.60818225741386 5.50453801639378
450.065 9.25536682084203 1.89932348262519 2.67686727270484 1.46734051927924 6.67046027444303 2.48752770852298 4.17683738656342 1.87803899487481 8.24564532749355 1.97822090554982 6.46526417322457 1.43952998369932 8.37634710595012 1.33524745712057 7.90906011685729 1.99560956209898 8.9653757493943
457.46 8.27974298782647 1.79545604465529 9.16372057981789 2.47032210659236 3.90420232340693 2.34954362716526 9.67487617395818 1.71023382730782 5.25893158093095 2.49429755294695 7.52464260905981 2.44890810139477 3.90781887061894 1.94327772269025 9.80254499427974 1.75030843140557 5.21057980693877 1.58052593627945 7.35991887375712 1.74077553646639 2.95650311745703
491.517 7.03312303498387 2.03000106848776 6.16036319732666 2.44710050988942 8.77666220627725 1.42047852380201 3.19856162369251 1.96930530425161 5.67298589833081 1.59490606626496 5.48565978370607 2.01831221673638 5.02959528192878 2.0641302453354 3.89405854977667 1.61820867992938 8.19676077738404 2.1589816651307 4.72557102330029 2.00680734161288 4.26360996626318
539.422 4.5382121372968 1.47805608175695 4.76151015795767 1.35665778433904 9.15455384925008 2.2478403233923 6.75428290292621 2.2099397639744 2.79802254587412 2.10745530007407 7.36744763888419 2.14542858786881 4.43770567141473
579.742 5.32804563827813 1.82046312643215 3.46691426634789 2.00749999806285 8.30389330349863 1.78996917679906 4.4020715765655 2.30152098927647 9.0283025931567 1.67286032615229 8.46930227056146 1.90633719153702 9.83362766169012 2.1976465113461 4.60365122184157 2.11664722701535 3.25654996559024 1.94812360266224 6.55590921267867 2.21221793200821 4.77436798997223 1.39101919159293 6.92559503018856 2.2310142705217 7.2463008556515 1.83451388534158 7.75762396864593 1.89885537680239 4.58183748088777 1.4246404231526 5.20140232518315
583.251 2.02524069696665 2.39183868933469 7.01385189034045 1.59541784124449 3.81269298866391 2.03898246297613 5.29312000982463 1.90916732130572 3.62269442528486 2.1285257874988 8.64302697218955 1.95242731710896 2.84932513907552 2.42977626994252 7.02356738038361 1.70628083879128 2.5786188300699
682.277 2.93836381658912 1.86388449035585 8.67312787659466 1.55008362140507 8.8261981010437 1.65906777177006 5.357501225546 1.89925723038614 3.356624269858 1.44568550111726 8.79293485730886 1.49194044843316 9.95681902207434 1.58346677143127 8.06633150391281 2.30500321825966 5.76836456544697 2.47625913713127 2.55367308668792 1.98414856987074 5.13544546440244
760.301 3.73697226122022 1.5455984971486 8.7136712744832 1.95412706229836 5.66519432142377 1.44755523102358 7.52361581474543 2.18970318762586 7.3858296405524 2.27542078830302 2.15736246295273 2.21878073252738 2.88566316477954 2.35670757889748 4.4738861117512 1.87811383185908 4.55226928368211
768.464 6.37281619571149 2.43518220270053 8.36881433613598 1.60424293167889 7.71429274789989 2.26342411311343 2.78101092763245 1.96223155101761 8.47509322315454 2.08711850941181 3.0440781172365 2.36522693578154 8.01344746164978 1.85482184700668 6.64818949997425 2.31576492842287 9.89192891120911 1.68199984664097 9.07462225295603 1.54111226480454 6.11763663776219 2.41876757135615 2.72683040052652 2.2923283001408 9.3461254183203 1.71760214911774 8.03345190361142 1.62567625856027 6.09625596925616 1.68100710744038 3.92923999764025 1.47167293000966 3.5497042350471
782.398 6.69799894280732 2.27489641392604 4.64240269735456 1.5014141545631 4.58010726980865 2.17197779398411 5.44933786429465 2.32590181883425 2.06111061386764 2.07651582853869 3.21409878879786 2.37448649182916 8.56306577660143 2.28544627958909 6.04404553771019 1.74151558699086 2.75050454586744 1.70274883639067 8.69435552693903 2.41911909300834 4.40816667862236 2.11447919020429 9.6786379199475
788.915 9.10339530929923 1.81496574487537 2.19777102582157 2.21671047760174 2.64160109125078 2.47974374825135 5.45251045748591 1.65964538576081 4.29936763644218 1.4137729045935 9.64404457062483 1.57130319522694 7.92984389699996
801.873 3.23907526768744 2.37940065218136 2.3112196046859 2.16008256357163 5.85774932615459 1.83514199918136 7.31289207749069 1.74321653330699 6.69308023527265 2.01292419498786 2.44664747454226 2.01400337060913 4.64810365624726 2.2857962586917 7.79127769358456 1.98150651743636 2.58389086276293 1.42195580406114 6.04167648777366 2.13071137657389 8.52565886825323 2.41457673460245 9.73899395205081
834.426 7.97843639925122 2.19578907936811 6.87065724097192 1.96237257346511 8.69962759502232 1.99966043503955 4.64094043709338 1.57007685462013 4.58240503445268 1.82649178737775 7.98654056526721 1.723705509305 4.86175135709345 2.18507378874347 5.47343138605356 1.65601569423452 8.02622417360544 1.79682896435261 2.96052827872336 1.44790827287361 9.77062823437154 2.00308413011953 5.43187208101153 1.62105503929779 8.32484237849712 1.49695793222636 6.76914121024311 2.27727338783443 2.13772590830922 1.93749341042712 8.12596322223544
840.509 4.89741145633161 2.16816295851022 2.36928155459464 2.17893359400332 7.17087117210031 1.57042393637821 7.32728407531977 2.35449811285362 3.35049648396671 2.16440216479823 7.43675309419632 1.4619568024762 9.14243593066931 1.37529220459983 5.88174943439662 1.74972961768508 2.27806188352406 2.27291596271098 2.19741371273994 1.71166364084929 4.90061331912875 1.31449660072103 9.80173493921757 2.3694166071713 2.20282590202987 2.03940584184602 3.52956534177065 1.38612548531964 3.31432189978659
844.405 6.76639273017645 1.50656650178134 2.4191712345928 2.21123531730846 2.81705989129841 2.02502995673567 2.96631720662117 1.94744960516691 5.3855765927583 2.49936910644174 3.34025638923049 1.93483264315873 5.35974458232522 2.19301589429379 9.33538001775742 1.50774326426908 4.33509114198387
853.066 2.87056666985154 1.73322832947597 8.32585357129574 2.21296626832336 9.34442953020334 1.3723630387336 9.70484572649002 1.44684117082506 9.94784276559949 1.85142232505605 7.30865864269435 2.02976854834706 4.3215826433152 1.59870061976835 2.35438499599695 1.93064740523696 8.91953785344958 2.46053214455023 9.68093507736921 1.40313825849444 7.16858641989529 2.20106921624392 2.87361967563629 2.19770962484181 4.2816324327141 1.38211837988347 7.99842848442495 1.87429021438584 7.67684813961387
863.948 5.67698873393238 1.63180542327464 2.4008077327162 1.60233728839085 4.52221875451505 1.62131470143795 6.87697239033878 1.81756880218163 3.38942724466324 2.47873063879088 6.69774528779089 2.37888282490894 7.13835136964917 1.31439563985914 2.02876945957541 2.06418650634587 6.61257925070822 1.7447289689444 2.61213361658156
869.036 2.94962212443352 2.35227706357837 6.13459239527583 1.83519381973892 4.9883721396327 1.32689341064543 9.84026058577001 1.69791410770267 9.28348105214536 2.01266210014001 7.64476257748902 2.47391757201403 9.41589170321822 2.20932753384113 3.53696410916746 2.07498655924574 3.47289108671248 1.39131651446223 5.22774108313024 1.38464606683701 4.79255388490856 2.17222233908251 7.09370734170079
937.404 5.2383249849081 1.68435416817665 4.17387315817177 1.7354838071391 7.31288214214146 1.70446326304227 2.4205683786422 1.54306099275127 6.38636009953916 1.3583662500605 9.28639152646065 1.56837279191241 2.23034314624965 1.99812659928575 4.70567955635488 1.469848693721 8.06148163042963 2.07452315790579 9.93487092852592 1.92949169920757 6.63817388936877 2.07605168344453 6.60690658353269 2.07107191374525 7.85286197811365 1.42022546604276 3.67678774520755
983.016 8.95371360145509 2.05297141624615 8.23910639621317 1.83627563398331 9.20069294795394 2.32232450274751 3.1364805623889 2.08336714394391 9.64552356861532 2.00367679744959 3.73439846560359 1.60292027713731 4.13752951472998 1.33274671239778 8.21669705957174 2.01433825585991 4.56769006699324 2.31337447697297 2.57028242200613 2.38231323640794 7.0595196057111
995.789 3.24500604905188 2.23253290262073 4.42530201748013 2.18755012815818 8.11791673116386 2.05128717226908 6.80459590256214 1.65817115511745 6.12565330602229 1.89590312717482 3.71067639999092 1.61044303383678 2.30907326750457 1.71207601958886 4.72764781489968 2.25032546296716 3.76228819414973 2.16173011213541 6.53864970430732 1.82462236341089 5.05971654877067 2.01895798342302 6.89834665879607 1.97822363218293 6.13809813931584
1018.75 3.80093571171165 2.0335538526997 4.08127520419657 1.46997010642663 3.96608070842922 1.55131021235138 5.88736470416188 2.16834682198241 4.38503521494567 1.3477532653138 5.68146536871791 2.28015038277954 3.56270031630993 1.48924726191908 8.53658622130752 1.32992188585922 2.99604823812842 1.78079013479874 7.1144697368145
1034.56 9.49769680947065 1.34461795184761 4.98512948863208 2.06541216270998 2.86570135504007 1.51387704098597 6.83871039561927 1.47782034799457 8.57379215583205 2.49425958124921 4.86541357636452 1.76613237522542 9.06256558559835 1.97900777123868 8.1637699380517 2.05263827079907 4.71676665358245 2.37523572612554 9.99632445722818 1.40947580654174 7.17028706334531 2.28058551503345 7.82402478717268 1.85304907588288 6.37012511864305
1088.02 8.41724197380245 2.11989314220846 2.0503937676549 2.26912763612345 8.77427589520812 1.83391598239541 9.2099997214973 1.33676834115759 8.17001765780151 1.65782932266593 8.36954121664166
1102.04 9.50887703336775 1.44191556610167 5.51236745156348 2.44120549643412 6.26006830111146 1.68659328240901 7.8651428334415 1.79056248310953 4.15325572341681 1.43139865500852 2.93902344256639 1.77686024624854 2.1749474927783 1.57302746167406 7.50031356699765 2.47592417895794 9.3894912134856 2.2705206617713 9.57857813313603 2.43311294997111 9.20560367964208 1.72666625427082 5.55501513183117 2.20118334591389 8.18355022929609 2.27871907670051 7.83401288092136 2.32664295481518 7.06177627108991 1.80973669765517 3.64641432091594
1111.39 4.89735313132405 2.06612692140043 7.23461246490479 1.72161235138774 3.04865297116339 2.41670452011749 3.38591898605227 1.57797235623002 9.66938988678157 2.43100925125182 5.84330662153661 2.22239709710702 3.85372791811824 2.43738438151777 4.31095739081502 1.69151026383042 9.61973090469837 1.749963279441 9.40650663524866 2.16155762318522 2.42430372536182 2.17751922132447 4.75807571224868
1150.41 2.30787531845272 2.10307601103559 9.00407684035599 1.56161987837404 4.56406338885427 1.70736687527969 3.04394296184182 1.98108449811116 3.64239632710814 1.46212621694431 2.22790924459696 2.22018699990585 7.69459243863821 1.51975739002228 3.40726136229932 2.281249400042 5.54096870869398 1.32235227376223 3.94996323809028 1.54146674470976 7.59045918658376 1.33684615651146 2.54029959999025
1169.91 2.93646394088864 1.45603284602985 3.31984579376876 1.51592768784612 6.73076637648046 1.46361092608422 8.39931947365403 1.63801267072558 2.87182035669684 2.13307376373559 6.07967517152429 1.96049175653607 6.55607408285141 2.29983620075509 9.03804451040924 2.06083032693714 9.53087973408401 2.40270693125203 7.00938778556883 1.967097357288 7.19261386245489 1.75588552737609 9.08159220777452
1196.92 6.81304291076958 2.25184665070847 9.70053579285741 1.33944862233475 2.42343266867101 2.19848744757473 2.85258834995329 2.11605011951178 5.57807241380215 2.43042464340106 9.20263067819178 1.55690273270011 4.38765646517277 1.4851643268019 8.48792540095747
1203.76 6.73935622163117 2.3907496814616 4.98767597228289 1.52610006220639 4.69275166653097 2.13842493947595 2.29200168512762 1.87507699849084 8.60661595314741 2.31984472339973 6.02369490265846 1.52309269374236 4.82073883898556 1.99488146612421 6.05638874694705 1.50931833283976 5.31297586672008 2.23909461824223 3.10629230551422 1.41931653860956 7.293457088992 2.22901099873707 7.74797603674233 1.57055912725627 6.81672041118145
1225.42 8.99396491236985 1.70086811808869 9.28401196375489 1.90474721295759 7.17714805714786 1.43295287527144 4.33598904125392 2.35336552774534 6.00912719778717 2.23843728620559 7.57890445180237 1.33333157254383 8.19781496748328 2.1381652337499 2.97905890643597 2.10027578230947 2.13540952466428 1.79041868569329 2.16308942623436 2.08190922979265 6.24011070095003 1.49554713889956 5.94409793615341 1.85545401461422 8.84171439707279 1.31909579541534 2.23603659495711
