# Using the following values to generate the workload:# num_procs = 50
# mean_io_bursts = 10
# mean_iat = 25
# min_CPU = 1
# max_CPU = 2
# min_IO = 0.3
# max_IO = 0.5
89.7246 1.23842842271551 0.421826770156622 1.7881741526071 0.308329542865977 1.73200040566735 0.387214324530214 1.41232818225399 0.375982069829479 1.87768377247266 0.371728464076296 1.131715814583 0.469494736986235 1.92456138180569 0.329747952707112 1.89318884955719 0.455604145070538 1.77253197785467 0.362327533774078 1.45219702739269 0.357198890810832 1.05221284274012 0.360028383368626 1.03985700709745 0.495684745674953 1.64817528077401
125.747 1.4507372812368 0.488901644060388 1.54439797624946 0.487678684853017 1.75666790222749 0.351294549787417 1.52418407378718 0.430217257374898 1.27959728497081 0.431172457709908 1.9480273926165 0.493900053855032 1.80093137756921 0.39031374771148 1.09364340477623 0.376717355893925 1.98850588966161 0.360202107205987 1.1208010269329
140.594 1.79864034149796 0.420652600936592 1.6940610865131 0.471182334097102 1.71163058746606 0.321586907282472 1.07238675421104 0.323882144549862 1.42307360470295 0.443483603745699 1.16344829555601 0.400522138411179 1.48066999646835 0.470225189067423 1.06597951799631 0.362280957959592 1.80429736850783 0.328372491290793 1.36671712668613
169.911 1.13015978480689 0.32046933863312 1.9160932097584 0.426210940210149 1.26223377510905 0.329139924934134 1.17217215336859 0.421438583359122 1.31468398752622 0.314550600247458 1.79403236391954 0.365947371115908 1.36771961627528 0.425359163898975 1.83930406160653 0.434158792812377 1.38873164728284 0.364516732981429 1.50456958310679 0.30917900884524 1.73151390394196
183.769 1.68152183969505 0.439899456966668 1.83754316437989 0.419639693573117 1.36386452126317 0.353646484948695 1.20793660241179 0.3920208432246 1.63068129983731 0.402174611156806 1.81364883668721
248.086 1.41396120074205 0.374799489695579 1.27137866616249 0.407692303881049 1.07893638242967 0.358819560939446 1.76195043581538 0.431189112970605 1.57757277530618 0.442488759057596 1.99061183654703 0.449387447396293 1.72462520864792 0.45786044979468 1.76347896386869 0.413164443382993 1.41968149412423 0.425842800037935 1.72275285352953 0.323650215100497 1.82409771857783 0.303850603103638 1.08127563633025 0.381909671192989 1.89641387900338
307.644 1.02203133120202 0.49823146420531 1.97351554268971 0.316106495261192 1.2570404484868 0.406132783461362 1.55634311866015 0.335865888092667 1.3834245277103 0.486060806876048 1.78614904196002 0.326143314456567 1.97681526537053 0.428386555425823 1.93460337654687
309.721 1.66493231290951 0.318030716432258 1.90253344620578 0.42383651486598 1.31888714106753 0.300034669646993 1.37347030569799 0.459453871147707 1.22236953536049 0.474178693816066 1.23258934123442 0.391475129779428 1.59089572471566 0.441107598785311 1.68252012203448 0.463992154737934 1.90244720038027
332.718 1.63604052877054 0.447817557910457 1.44371070479974 0.307395830657333 1.04534651734866 0.34555811448954 1.60821651876904 0.319378528324887 1.96232143929228 0.401812607934698 1.57894031167962 0.399516776110977 1.88672156236134 0.425768429320306 1.77125625940971
337.621 1.81135402736254 0.499435427226126 1.87315489491448 0.389086728682742 1.33972181985155 0.464296528836712 1.80955571844243 0.357173181185499 1.91432244912721 0.478056837525219 1.24408403015696 0.475438673328608 1.58417698601261 0.381883957609534 1.97358160302974 0.410183304734528 1.1139147435315 0.321758292010054 1.67047014157288 0.371651285514235 1.26133731147274 0.313530788570642 1.19471369800158
350.016 1.6967765588779 0.429857207275927 1.96885636774823 0.383694189973176 1.34973986283876 0.307650605542585 1.97251362516545 0.34301711525768 1.73021259577945 0.378940875502303 1.09880644804798 0.385497742565349 1.52099616522901 0.366010906826705 1.8712806655094 0.314687558915466 1.33597423508763 0.379823919199407 1.62317896913737
383.974 1.56612370954826 0.367613839171827 1.23661587084644 0.318490946944803 1.14287432935089 0.422482797410339 1.40061235288158 0.462109474278986 1.58395708631724 0.369554504798725 1.52683113934472 0.456894295942038 1.96249466342852 0.40238884515129 1.39851226215251 0.375592375406995 1.81910054688342
394.393 1.17041915026493 0.421349522937089 1.77599009289406 0.305260652722791 1.74282632954419 0.401813245983794 1.84445643797517 0.376144193438813 1.33771031885408 0.368507003737614 1.85425065900199 0.473301909770817 1.16979664820246 0.443147354479879 1.71021048724651
425.323 1.61921427189372 0.470188578823581 1.07933795801364 0.491636486677453 1.53659082949162 0.332210308453068 1.11641394533217 0.321997573738918 1.10439309175126 0.395125091029331 1.42147274315357 0.387896540388465 1.47074920986779 0.368099973862991 1.30603299522772 0.444757063221186 1.478564808378
427.659 1.10278189205565 0.459994300315157 1.14515200816095 0.497676815185696 1.35951777896844 0.450069557595998 1.55166488466784 0.318816550401971 1.56775538763031 0.344855252234265 1.24089230573736 0.358326040999964 1.42745248414576 0.354083040449768 1.45452360389754 0.46106134140864 1.34391357097775 0.304724469361827 1.74751008977182 0.479909073468298 1.80726823909208
432.986 1.94198353704996 0.41315714661032 1.45241496386006 0.383510218793526 1.13666143384762 0.448824744625017 1.82587343244813 0.471899426495656 1.60014442540705 0.460255784541369 1.1613576062955 0.357937187468633 1.02060333429836 0.342700516944751 1.96209866553545 0.311975979339331 1.18220876948908 0.407548268418759 1.79953623237088 0.386726078996435 1.24554177676328 0.471707813767716 1.39163680467755 0.350098244985566 1.90000291564502
440.138 1.84406922268681 0.324152706796303 1.65513910888694 0.389904034510255 1.77833322971128 0.470315634924918 1.20677088899538 0.420946868881583 1.68567297351547 0.319624131871387 1.71730883722194 0.330466591566801 1.72235798113979 0.392856283951551 1.70672743930481 0.455951163824648 1.2706774729304 0.355039135646075 1.13361588260159 0.486328159132972 1.9275077835191 0.459712292533368 1.49461954389699 0.441898775659502 1.91844521020539 0.309070331929252 1.20031064422801 0.312695205630735 1.27455701306462
450.052 1.47226851945743 0.300093509117141 1.58125227224082 0.386233232775703 1.68240564363077 0.385111597646028 1.52480456535704 0.462412786623463 1.26571255433373 0.318009755481034 1.44670524122193 0.435147619294003 1.10144316637889 0.310611085267738 1.0320081859827 0.324632537458092 1.45134280039929 0.4545559566468 1.42901365784928 0.334499483974651 1.2546467219945 0.486242763744667 1.70825940812938
475.205 1.79229714698158 0.300516694737598 1.08058879314922 0.463379265461117 1.40914513589814 0.339119151281193 1.02001855755225 0.410515563422814 1.93291500187479 0.46797100584954 1.80210186284967 0.441080864425749 1.26217918726616 0.400158848287538 1.81357578653842 0.388410343043506 1.32645733444951
477.747 1.99228375754319 0.393762872181833 1.75733360974118 0.310847790865228 1.89438930270262 0.381653141509742 1.48585500079207 0.466601072205231 1.80585916386917 0.385376354167238 1.791827066103 0.326144404755905 1.81448646681383 0.31074160062708 1.75066769961268 0.412426516786218 1.55562322796322 0.488511940930039 1.55787257035263
485.757 1.68982645333745 0.315886452561244 1.79546284070238 0.31339466245845 1.44216964417137 0.463216574769467 1.25668155145831 0.311693360190839 1.78936058515683 0.320777043933049 1.67900267220102 0.328250542934984 1.92636605608277 0.341289664525539 1.03143441467546 0.454242105036974 1.90801201667637
507.132 1.76623307005502 0.329278122866526 1.66776446858421 0.32099853605032 1.9142015860416 0.482788714347407 1.81091968505643 0.350395995052531 1.85933154309168 0.391080674761906 1.53197513497435 0.397304121498019 1.52115502604283 0.318431025370955 1.22938557947055 0.482174656167626 1.19420106033795 0.376576692285016 1.5732700440567 0.402182842325419 1.50540212262422 0.426944919768721 1.47035035351291 0.497007224382833 1.46888639987446 0.403762938641012 1.93622455280274 0.378608769271523 1.34204123704694
539.797 1.64495574939065 0.349522882141173 1.08543913648464 0.302219604235142 1.51259700488299 0.361289644567296 1.93118965532631 0.465760389249772 1.9113471370656 0.33306834064424 1.22340902267024 0.438778731739148 1.8272164305672 0.487774083018303 1.90353738819249 0.326061092410237 1.79777835588902 0.331712659541517 1.81032672780566 0.361731075402349 1.31416635168716
554.054 1.38205757411197 0.307623482169583 1.22238645935431 0.472207850310951 1.77333560609259 0.349718215456232 1.97801299160346 0.483801894029602 1.83171126223169 0.359360357373953 1.93275446793996 0.477830889588222 1.21181246591732 0.367974300449714 1.68190417881124 0.336710232542828 1.91352196782827 0.445539067592472 1.39795319433324 0.394122296618298 1.26986982207745 0.335061545809731 1.29771711863577 0.350628082500771 1.75884263613261 0.370356355234981 1.20526637905277 0.47990889470093 1.74225787888281
610.296 1.19717845879495 0.355970177194104 1.18891410529613 0.497309397859499 1.99602148472331 0.344008863950148 1.2461505245883 0.469943435490131 1.33501635026187 0.489158248296008 1.61295462632552 0.494511570595205 1.2388358276803 0.347061469312757 1.99679820262827 0.483440375002101 1.26710630953312 0.451699986122549 1.77103202277794 0.365896630194038 1.68075161869638
626.776 1.00690818647854 0.41089274501428 1.37410984165035 0.45151602877304 1.51420448115095 0.428428964782506 1.53621340217069 0.435021054977551 1.36266542156227 0.450626905215904 1.46090476587415 0.471883347909898 1.71361628593877 0.42742183865048 1.10212384117767 0.416923388885334 1.42879652394913
626.785 1.15386327565648 0.338928596302867 1.11149744363502 0.414399668620899 1.19305366766639 0.317138347448781 1.07212221971713 0.315968997729942 1.67975571542047 0.362436657957733 1.7118046078831 0.33814999749884 1.31753176660277 0.391260239295661 1.59578072093427 0.480552366329357 1.72185359033756 0.442530316114426 1.44180262321606 0.431777824647725 1.7415858944878 0.395088533265516 1.47690571215935 0.455352688999847 1.01870431634597 0.425097669009119 1.6024551934097
666.998 1.44392849691212 0.378560448996723 1.11945590283722 0.374538438767195 1.19946786458604 0.413666776940227 1.11885690502822 0.486747473385185 1.80866162362508 0.448049020860344 1.09389839507639 0.366535680182278 1.96585122961551 0.399744595075026 1.95363451167941 0.310755406646058 1.38519439101219 0.344988413434476 1.59914302360266 0.369140406511724 1.70048079662956 0.386438550520688 1.73819864168763
690.365 1.71399483829737 0.375295675732195 1.54227725579403 0.451708367140964 1.5353553253226 0.421672430541366 1.68606513272971 0.44582335758023 1.42935527232476 0.475127654708922 1.91900886851363 0.432501092273742 1.29363482538611 0.421091058291495 1.07926199678332 0.499258199892938 1.33010302111506 0.488093563914299 1.26900411699899 0.31748344860971 1.44013560097665 0.395496549876407 1.7656603991054 0.363219480216503 1.07058886135928 0.413439183169976 1.54115475248545
696.051 1.29276873427443 0.480045220209286 1.20872292132117 0.403826942294836 1.56221436616033 0.493203125428408 1.37078390060924 0.476691001700237 1.91466129664332 0.377691980544478 1.58898096042685 0.347062091529369 1.60308974352665 0.455825203936547 1.46837462880649 0.425263580167666 1.6566080939956 0.338141579832882 1.02803727705032
696.689 1.15239585167728 0.406160751404241 1.66851092805155 0.490641056001186 1.80883645638824 0.315611376659945 1.94058987707831
697.919 1.30560954916291 0.445791357988492 1.72710078419186 0.341205294476822 1.83793731871992 0.465568634914234 1.77259683306329 0.422921257792041 1.0465658174362 0.486292823357508 1.41419051168486 0.444271095236763 1.84675334906206 0.384301104443148 1.01145669375546 0.387956717098132 1.70166073041037
707.657 1.56690792483278 0.493397093797103 1.42130826716311 0.320331952581182 1.36076627951115 0.491362227732316 1.91518625011668 0.343342397594824 1.04900614288636 0.326930347271264 1.17644536867738 0.376044172700495 1.54260837030597 0.366045904671773 1.12483200640418 0.461454878654331 1.5207727663219 0.45433211219497 1.88361761020496 0.302907100552693 1.96787604945712
743.94 1.13519689650275 0.331352532282472 1.19100426370278 0.384158240724355 1.58651644363999 0.425704854913056 1.22533671604469 0.340695533389226 1.72703654388897 0.389188430644572 1.5432977785822 0.444407274015248 1.90825710771605 0.496884994301945 1.00069637969136 0.46267568282783 1.80629587639123 0.412101938715205 1.43678864021786
753.388 1.97089711599983 0.431044579856098 1.37790968874469 0.370313458237797 1.49739885842428 0.445727262692526 1.72582625690848 0.316750915255398 1.58643777691759 0.354228451428935 1.55166697641835 0.476422882638872 1.58952538506128 0.352856227057055 1.06851277733222 0.374817019887269 1.52590165450238 0.40690008806996 1.64001413667575 0.354174370272085 1.36708424892277 0.440243015857413 1.35428623971529
776.091 1.52409536927007 0.408508872333914 1.46654415270314 0.435557583719492 1.7002698383294 0.437714468082413 1.16489401133731 0.314954293100163 1.38836812390946 0.430963913816959 1.69255647039972 0.388344284007326 1.25723557523452 0.428193341614678 1.81949062366039 0.301723622763529 1.0182998678647 0.451298620644957 1.2890343349427 0.359918310213834 1.61734623857774 0.315815661754459 1.93271615938284 0.344257411593571 1.64479837846011 0.30305863795802 1.76992043410428
776.205 1.06630183104426 0.445104694319889 1.65353784454055 0.354158463142812 1.16992662544362 0.418283184058964 1.20621083932929 0.391168920462951 1.50214343704283 0.417345788981765 1.58556249993853 0.48580284952186 1.49930978077464 0.339620652282611 1.41440349561162 0.430915394192562 1.32206072844565 0.382333851791918 1.29033918282948
782.931 1.09158306079917 0.416896797530353 1.83646968775429 0.481826901296154 1.0747800830286 0.318475816678256 1.84422665159218 0.493819642625749 1.36651227041148 0.466554153524339 1.4519106503576 0.413955877348781 1.624887263868 0.457132865348831 1.25508377677761
798.368 1.53556869132444 0.433202094770968 1.88722947146744 0.483925845194608 1.38937175390311 0.386065346933901 1.64062750013545 0.393287839042023 1.3936057810206 0.498039579903707 1.00686372001655 0.464528313931078 1.0731426756829 0.450563935143873 1.23691437020898 0.331910455739126 1.12516177794896 0.476379057625309 1.42448768950999 0.336955178389326 1.84992471849546 0.471373204095289 1.57211067969911 0.460227144183591 1.47954738233238 0.444094231072813 1.62419423670508
802.795 1.74968308932148 0.388784579560161 1.08619433594868 0.358611013460904 1.61641802638769 0.32017388115637 1.78996780933812 0.425352002028376 1.71786477300338
831.344 1.56353815807961 0.394385103369132 1.78968607238494 0.316113714221865 1.77288545132615 0.305530420225114 1.03486591344699 0.338078058091924 1.99034422752447 0.385165847279131 1.26110379002057 0.458098264923319 1.59564985497855 0.415998121676967 1.89638333581388
859.479 1.16611744253896 0.356757955346256 1.34385676542297 0.368373597972095 1.45850726193748 0.427898667566478 1.72518660128117 0.360973352333531 1.59976865630597 0.398942663613707 1.02829063497484 0.401952757360414 1.64559249812737
859.76 1.17167153884657 0.327472838619724 1.1805134776514 0.332527731545269 1.17601479729638 0.349626115942374 1.47280118428171 0.453236629348248 1.14436707110144 0.464718804461882 1.82489446224645 0.397964846575633 1.33076859102584 0.41652295277454 1.65726916445419
860.363 1.69091991358437 0.327830054890364 1.2953375549987 0.47120372527279 1.01726129837334 0.435755040682852 1.02763913245872 0.459756870940328 1.3498947545886 0.332078335387632 1.19924928946421 0.387893218453974 1.9903130393941 0.480054424004629 1.41786494851112 0.46310107591562 1.34957594820298 0.437854904355481 1.76644546398893 0.3307962925639 1.26664373814128 0.461548730125651 1.02192169590853 0.424436559388414 1.82260586321354 0.358801173977554 1.74214466218837 0.341119017079473 1.37844790471718
890.12 1.44437732896768 0.485579816251993 1.97197223152034 0.392020159401 1.62245206534863 0.340745940431952 1.68040945730172 0.455426355125383 1.74382249754854 0.435913325101137 1.52247968222946 0.36655736900866 1.57841164665297 0.306507003586739 1.47295481176116 0.49520192919299 1.22727252193727
896.344 1.49471238511615 0.35007535899058 1.4494285332039 0.468762434879318 1.73877336201258 0.357358138589188 1.11790966242552 0.392195418523625 1.5202257737983 0.418451323034242 1.48331536212936 0.303054480999708 1.72929883003235 0.311567055527121 1.7084821513854 0.444260570779443 1.19291083561257 0.384765641018748 1.2467605562415 0.46618168419227 1.4708253426943
900.27 1.85002040094696 0.391665766108781 1.30087585584261 0.499381668586284 1.56533655035309 0.3630243439693 1.15010726172477 0.302480940893292 1.7644690212328 0.373504112754017 1.30271756299771 0.466682780534029 1.59619338414632 0.351981829060242 1.57444175495766 0.330957738263533 1.32691748510115 0.473667870927602 1.31595784612 0.306513504358009 1.64013404608704 0.455709126219153 1.70237623620778
904.213 1.46657848870382 0.447549152048305 1.41101054102182 0.336536677042022 1.09219806711189 0.359741284465417 1.73046497255564 0.474211150221527 1.51075220480561 0.353888163948432 1.93316572718322 0.413788558635861 1.96844490990043 0.456714084371924 1.59186986251734 0.450500585092232 1.0916835332755 0.366317581525072 1.25383197329938 0.401095425942913 1.31569337891415 0.377121298480779 1.09253651159815
939.29 1.36216661008075 0.314432927919552 1.59290705947205 0.303797003114596 1.73853503912687 0.33066450515762 1.8407010755036 0.410172145627439 1.01852190447971 0.380248641083017 1.07979227299802 0.429367448296398 1.86334468377754 0.386678622104228 1.45847109030001 0.355887745972723 1.541569391964 0.300896581029519 1.56050622975454 0.306642991444096 1.85496677644551 0.355414570262656 1.38720381259918 0.334953229967505 1.35938642523251 0.477060903888196 1.52107027661987
990.91 1.81641909107566 0.394425251428038 1.17854466708377 0.335417235828936 1.22317496081814 0.310063251201063 1.14149965695105 0.432663855096325 1.72537142992951 0.321184404660016 1.02232038741931 0.443465139903128 1.59212418668903 0.369808180024847 1.01164435502142 0.35258732913062 1.19585939543322 0.322332330420613 1.79045955627225 0.309599386481568 1.2342803759966 0.40974509390071 1.06726727355272 0.418663882790133 1.37123537156731
