# Using the following values to generate the workload:# num_procs = 50
# mean_io_bursts = 10
# mean_iat = 25
# min_CPU = 2
# max_CPU = 10
# min_IO = 1.3
# max_IO = 2.5
9.69634 5.15382621996105 1.33093491122127 4.63854753039777 1.35854895627126 7.61764205992222 1.92044893465936 7.64094877615571 1.91698246421292 9.62984434142709 1.62471131542698 9.89154750481248 2.11415295060724 9.55455309152603 2.32422734536231 9.16343711316586 2.19014164526016 7.75129502266645 2.0491619348526 6.08886309154332 1.92399218585342 9.42189328558743
94.5718 3.48779663443565 2.46752412477508 6.4544967059046 1.84099757298827 7.78048098087311 1.78985695457086 5.37418069504201 1.79490109616891 3.24406462348998 2.19631991032511 3.71870749630034 2.06753153670579 5.05017028562725
102.57 4.66684678010643 1.3129350583069 8.1746510323137 2.02276192577556 8.85762234777212 1.91590043930337 7.45961956866086 1.99184633260593 3.1561874281615 1.36447024811059 6.55363918282092 2.2499182430096 7.12561178952456 1.35606292318553 2.13046364672482 2.36380950594321 2.13688675127923 1.80563819538802 5.69808616489172 2.159765878506 5.00426158681512 1.37044182270765 7.93219824321568 2.02283288836479 6.86971669271588 1.75741500034928 9.39452585764229
122.623 7.05269557982683 1.83932592533529 3.14750508777797 1.86295860828832 7.33812667429447 1.83637800887227 6.60368683561683 1.32325699627399 5.55102499574423 1.99623821154237 3.33901757746935 2.12384880790487 4.0907521340996 2.48861857522279 9.29158468917012 1.6577522745356 3.79334644787014 2.10691369166598 3.64856410771608 1.38405707105994 3.70248512737453 2.33271507089958 7.95050402916968 2.13923369562253 7.3392861392349 2.17684779819101 9.88186505809426
123.09 6.60966579243541 1.51769329719245 3.13684399612248 2.32299449956045 6.36629613116384 2.27189200120047 7.02711804583669 1.53655177019537 3.95438386127353 2.47017634473741 5.2963319029659 1.77857319964096 4.40516955778003 1.96767369136214 2.47824513353407 1.90027548661456 5.19136107154191 2.19442215245217 6.15459305420518 2.29698162181303 5.69868330284953
124.47 9.04011751897633 1.38031198643148 2.94233175180852 1.65244341846555 8.37384449504316 2.08697948716581 8.94248009845614 1.51726108938456 6.37527909316123 1.7331474843435 4.37539103254676 2.26567906327546 3.9010993540287 2.34523241482675 8.05922874994576
147.16 5.82517715543509 2.25701442928985 8.26159428060055 2.00583001365885 4.61092965863645 1.35616796351969 2.16322522982955 2.1831239733845 7.44347519241273 1.78317535314709 9.48214989341795 2.35919177886099 8.60379223898053 1.69178771991283 5.54552922211587 2.44841314693913 8.27886136993766 2.38006799025461 5.8496953882277 1.99810281060636 2.2139222510159
222.971 9.87475584819913 1.77171201147139 2.0797854680568 2.06958742896095 9.04908787086606 1.57040854860097 4.28662192076445 2.06836660252884 4.26466231793165 2.03945080628619 3.31354499608278 2.08134538671002 5.38217157684267 1.7766155153513 6.71726425364614 1.42306632883847 7.4400079343468 1.70864092735574 8.76696870662272 1.63093927623704 7.77029040642083 2.18552699098364 3.1271549295634
250.943 6.757318822667 2.32550401287153 3.18127822875977 1.95520057203248 2.77841660939157 1.8368191392161 4.46851923689246 2.11418852759525 4.40042006038129 1.91887066308409 9.06144827790558
305.932 9.78541903011501 2.36918220557272 6.25853899307549 1.34429600071162 5.34976554103196 1.84619076801464 5.29400017857552 1.46048647556454 7.38693659752607 2.06944597288966 5.51066310331225 1.71519441334531 8.73747242055833 1.79870028402656 9.33801937475801 1.79668159009889 9.12686550430954 2.0433080997318 2.67016832157969 1.87447775555775 3.92438486963511 1.38519859351218 4.37208385206759 2.00183153906837 2.32326210662723 1.74562966143712 4.16800305992365
334.71 2.58326707221568 2.30497980341315 8.38776251487434 2.01994020193815 2.15266485325992 1.6844432043843 5.55596809834242 2.00530867073685 9.32534252107143 1.48053101077676 4.9469893258065 1.57149202050641 8.25313530303538 1.9377665149048 2.29627825506032 1.92349101258442 6.81970315985382 1.92066443478689 7.1009143460542 1.67638316489756 4.14423826895654 2.06841193353757 6.92575757205486 1.54090494988486 6.03743664361537 2.42466651536524 2.06991358660161 1.77263928130269 8.14282660745084
406.379 4.14635542035103 2.16497411876917 6.85203683562577 1.7933898800984 4.73502752371132 1.35567622072995 2.75181083008647 1.39165631430224 2.28306847438216 1.62856407174841 7.75770850293338 2.46972410781309 3.55784244649112 1.92275435533375 5.16512659005821 1.57506431555375 6.16777676902711 1.7044928399846 4.88882969878614 1.43005669442937 3.55066404677927
475.25 6.30736623518169 1.35455926759169 7.8648706395179 2.42186130918562 6.82731950283051 1.85542898653075 3.10822249576449 2.39560964694247 7.83595756813884 1.94030367368832 8.26551013998687 1.44811022588983 5.38032884523273 1.65928104063496 7.48122521676123 1.31315837539732 3.57687029987574
480.219 9.17655017599463 2.13341990336776 9.79886963218451 2.29777157232165 2.53336540423334 2.27744265366346 5.29987782239914 1.6849821194075 4.90386616811156 2.40055651096627 9.23963526263833 1.9935577406548 7.68372986838222 2.48412606511265 8.36942817829549 1.96507686907426 2.14510061591864 2.25339332362637 6.56908408738673
483.919 4.16024604626 1.36085288692266 7.44747720845044 1.59532731920481 2.31791744939983 1.88955567451194 3.76041408255696 1.69389402205125 8.24864251352847 1.5409162523225 6.02221190184355 1.58850056445226 3.5432146936655 2.4475326587446 5.77638242207468 2.12830935278907 9.71159869432449 2.15397146297619 3.77637941390276
504.406 4.59220083802938 1.33483042027801 5.34180659614503 2.02994695017114 8.0430931225419 2.43646203186363 8.78408498130739 2.11910715578124 6.57482018880546 2.16201461069286 8.51856277696788 1.51500951126218 4.12911479175091 1.56223660763353 9.76924079842865 1.8152655582875 7.73404232226312 2.43018933515996 4.2789154574275 1.83236682508141 6.44973084703088 2.01353634912521 9.16548962146044 2.4207426475361 9.6481933388859 2.28843151591718 5.53914916329086 1.87683486128226 6.20083331130445 2.07951769120991 9.73742241039872 1.3597302544862 2.45186823233962
553.856 9.04846703633666 1.89932945221663 4.32713135331869 1.46215191083029 3.69069581106305 1.86464202692732 6.7273021209985 1.9604847942479 5.46477940864861 1.65936218611896 5.86028656363487 2.32073169918731 9.08643199503422 1.3169961518608 4.54626107960939 2.45445668771863 8.77362328022718 2.13516673333943 4.12477952241898 2.28160569127649 7.93859877251089 1.36323511041701 3.75630441680551 1.98353113876656 2.76992553845048 1.49413070706651 6.11284570768476
567.816 2.02656139805913 2.49996741060168 8.83622945845127 2.27003696197644 3.59819260984659 1.48264982290566 3.30865469761193 2.29089224739 8.50108430162072 2.28227867763489 2.93248669616878 1.95158433010802 9.8656064812094 2.45146885355935 8.29228653199971 2.16094686547294 4.24991257488728 1.58328097676858 5.87198718450963 1.75513356477022 3.4898666087538 2.39660657625645 5.79714140295982
573.484 5.98120952770114 1.896493170131 6.44774628616869 1.45416616015136 9.31735488213599 2.11859318334609 7.51683728769422 2.10385936889797 2.58995442837477 2.07923311665654 6.7720144148916 1.98955925656483 9.78680590353906 1.98600826747715 2.40394416637719 1.34173519685864 2.0260484367609 2.1375770971179 2.62264797277749
576.373 6.6216214299202 1.94130465621129 6.51018149964511 1.49267985718325 8.55191788636148 1.80724468687549 5.94398527406156 1.47669044677168 4.47196410410106 1.7438573596999 8.7881863694638 2.0801931289956 4.06315462104976 1.8775067887269 3.46563925221562
584.492 3.34167172759771 1.7067932558246 8.16251313872635 2.26852351240814 4.65462856553495 2.33774769045413 4.96031009033322 1.94881111597642 9.23868438974023 2.02236376944929 2.49897837638855 1.39000142486766 2.81347876414657 1.40319634228945 7.83316383697093 1.82022571098059 8.97147916071117 2.14473614292219 9.540353666991 1.59642178313807 2.71942850388587 2.27659290330485 7.10269430652261 2.33855461291969 8.90905834548175 2.46487149102613 4.41856795176864
588.196 4.01350754871964 2.15318428128958 2.73572916351259 1.71347785238177 5.49419522285461 1.9125957689248 4.4079759940505 2.45262750107795 2.22283005155623 2.37413289565593 9.73598293960094 1.97060543466359 5.60886801406741 1.60449773091823 8.29869900643826 2.06752553079277 5.96000619605184 2.09595535490662 7.42631014995277 1.36991093363613 7.00236135348678
604.579 9.73683613538742 1.37279145400971 2.87875728309155 1.93767972420901 4.25726560875773 2.19948999192566 6.73622395284474 2.00915968138725 5.61693799681962 1.97748057730496 2.96820011548698 1.83750835768878 3.17921278625727 2.35149419130757 9.23713450692594 2.43562501752749 2.17865787446499 1.55654755011201 5.01811758615077 1.39570257132873 4.28093769773841
618.115 3.46279358305037 1.85845226608217 4.90810822322965 1.91626618364826 6.87827012501657 2.49513369835913 5.00665686093271 1.89759810250253 2.35698946006596 1.38482463099062 6.0281889308244 1.90607621483505 7.61048566736281 1.74218763904646 7.53146696463227
626.84 9.02188362553716 1.6920294187963 3.13469737954438 2.3772894195281 4.6838466823101 2.1117326551117 5.05249040387571 1.9194091020152 2.76984482072294 2.45155050950125 4.64432131871581 1.85815815096721 3.36663977429271 1.80915912110358 9.59481281228364 1.87013258785009 4.03812766075134
631.836 7.91441729292274 2.0365016490221 8.09356961585581 1.72385322665796 6.29876894690096 2.25471547720954 7.49092626944184 2.03004881571978 6.38827826268971 1.50023292060941 3.63389595597982 1.79199710031971 2.43404041416943 2.49442024612799 6.89772986993194 1.68355032466352 2.33265529386699 2.43711993666366 9.77313469350338 1.9875936999917 2.80100645497441
637.304 9.15222625993192 2.29853812837973 4.39657536521554 1.60176769867539 7.89023865200579 2.4611514297314 2.0572217181325 2.22526899529621 9.76655687578022 2.28821552265435 6.1191303152591 2.23511470118538 6.108213795349
643.667 4.14526004903018 1.67112541440874 8.82016215659678 1.69606520654634 9.82784527912736 1.50169929210097 4.50513919442892 2.40284428466111 2.85490841418505 1.5614778039977 3.08911329507828 1.92495198473334 2.92941771633923 1.71306702094153 7.62212171033025 1.94483811762184 5.47957953810692 2.01927612526342 8.7094352953136
689.606 6.21881063655019 1.9202562039718 8.25341170839965 2.49047936918214 5.73374795541167 1.60970294419676 3.02848058007658 2.14773612804711 6.08571319840848 2.43261943608522 2.71036952733994 1.6069733123295 5.2234256118536 1.88800265509635 5.67083816230297 1.52945589991286 7.0551846511662 2.12508734697476 6.98482035845518 2.07089991234243 4.57533503510058
706.566 5.01334813423455 2.18905148459598 2.35931169241667 2.04191434653476 5.55916896276176 1.76195046911016 6.22771372832358 1.37139550419524 6.53534728847444 2.47922531999648 5.89865208230913
718.695 6.02807452529669 2.49781807772815 9.68595216982067 2.13125714017078 8.87351037934422 2.26296454817057 8.81687341444194 1.75895665585995 5.63940636441112 2.11608965639025 8.43153288215399 1.4970138669014 4.66373962722719 1.4174272316508 6.03829566575587 1.87415107702836 7.74367990344763 2.01160514689982 2.12369046732783 2.02553147617728 8.56403060816228 2.08469906495884 9.39324253238738
753.257 6.7574025709182 1.65254367133603 6.33427486009896 2.2915254057385 6.63559541665018 1.69204759914428 3.83001648634672 2.26532878186554 7.77548664808273 2.16103450385854 3.48054036870599 2.11874808734283 5.25746414624155 1.35653515486047 6.64200662076473 2.41845362214372 7.83278095535934 1.88527573365718 5.06625744327903 2.33975525768474 3.84659095853567 1.32372772926465 5.96717466972768 2.22872431864962 4.07903501577675 1.54604384917766 2.88759304396808 1.80094574252144 8.43647319078445 1.38895309297368 7.29104976914823
755.719 2.458207314834 1.67686810214072 8.69935772195458 2.07707347627729 2.8787817042321 2.47375017981976 3.14765393361449 2.36532326173037 8.0953984502703 1.60603938810527 2.29840938560665 2.1792411589995 2.70769914798439 1.5746239845641 2.86286430805922 2.36594192469493 9.32485134527087 1.80367284556851 7.1743448600173 1.766329727415 2.73640448413789 2.10798185681924 9.13119335472584 2.43251495538279 3.3646128680557 1.44233783017844 8.08377884700894 2.35469394428655 8.3522565625608
770.904 4.94394712895155 2.32318114303052 9.44726040400565 2.14799070293084 6.05679713748395 1.53402201961726 2.09200500696898 1.96515651196241 4.91059719584882 2.47339237872511 4.19505526684225 2.00063101500273 3.31476577371359 1.45467905411497 6.75093066506088 2.27473762128502 5.68183508329093 1.31737243728712 6.04982710257173 1.41353282034397 4.27329514920712 1.43359747128561 9.49407428130507 2.14225181806833 6.66574446670711 1.36236930564046 7.70745186135173 1.54514140794054 5.89598173648119 1.75805635172874 6.73469401896 2.16305060721934 4.0322467405349
787 2.97861937992275 2.17380599100143 2.19909080676734 2.39689356060699 8.42975068278611 2.22337610675022 9.17234096676111 1.87156891385093 2.30936302803457 1.4416866526939 3.76219083927572 2.30810155859217 4.01887442544103 1.86098299538717 4.4535171110183 1.38288936885074 7.47252793423831 1.81720845159143 7.2638733945787
798.876 2.59498230926692 2.37176007023081 2.36566262878478 1.37152448492125 7.47959960065782 1.78408073615283 2.2011496219784 1.91857741130516 6.29233883321285 1.83731180764735 5.07591664232314 2.11632034201175 4.49633111432195 2.2292055751197 6.82929857634008 1.92854589642957 6.64692318439484
850.586 8.82086313143373 1.40502353766933 9.56681616604328 1.48284974778071 4.02289529517293 2.48387080878019 2.64757723547518 1.66439830483869 7.60941593721509 1.8978301839903 7.72803516499698 2.07377794161439 7.98582880757749 1.44100128542632 2.30206094868481 2.19509569983929 7.69708485342562 1.3804322055541 2.03531329520047 2.43583686342463 2.26632605865598 1.32910447847098 5.82713322713971
854.042 4.59974654763937 2.34315314516425 3.68255505524576 1.36022518770769 4.64783001691103 1.81008594669402 6.74405787698925 2.14137117229402 9.07080200873315
980.764 4.79256903752685 2.47274245573208 6.55192349292338 2.42718495931476 3.43627895787358 2.12363593410701 7.14749664254487 1.58165098689497 3.97668647766113 2.2118839665316 6.88727840408683 2.33219459606335 9.88620074093342 1.48367408420891 8.61679438874125
996.83 5.2242519557476 2.25201334943995 9.08119404315948 2.27940183663741 2.52237834408879 1.86864084154367 9.93703946098685 1.64451427580789 5.35993759520352 1.30838112113997 8.87027564272285 2.39712648224086 7.35316779464483 2.27091044960544 5.52674224972725
1055.21 9.58498150110245 2.47837418550625 2.37489812262356 1.96902911467478 3.10428399778903 2.23168742312118 4.96814522519708 2.21388803236187 5.77746461518109 2.44107608404011 7.22655189223588 1.66165268365294 6.22363552264869 1.72671665186062 9.80313159152865 1.65376988006756 5.71786157414317 2.04888124307618 2.37400495074689 1.52892476972193 7.84165968000889
1070.71 6.20689636841416 1.54185696281493 8.35266532562673 2.18280692398548 7.44330219738185 1.8757877048105 7.24636653624475 1.63183843120933 2.16529976390302 1.61384940156713 8.37427842803299 2.18156462060288 5.71248774975538 1.69563306411728 2.73376393131912 1.79578762268648 5.51489546895027 2.39620284149423 8.20469009689987 2.41810109103099 6.56261597946286
1113.02 3.98085998371243 1.33552508614957 9.25980892032385 2.12296016858891 3.0463741607964 1.67844989942387 2.13888128660619 1.36494937166572 9.64768437109888 2.4621650471352 4.50087455660105 2.26613157261163 7.7535433396697 1.89602545183152 2.88888354413211 1.69197310470045 7.95289220660925 1.35192994615063 8.71810963749886 1.76892644576728 7.23795295134187 1.32467264188454 5.42002043128014 2.3891752817668 4.69674952328205 1.33244204446673 2.59262777678668 1.40138010820374 9.47097697481513 1.72088531963527 9.01605896651745
1147.5 2.79310854338109 2.49987621633336 5.02280025742948 2.40699033578858 5.85783570259809 1.77451108349487 2.31215495616198 2.19433014234528 2.97311731055379 2.31617853427306 6.95491329394281 1.55877120951191 6.19069491326809 1.56513216095045 3.23801852203906 1.8379279426299 8.02855645492673
1153.72 5.67913007922471 1.39771142266691 8.76631197333336 2.49422123068944 4.40820492431521 1.91165269473568 3.50035683438182 2.13102579656988 3.70398224703968 1.50586005877703 9.85627140104771 2.35565370041877 7.0054322835058 1.95521473828703 6.78826929070055 1.80108065791428 7.39877810701728 2.34523610509932 3.5090685877949 1.40555094992742 7.68437493406236 1.70194465564564 8.48361710458994 1.72178288148716 5.92648334614933 2.4724004548043 7.71189362742007 1.38798280889168 7.46568517573178 2.45246639866382 8.9961693957448 1.9134238618426 7.467643937096
1250.15 7.49016673862934 2.25064956909046 7.88712270371616 2.0471667275764 4.23730815015733 1.73379063308239 9.35820845142007 1.72972593642771 3.88286296464503 2.31651023523882 6.71904223412275 2.2441207353957 9.16734690032899 2.44725364698097 7.57061615213752 2.03260694183409 3.46338627114892 2.3052591169253 7.67682760022581 1.99027859568596 2.602972606197 2.12119103353471 3.08490283414721 1.92871726360172 5.05447829142213 2.31269484404474 2.08545580133796
1284.17 5.34979498200119 2.31035233372822 4.77397542074323 1.75863050902262 2.73680648952723 2.45873300451785 9.52986127324402 2.4669674968347 7.87278810329735 1.87957271691412 2.77290699444711 2.35337778432295 5.31756049580872 1.53432297632098 5.53689964301884 1.53669179575518 3.22831096127629 1.68521635923535 8.77199853211641
1294.04 9.02635518088937 2.17654250664636 6.43308899365366 2.01759793413803 4.8616856560111 1.45432759867981 5.46386313065886 1.32151327822357 2.45937722176313 2.42098402930424 5.57890013232827 2.3385991496034 8.98833887651563 2.21112836925313 8.83848862536252 2.37440784806386 2.01627535000443 2.45500312969089 4.11847646534443 1.39583047190681 8.83086100406945 2.08431213200092 6.35431785322726 1.36685051415116 8.15784495696425 1.74803289333358 6.92138635925949 1.35439319303259 5.05386712215841 2.18177187824622 2.3134597837925
1304.59 4.20104258134961 1.35106882210821 5.35775424912572 2.07849676478654 9.78952063247561 1.34719488304108 4.22593509219587 1.4005836494267 7.12011753022671 1.62946281265467 2.83840229175985 1.61872267220169 2.12709275260568 1.99539153622463 5.15783335454762 2.17043614909053 3.55907160975039 1.69349569808692 3.56071790121496 2.0787439532578 3.38361671753228
1326.4 7.08585487864912 1.68009791346267 3.05557939969003 1.97041735956445 7.55923119559884 2.1489678283222 5.6079787928611 2.3458755588159 3.62915118597448 2.31513541284949 2.06183841265738 2.24805311197415 7.56572749465704 2.25492772012949 8.89672277122736 2.05048954477534 5.35539122112095 1.94190432578325 8.54089932329953 2.2938972717151 6.86009191162884 2.48237120164558 6.26782496459782
