# Using the following values to generate the workload:# num_procs = 50
# mean_io_bursts = 10
# mean_iat = 25
# min_CPU = 2
# max_CPU = 10
# min_IO = 1.3
# max_IO = 2.5
1.95802 8.65839201956987 2.15737987477332 9.39158909954131 2.1490816866979 3.1038961969316 2.21646386971697 4.48701023869216 1.79388193916529 6.88164665922523 1.72552217058837 2.54642681777477 2.07585024647415 4.64619287289679 1.48642307296395 6.73364885151386 1.49215980954468 8.42683522589505 2.49596230089664 5.65312737599015 1.9057250787504 7.80287951044738 2.1412394490093 6.12631989456713 2.34688795274124 8.71136393025517
8.45811 3.73534467071295 2.21502480059862 6.18662657216191 1.81654506893829 3.97692541219294 2.44517248971388 2.78395687416196 2.45409443583339 3.83783721551299 1.43983591953292 7.64509124681354 2.34639372890815 8.49233261495829 1.6937464332208 9.27611922472715 2.48249642169103 4.16990231536329 1.42858563913032 7.94277186691761
14.2395 2.14853938668966 2.4469172719866 2.63454006426036 1.65646749222651 7.06605997122824 1.39973154598847 4.58838536404073 1.821570645459 9.83554658666253 1.7382886422798 7.15405435301363 2.2113809757866 2.33050227351487 2.25915913507342 9.72195572964847 1.70499370954931 4.97794844955206 1.34400223372504 2.97450632788241 1.45144163453951 5.0352406706661 2.23810316091403 8.64175964519382
16.7638 3.83203490637243 1.35978226000443 3.48125478252769 2.14577160663903 8.56181442923844 1.77316327430308 7.56042359024286 1.56018175249919 5.84602828323841 2.33855927661061 3.06113586388528 1.4097819882445 3.91921212151647 1.3470862085931 9.82372458651662 1.97657149005681 3.21009529009461 2.32817758964375 5.78442724980414 1.36626811157912 6.61277867667377 1.66868695979938 2.31657676026225 1.72192709855735 8.06986977532506
26.0343 4.48609910905361 1.32185728885233 5.89850492216647 2.12704266617075 7.93433647975326 2.44675005860627 6.46220160834491 1.68891059113666 7.63776902481914 2.3574111382477 3.67679613642395 1.72181978644803 6.31824002973735 1.40614379104227 6.37639449723065 2.33895189361647 8.30147261731327 1.80721079744399 7.91833987645805 1.54137014131993 2.73445188812912 2.14641377162188 6.34690897911787
39.2493 9.76395385526121 1.88489506281912 6.66064324788749 1.75329844234511 5.90794166922569 2.13301684027538 9.02461847290397 1.5861241068691 7.07453231886029 2.33268550233915 2.08271972648799 2.09169381568208 2.9812624938786 1.3463860061951 7.2230842076242
66.7924 3.72675723209977 2.47185492059216 2.41486856527627 1.82389235859737 8.34873748756945 2.29409920237958 5.574870724231 2.03932175263762 3.04357164166868 1.34524133633822 5.41321963071823 2.33546194210649 3.67529847100377 2.08785794246942 4.83285353891551 1.71349719893187 4.00499223917723
72.1061 3.9793934058398 1.62989511098713 4.15237835235894 1.61435050275177 6.72750465199351 1.44450456891209 3.77797342278063 1.81170840486884 2.3645618353039 2.26613146448508 5.92814616300166 1.78238684348762 3.47432347014546 1.66271746754646 2.42013009265065
112.268 5.16773396357894 1.36071520186961 5.44077357277274 2.30007279030979 5.79846666753292 1.90219365749508 6.93659595772624 2.24189657503739 4.60325627960265 1.98724563643336 5.22968457452953 1.98756394311786 7.8423463627696 2.30714518120512 7.79472399689257 1.73636670708656 2.01134759001434 2.09986043302342 9.95555518753827
114.52 4.91939514130354 1.52943270942196 3.46451282687485 2.19453403940424 5.05290267243981 1.61727687800303 2.79490733332932 1.49656637301669 6.72240858152509 2.43670243825763 8.09856529906392 1.89838428702205 6.16270946338773 2.28174925874919 3.67477644793689 2.27303115101531 5.37205663323402 1.64622657541186 2.94561107084155 2.04676016727462 6.47096424177289 1.71882016453892 8.74778578802943
164.057 6.92250143364072 1.94492592168972 2.75484091416001 1.63106896691024 4.66444963030517 2.46814133068547 7.66600503213704 2.49150343239307 4.10264528170228 1.65315557513386 8.84503498673439 2.14121792428195 9.36100620217621 1.6902261344716 2.29943624511361 1.56656494336203 6.05392015166581 2.00400191415101 2.06130643188953 2.32135024005547 4.87469875812531 1.31485232226551 9.5881734918803 2.12666504411027 2.33844680711627
200.566 3.30756468698382 2.21859035547823 9.37680932506919 1.41619237056002 6.1374357752502 1.4565298769623 2.78464684821665 2.30159619897604 8.90254660695791 1.62757562827319 7.65289264544845 2.35398060297593 2.93321520090103 1.6238752219826 3.27525693550706 2.45688220346346 7.00582597404718 2.26894273106009 2.76880897209048 1.9036070721224 6.90035520680249 1.42969171088189 5.12735310196877
230.627 7.20656413957477 1.75011999364942 8.12334598973393 2.05316469091922 9.93175181187689 1.42737677954137 9.43349380418658 1.58989466046914 7.20758909732103 1.6362164045684 7.10534509271383 2.21820510728285 4.80286387912929 2.16730170091614 9.93096646293998 1.59074312783778 8.0014992505312
234.288 2.72817316651344 2.03587290374562 8.68956436775625 2.20674885893241 3.77509251236916 1.82926907651126 6.07028073258698 1.80827192654833 4.47624334506691 1.97116838674992 8.04534717276692 2.09115477437153 9.37564489617944 2.02950999708846 7.64479707926512 2.46154994899407 4.74668370001018
301.896 4.82746136747301 1.95026434324682 4.19598640501499 1.75422893920913 4.77316892333329 1.30015850458294 5.80273719877005 1.98479310581461 4.11599185690284 1.80830550529063 8.03437052108347 1.42533979937434 3.45712324045599 1.5773317379877 4.76770788803697 2.15751908365637 2.39965398982167 1.83190842438489 3.8977672457695 2.36959363464266 5.86408374086022
374.497 2.2758225761354 2.29967478457838 5.19127600826323 2.30976352766156 2.15768565423787 1.58628892330453 9.15421795845032 2.09737657504156 7.645901421085 2.45895182918757 3.75924720428884 1.49501087674871 4.87593107298017
469.236 2.53997627459466 2.06309799971059 4.99273099377751 1.93709207708016 3.44299557805061 2.45507825361565 9.4495993014425 2.09974937671795 6.19211971201003
520.212 6.47654146887362 1.57548389350995 8.28484553471208 2.43399741621688 6.23616927489638 1.99567209612578 8.15052763745189 1.97064872998744 3.05821309611201 1.88113124072552 4.56089052371681 1.36485883453861 8.98054271936417 2.02557381791994 6.68011380732059 1.71902486626059 7.84213637933135 2.36336301984265 7.76654500886798 2.12291496107355 9.04104620404541 2.3995012964122 2.1426518522203 1.84058094350621 7.46707115322351 1.45371729610488 5.96001548878849 2.43668179949746 8.78864740766585 2.48661057995632 7.43168044649065 1.61334465788677 7.31948184780777 1.93865620084107 8.60366169176996 2.03827122105286 5.17684888467193
618.632 7.13867942430079 1.57570273885503 2.21253610402346 1.68329145321622 5.45423150993884 1.31960087241605 8.30093506164849 1.56618392718956 8.99515186063945 1.46498671071604 8.79884919524193 1.69427398433909 3.32499607466161 2.13126140488312 6.09758561104536 2.30015105074272 9.47612108662724 2.20159196201712 7.43869881518185 1.75027288012207 6.09626088105142 2.22716213865206 5.26773113384843 2.31850149827078 9.50721189007163 2.18850636417046 7.47580768354237
623.567 4.76738804392517 2.4983680261299 7.13483385369182 1.60254795076326 7.37602829933167 1.57269774582237 3.91889546625316 1.39171578167006 9.47832652181387 1.34932083096355 2.27403015084565 2.33211457319558 5.89474309422076 1.68332528313622 7.0326539222151 1.52552776541561 2.28089896589518 1.93974010050297 8.01675678789616 2.38688156418502 6.55083426833153
707.399 4.04767039045691 2.42555178012699 7.43184754624963 1.37621823307127 7.79918749257922 1.36122563630342 8.36011329479516 1.83882886506617 6.80977413244545 2.13587595997378 7.1783758867532 1.62095288038254 3.36527963355184 2.33826407799497 2.45789883472025 1.64477956192568 6.66497158817947 2.29997189650312 5.97021031752229
753.287 3.79527921788394 2.0420915575698 9.67011371254921 2.13243741746992 5.17095085792243 1.7730996995233 4.02853900007904 1.45499260462821 2.82446150481701 1.59366193842143 3.98170597292483 2.03917308449745 4.13813193887472 2.14423475507647 4.99602632038295 2.44019768964499 7.99440749548376 2.27508706450462 2.58355591632426
771.771 3.14083661325276 2.0295284923166 3.78580006025732 2.35245700990781 9.03362288698554 1.61213351590559 5.67002173885703 2.33420837903395 8.62261891178787 2.3208180129528 5.35485813394189 2.11840523313731 9.65211849659681 1.49932338716462 4.72175537794828 2.27572207190096 3.45613295212388 2.26743745049462 8.20541003532708 2.09045531181619 6.06017352454364 2.11364512965083 4.62160855904222
807.337 4.14111499674618 2.39182278858498 7.55203913711011 2.469309714064 3.20295989140868 2.23894074689597 9.9242754522711 2.33073238674551 2.88606615923345 1.40884962612763 9.16723361611366 1.38042993266135 4.32215262763202 1.35118009187281 6.87970902770758 2.15245246794075 7.51386218890548 1.594216732122 7.60113155841827 1.56596512766555 7.72887025028467 1.82372805932537 3.42464536242187 2.06456264117733 6.48320722952485
817.85 4.8445322625339 2.4228367280215 7.08740204945207 1.88818373410031 8.41579112969339 2.14451899714768 3.86281667277217 1.51633559679613 7.05707976035774 2.3254831360653 4.4907561223954 1.78229983374476 2.52236614190042 1.42974186260253 2.66372622549534 1.66820594305173 2.94237026758492 1.82226129220799 5.23793529719114 1.78867589384317 4.89898408390582 2.41247065709904 6.64214021153748 1.78332401374355 9.53048918955028 2.08181354925036 6.46342400833964
873.891 3.73170233517885 2.42959044119343 8.84049846045673 2.44485018011183 4.6847824268043 1.84933006176725 2.99561793915927 1.91037853956223 7.04902577772737 1.82677177954465 6.43137088604271 2.42906445357949 6.91613611765206 1.6237269371748 5.90133512578905 2.47578595997766 3.99247396551073 1.42735828654841 3.25331917963922 2.10504594324157 8.82091148383915
879.453 3.06030072830617 2.20064184870571 8.0234038233757 1.41896666372195 3.00748726911843 1.7726136315614 2.91811123676598 2.30726839797571 7.14684259332716 2.26511166151613 8.37298609502614 1.97292281324044 4.95728477649391 1.31002162024379 5.97137720696628 1.83810556381941 4.3402060251683
942.305 5.30087224207819 1.80398571742699 3.7743350751698 2.12216167049482 5.14546535350382 2.22233116729185 9.73052030988038 2.07395414514467 3.52426114864647 1.55740758394822 4.20360653288662 2.33683477379382 7.75210076756775 1.76443615658209 8.86267976462841 2.42034043604508 3.09602601826191 2.18122921762988 6.29104012064636 1.77479286491871 6.55562246590853 2.28056085044518 2.90067092329264 1.78406575992703 6.00974243506789 1.95616721557453 2.66350482404232 1.81599518368021 3.92369057424366 1.59433552855626 6.80133094638586
947.029 8.5789308026433 1.84124528616667 3.00191947631538 1.84933568071574 8.32065635919571 1.3549901840277 2.55499396473169 1.59710790952668 7.92920901626348 1.86076738182455 5.310512335971 2.24008103441447 2.67545236088336
959.849 2.88848386704922 1.42857656124979 8.32011989876628 1.8317390169017 7.97382511384785 1.71879666587338 2.23672305420041 2.2460449071601 7.30701037868857 2.25776940071955 4.40078265406191 1.70566211128607 2.12585287354887 2.00585831850767 4.0220643915236 2.31090508783236 6.85100902989507 1.61068244446069 8.79064290784299
985.453 6.28151239454746 2.28661320926622 2.76719226315618 2.40902044586837 9.10810051672161 2.208785374742 2.111458433792 2.06996823726222 5.81886657513678 1.75971842026338 9.05108447372913 2.43811373058707 8.62147308699787 1.64007827565074 9.23799335956573
1042.41 2.01686529815197 1.57717447532341 6.2363237272948 1.39052395438775 8.91501953825355 1.94985065525398 7.0375494454056 1.93355520814657 4.53844063915312 1.55618244530633 2.14939813874662 1.35163746746257 3.95463995449245 1.44540198352188 8.27104377746582 2.45244865864515 2.74777530133724 1.35929391300306 9.61279354058206 2.08766777552664 9.62972181476653 1.87325605014339 5.59800203517079
1044.31 5.47008531726897 2.32543341154233 2.39772462844849 1.85907250288874 8.50932156667113 2.38222413146868 7.43487668223679 2.43150706002489 6.13932055234909 1.43840642282739 8.213538877666 2.47980111930519 3.10517714545131 1.44681940050796 8.80691685900092 2.38101797197014 7.83235820196569
1054.27 9.20218254439533 1.95850058263168 5.72832057438791 1.73237917618826 9.57031928747892 1.79666765742004 8.67198690026999 1.3931279387325 6.26699883118272 2.04797465447336 3.78536711074412 2.24014463238418 3.30928571335971 2.34781821966171 7.3728551287204 1.88544839695096 3.5915078446269 1.85124709075317 4.30346867069602 1.61055398592725 3.95418577082455 1.32447757543996 8.39081179536879 2.28366983104497 5.19620777480304 1.38069858718663 5.6434042789042 1.62110210480168 5.53503970615566
1055.45 3.42938036844134 2.14023383548483 8.89039699546993 1.86197820529342 7.31203881278634 1.99000621512532 2.09242086857557 1.55972017701715 4.9734741654247 2.15592649467289 8.69905670918524 2.01943828603253 2.03829792514443 2.49627566114068 5.12762552127242 1.77556421654299 5.84226362779737 1.93060209434479 5.17112396284938 1.44791706437245 6.28327232040465 1.35181035706773 9.41573365591466 1.99633736666292 6.90062126331031
1055.59 3.74530723132193 2.13606507526711 6.45167850703001 2.25654672887176 9.29822535812855 1.73949269484729 3.84552638418972 2.01406177403405 6.77931682020426 2.22684631943703 2.61446145921946 2.04629851970822 8.6599632166326 1.92540038190782 8.76242073625326 2.24252371406183 4.64207037910819 2.2874039772898 8.97371486760676 1.30520713943988 6.64952930994332
1068.24 3.69585579633713 2.37035716092214 6.47397654876113 2.0462504349649 5.12068366445601 2.20402229903266 3.27326149120927 2.27893802179024 9.21231775730848 1.87917444128543 7.67059622332454 1.68298443248495 6.89857771992683
1082.18 4.60323316603899 2.1165636792779 3.07901476323605 1.90708668930456 4.48203976452351 1.54964945586398 8.95854242518544 1.93280260069296 8.70415982231498 2.14204729571939 5.31653325073421 1.39319788068533 2.15051016397774
1104.13 5.42768173851073 2.22302548279986 9.01318449527025 1.55523163769394 2.60404290445149 2.30634363573045 2.88387548923492 1.43703824449331 3.6628181990236 1.56452077040449 3.69939198903739 2.28441517557949 7.64229623042047 1.97757041286677 3.4282102547586 2.40917396824807 8.77452118322253
1130.07 8.37399242632091 1.78476211447269 4.59343458712101 2.23033311069012 3.75531115755439 1.92983839735389 7.59681607782841 2.38811429152265 5.66219860501587 1.79265771470964 8.03728933818638 1.55390555914491 7.05749976076186 2.27884400226176 6.84935798682272 2.32376564806327 8.40811743587255 2.38457296341658 3.69416844658554 1.79267659410834 4.90985365211964 1.51588776595891 3.95316520892084 2.15239206403494 7.27994294092059 1.88646741705015 9.47953731752932 1.70142943877727 7.99757727608085 1.49149900767952 2.28633187711239 1.40291818408296 8.21887016668916
1138.4 8.40678396075964 1.34100513532758 6.8468184620142 2.27519568447024 4.63214047066867 2.16591271562502 5.20501978136599 1.3452381436713 3.99154921621084
1183.48 7.60779149457812 1.49824057295918 9.44589607417583 1.76276149060577 3.31058876216412 2.27523643560708 9.5704544018954 1.71789411259815 5.86242862604558 2.4124671026133 7.71306786313653 1.50542604075745 2.34121843613684 1.86394032221287 2.31326863355935
1184.49 9.25319614633918 1.51301449816674 4.58656268008053 2.45793938273564 8.29600757546723 1.48910790998489 5.53691221028566 1.80935522019863 3.28643710911274 2.40420036623254 2.30722829326987 1.59707078607753 2.95652036368847 1.40602099336684 5.68095023743808 2.36855604471639 7.05638460814953 1.81280281096697 6.51570672541857 2.026634192653 2.66588663868606 1.68801569389179 9.08133833110332 1.48771590692922 5.26877216994762 2.27209905125201 9.34172417037189
1217.65 2.03104064241052 1.88792119473219 4.40039224177599 1.52376228570938 4.45901132933795 1.88601887598634 8.82830059528351 1.84158230377361 6.78609500452876 2.11754870014265 7.59423360042274 1.8490979257971 9.26674212887883 2.41402416797355 3.27218724228442 2.01000007754192 3.52420675754547 1.48753146762028 7.21912292763591 2.45725612547249 9.32921098172665
1258.85 4.01789719983935 1.96130393920466 5.21968974173069 1.39793163789436 7.29838471114635 2.30817104652524 3.772740483284 1.32776126731187 3.61834409460425 2.31311070965603 8.63520563207567 1.58499223422259 7.80107928067446
1322.55 9.73673184588552 2.48269097991288 9.30202376097441 1.4861605014652 2.52040626853704 2.31579608200118 4.59373135492206 1.42399493390694 6.23104925639927 2.0391750715673 3.06951515004039 1.63525382820517 6.36925693787634 1.81253066286445 5.64665905572474 1.62583949333057 3.59795418940485
1346.21 8.22154603898525 2.20298585239798 5.9648955706507 2.21058251820505 6.88878416083753 2.23483573384583 7.77146953344345 2.34360262556002 4.96795950457454 2.39848852558061 4.35567994043231 2.4857175652869 8.75057402066886 1.95080246645957 6.79189984127879 1.91074011782184 7.68562798760831 2.29574153153226 9.93247481621802 1.38335744393989 4.01019871793687 1.49711443269625 4.7478371988982
1385.95 6.15770531445742 2.4720962330699 9.93901933915913 2.17079950543121 2.77090862393379 2.28689075671136 2.06999168545008 1.9750067778863 9.01799885928631 1.83349432237446 9.22174881584942 2.19634565087035 5.42256804741919 1.3085092863068 6.55918866954744 1.31969582177699 9.83125139586627 2.49038600120693 3.03063496574759 1.99962585465983 4.15526248700917 1.92027813661844 5.0391415245831
1388.17 9.52169139310718 2.34786463249475 5.2229673191905 1.70327541129664 2.20007310248911 1.65521379364654 6.47640393674374 2.46511132270098 7.99842658825219 1.3962553310208 5.81826122105122 1.30190919414163 9.56008505262434 2.42630788115785 8.47712067142129 2.03908981615677 3.90082564391196 1.59458879083395 8.33970630913973 2.20038048615679 8.24162744358182 2.1927962183021 3.47687529958785
1437.62 5.31748699583113 1.92025562562048 6.97438366338611 1.78399133365601 2.2855602838099 1.99184970101342 7.64539046213031 1.77214647177607 6.1436861474067 2.29610701436177 6.67930636368692 2.45007990822196 7.48201440274715 1.35286154048517 5.32912686094642 1.99116138918325 5.24661483056843 2.08605659659952 5.48459807038307 1.71641774429008 9.52829071693122 2.04327660053968 7.27186692692339
