# Using the following values to generate the workload:# num_procs = 50
# mean_io_bursts = 10
# mean_iat = 25
# min_CPU = 2
# max_CPU = 10
# min_IO = 1.3
# max_IO = 2.5
20.9491 7.93378896266222 1.92769013568759 7.57913819886744 1.88067420208827 7.21941084600985 2.21004081815481 8.84808290936053 1.67054553674534 2.59200832992792 1.58419601740316 9.48895116150379 1.65278318477795 7.58288814686239 2.29726784033701 9.4607840180397 2.18285658145323 4.84303793124855
31.9993 2.93440629355609 1.70702185127884 9.75969030149281 2.20076914299279 4.4668877068907 2.07782854605466 8.66715132631361 1.57646739725023 8.74532314762473 1.70673328414559 9.94203143566847 2.09995478279889 7.01664704084396 1.5594963687472 2.81846874393523 1.39856645138934 3.79499293118715 1.78919700821862 3.72028025239706 1.92209775699303 6.1647491492331 2.47750511597842 3.59748286940157 2.27395551456139 6.76887897960842 2.1345195624046 7.92588498257101
43.101 3.97113215364516 2.49120029639453 7.97555585205555 2.09502382371575 5.78953917883337 1.40968516189605 8.84773528203368 1.5086071071215 5.82404154352844 1.97069890992716 9.99859743751585 2.12505745766684 8.41093351319432
63.1675 6.64679405651987 2.47503930786625 7.50800722651184 2.33492917353287 6.7378288153559 1.68428667206317 7.38734079711139 1.68225761475042 6.95640841498971 2.09788535935804 2.05157826282084 1.41655843481421 2.21152894943953 1.44241038169712 3.21451068110764 1.7045965266414 7.05656872317195 1.61661965325475 2.28912904672325 1.39025921477005 2.43685273453593 2.40381655748934 6.00831608846784 1.446552051045 8.00972707755864 2.03183684218675 8.29094776324928 2.01309687420726 9.2224694006145
64.8306 7.93311357684433 1.99060363164172 5.71522939391434 1.45426680110395 8.58073412999511 2.15028345128521 6.81975827366114 1.45202571768314 5.78821142949164 2.05232643103227 5.6535303350538 1.81174447275698 4.30627484805882
71.7185 8.02956441603601 1.46193728437647 5.93554955162108 2.15243504056707 8.13931626826525 1.31723193982616 8.28849210031331 1.93286332283169 7.17957113683224 1.83646006602794 8.42504951357841 2.03803006224334 8.30993407033384
85.6621 5.38162002153695 2.04770564287901 9.72222242318094 2.40595977129415 3.90563062392175 1.57525566909462 5.14210440963507 2.09767500208691 7.61150889657438 2.30352058894932 3.62866369262338 2.08487188164145 8.67903011851013 1.47869711210951 4.47451220825315 1.31236955197528 6.81744961440563 1.95651786969975 5.48804594576359 1.82235313411802 6.44574015401304 2.11100228903815 8.99163455888629 2.31847173804417 6.91242446564138
93.9606 4.54513911157846 2.2302772782743 6.30123782902956 2.06388384392485 3.86731089651585 1.87883022278547 2.60019029304385 2.03993145702407 7.28940052352846 1.82050276361406 6.03114292956889 2.21282361950725 8.14439964108169
101.522 2.64376511611044 1.81145753534511 9.59385355748236 1.4262878918089 6.85994041897357 2.17743594292551 7.90530650690198 1.69639007151127 7.23299257829785 1.85278087593615 7.85601818561554 2.29732278566807 7.00505900196731
111.697 4.8136193677783 2.17756404578686 9.74896949157119 2.1316117416136 9.90077217295766 1.44853501264006 4.81882006861269 1.40905723720789 5.30111329257488 1.8779044225812 5.72931935451925 1.45787261147052 7.87336164526641 2.47075574658811 9.55599015578628 2.06754498519003 3.20907432213426 1.60922638662159 7.62840135395527
130.03 9.84033759310842 1.77294652303681 8.74868157692254 2.45004889601842 6.15195261314511 1.6509540467523 7.54564245976508 1.3479910319671 7.17307800985873 1.89277960564941 2.84004570357502 2.39987010909244 2.74969299510121 2.14842129219323 6.76792062260211 2.06565830232576 4.36132786236703
150.887 9.70372778363526 1.99075283482671 7.71826145797968 2.18129280721769 7.34503403864801 1.44257306857035 4.99443798884749 1.93054115204141 3.58812723495066 2.36519178096205 6.73789429850876 2.42356530148536 4.60699085518718 1.92669254811481 8.19705701433122
152.156 3.66112422570586 1.63738445518538 5.26513087935746 1.96994023146108 3.97849216684699
194.738 8.80197124183178 1.74177552768961 5.72331685200334 1.46003703344613 3.62616162188351 1.78293298985809 3.01273502036929 1.91371071124449 2.79559132829309 1.74471575347707 6.20846952870488 2.316770640295 2.03668396919966 2.09069756865501 5.14228578284383 1.3767324407585 6.44354925304651 1.68994182115421 6.08278752118349 2.33501655878499 8.5387879293412 2.47499770987779 3.65861553698778
212.387 3.75122361816466 1.462859323062 6.64794082194567 1.96330746971071 9.07829579152167 2.23063221024349 4.7808786816895 2.38527679629624 8.34970843605697 1.89542318414897 9.48161365091801 2.08237004196271 8.94789670221508 1.84292016895488 7.1344022154808 1.50838424321264 8.65008057840168 2.15199092123657 7.85396582260728 2.01983720259741 7.82737212255597 1.86170144071803 8.7041630949825 1.91139072002843 8.29492234438658 2.1518871365115 5.91937909834087 2.47095244051889 9.42267324402928
248.443 8.02858586981893 1.31638619406149 9.53932313621044 2.39444875502959 6.68525809422135 1.62305113477632 4.36192078888416 2.37991006989032 6.3641417529434 1.48943720925599 5.70911963097751 2.18517955718562 5.35494061559439 1.87038695346564 6.54246586002409
267.269 2.94573839195073 1.50820458075032 3.47476384416223 1.77378088003024 3.6616916898638 1.60244192890823 7.06373967416584 2.14224506979808 2.27710090391338 1.81146857710555 9.55722678266466 1.48537811562419 8.94056250341237 1.7664131751284 3.35399905219674
279.091 4.16314668767154 2.10215531149879 7.79565910995007 1.35430618971586 6.46637872606516 2.4729333887808 2.06456014513969 1.36261188853532 9.90077844820917 1.7882913120091 4.08951711282134
279.973 5.35996334441006 1.66920108031481 4.23655562102795 1.82170023862273 6.10499882698059 1.48570182891563 7.57054897770286 1.52139177508652 6.26186143048108 1.61284211250022 9.89684584923089 1.62309517441317 5.30081030540168 1.58796927416697 3.49300332553685 1.87735857516527 2.46229092217982 1.63935334049165 5.76594906300306 1.47960666762665 6.3646532446146
301.422 7.35463106073439 1.67802001368254 8.48140359856188 2.44406097838655 5.0223251413554 1.74033851074055 7.53459924086928 1.66710105119273 2.15933082997799 1.51205088663846 4.11706207320094 2.39212280847132 5.49152730964124 1.90467934859917 3.58128634095192 1.40085610682145 4.22353526949883 1.47465349035338 5.41854193620384 1.85041914787143 8.30362516827881 1.88001559823751 5.73720537498593 1.96063123000786 4.90424882061779 1.69924423079938 3.11623798310757 1.38473327746615 5.99112198129296
304.762 7.92623488046229 2.40246278960258 6.97474528290331 1.65477093271911 6.43864607065916 1.54257010798901 7.36806299351156 2.02776107471436 3.80130193568766 1.59418193772435 8.56096836365759 1.9806423921138 2.60688866302371 2.23339903624728 4.1531822476536
311.029 8.94791551679373 2.22612653467804 3.62356714904308 2.33779926262796 4.70362085662782 1.30668374663219 9.21347162686288 1.93440602691844 8.75076320022345 1.32113379398361 8.98700614273548 2.05192390577868 2.47671361081302 2.34244405264035 2.31058856099844 2.36569055477157 6.87305980361998 2.40030493121594 8.18976712971926 1.96590975951403 7.89816007390618 2.38863074528053 7.23597507923841 1.79384879544377 5.8475499805063 2.48342150775716 3.43606544099748
315.614 7.74473309144378 2.42350894324481 3.99894948862493 1.31926885992289 9.83143154159188 1.39719000486657 9.53512202948332 1.57052709693089 2.31202509067953 1.66050486331806 6.96447525732219 1.57402533311397 3.72466949187219 1.66540097296238 6.1538843549788 2.41884977156296 8.94525994732976
329.502 7.05371128022671 2.24247923213989 9.93682142347097 1.9394633940421 9.04235583357513 1.43551932238042 9.89243970438838 1.72189516294748 4.69040368497372 1.44551953328773 7.21278725191951 2.0831005175598 9.18944588676095 1.74256103383377 2.19231124036014 1.66151948375627 6.29713049344718
338.821 6.87380898930132 2.27173181520775 8.89280378445983 1.36128498353064 7.39889677613974 2.21427191793919 9.829176383093 2.31898073721677 3.49556262232363 1.74023169483989 2.3997049536556 1.55782648213208 5.98052833974361 2.09508459055796 9.83048993721604 2.25419429130852 6.78722346201539 2.14343773163855 8.36119566857815 1.71372962072492 3.46034498512745 2.00396545706317 9.75587096624076 2.43983038123697 6.38050214573741 2.37859551953152 9.65793436579406 1.31198385227472 9.56445478834212
393.323 2.90971682593226 1.77007194766775 7.78091067261994 1.91066359244287 3.71818900108337 2.13999347016215 6.7752461694181 1.6385101640597 2.38004965335131 1.350253489241 3.58626382052898 1.76973460679874 2.69429932720959 1.76450285278261 4.40203090198338 1.45577354878187 9.16936945542693 1.81549107031897 8.21904022060335 2.23133877422661 5.97527723573148 1.69537528119981 7.38888848572969 2.1587036209181 4.93964181281626 2.24078560713679 4.12720031291246 1.47315108086914 6.68240185827017
409.926 2.33021888695657 2.32834681970999 8.12386097572744 2.19822441339493 2.64962291531265 2.09369172109291 9.54964854754508 1.48936659563333 6.27515840530396 1.64290398005396 4.39188330620527 1.44553260626271 8.90424395725131 2.21176826078445 7.7958447188139 2.09020755672827 6.83297034725547 1.99306253613904 2.16644163616002 1.70094168102369 6.96100334078074 1.45615231497213 3.12299927324057 2.16003940124065 5.08658613450825
410.555 2.07500716671348 2.35368073508143 5.28292441740632 1.54855682421476 9.90286784060299 1.78864464247599 5.20183021202683 1.4304829955101 7.37065064907074 1.50742727713659 8.658163363114 1.68655378744006 5.67228953354061 1.58319925377145 7.85116341710091 1.97404098901898 2.85147682577372 2.355974557437 2.87124526314437 2.12843818152323 8.35167133249342 2.1595485245809 9.76710270158947 1.95659630307928 8.81248526275158 1.43889736849815 7.58817219361663
464.819 3.39567812904716 2.16561012892053 6.47523928247392 2.33698567654938 3.40501185506582 2.04397126445547 4.44301646016538 2.14238259084523 2.03221408650279 2.17308548763394 7.94572686590254 1.82752554956824 9.30311939120293 2.17576646758243 8.89562281034887 1.89216559212655 5.1696105748415 2.08333387896419 3.23724559508264 2.24070511935279 6.50634538568556
509.472 8.02890407666564 1.86489097364247 7.44288248755038 1.85463119335473 2.79928087629378 2.48025754550472 8.45420964248478 2.48675184436142 4.5382748041302 1.44189063468948 4.75085957162082 1.84747147113085 9.77953499183059 1.7404969625175 4.52773861959577
561.779 6.32341422513127 1.40106308115646 3.86236657202244 2.37699061473832 6.30343768931925 1.33625872479752 4.58929651044309 2.0866367788054 4.10819996520877 1.71012010471895 5.89669905416667 1.74814196201041 9.62976483628154 1.59473674958572 6.6357006020844 1.79464850891382 9.07561125978827 1.82709106635302 6.1421793885529 1.72244354560971 5.78960699774325 2.04087316468358 2.93566922657192 1.89722987571731 9.39122827537358 2.16711763599888 5.44739565625787
576.325 8.46737345866859 1.65383185697719 7.26563533581793 1.8887772818096 5.96542174182832 1.86533212298527 8.27299179136753 1.43672872930765 9.53515245951712 1.80606102161109 6.57196863181889 2.08653540080413 7.71986695192754 1.39202730040997 9.65387125313282 1.74975766465068 4.50801138207316
624.062 4.51476689986885 1.37841752711684 2.34318453259766 1.89952179873362 7.80963397212327 1.7066733119078 7.98830765858293 1.60660727797076 7.24230362102389 2.43046978889033 5.50379261001945 1.72309971926734 8.22018043138087 2.09642766229808 4.82582522369921 1.62688123956323 3.74705364182591 2.20552987037227 2.87880171090364 1.87299270611256 6.4578675404191 2.03367282180116 6.11833306401968
630.558 7.74556526914239 2.13671015184373 4.8091592118144 2.08045978108421 5.88372142054141 1.85542596932501 6.09493994340301 1.90725093102083 2.17811999469995 1.80777888176963 2.55675483681262 1.77155830021948 8.40560518763959 2.08325732089579 3.37934019230306 1.59992887647822 2.58716730587184
646.082 8.99023983813822 1.58714949302375 9.05227161385119 1.76465216409415 4.35051336698234 1.67025920953602 4.33972594700754 2.22607403602451 9.53947253152728 1.61823299163952 6.35567365400493 1.32949965810403 9.63235606625676 1.95477558411658 3.6558178011328
646.114 5.09841804206371 1.33360159108415 8.37730286642909 2.24536377107725 6.67076751403511 1.50400268854573 6.62194987200201 1.33151603834704 4.83571853302419 2.37703400505707 8.39065364934504 1.63904526280239 7.58350219577551 2.06941174622625 3.72765295952559 1.64082486797124 9.22897820360959 1.68535318933427 9.74416600167751 1.31486520133913 4.76717381179333
658.465 2.08344098925591 2.09426263347268 2.76383121684194 1.62597644245252 5.57484809868038 1.82769761215895 9.51383551023901 1.82410575514659 4.27593057602644 2.14907184215263 5.46596632897854 1.50589820118621 4.45843986235559 2.20467529259622 5.16384274885058 1.41480951998383 5.65512142144144 1.55928121870384 4.79570112749934
674.535 5.91445158235729 1.53037460204214 3.11817370355129 2.48354620784521 2.83365220762789 1.85860470384359 9.95851887762547 1.42510183518752 7.02417732961476 1.34586771233007 7.93519524671137 1.71402463521808 9.48427765257657
684.47 4.46192027814686 1.78445009030402 7.25822168774903 2.38852610588074 9.35906795598567 2.21482433704659 8.83791849762201 2.36412398042157 6.86708441749215 1.4481627041474 9.82608237676322 2.34374611061066 4.70915151014924 2.4711376529187 3.90155540406704 2.11520189521834 2.43141865171492
697.165 3.96481613814831 1.98377321567386 6.47760628908873 2.24818392302841 3.61161887645721 1.36842362415046 2.89416966959834 2.09305925732478 4.99618721567094 1.58500178037211 4.22815809771419
736.159 5.03930402733386 2.10757498834282 5.32468403875828 2.07258678879589 6.04702453874052 1.57285652477294 5.9154274109751 1.30066235000268 7.36443817429245 2.2151011871174 6.30361364409328
774.441 8.07059670612216 2.10661845728755 2.51100297644734 1.80572095913813 8.44516020454466 1.85126896416768 2.76775668561459
783.265 9.36038543470204 2.38251639027148 7.75270489603281 2.37417271221057 9.719532571733 1.74614308262244 3.14310054667294 2.24372524423525 5.05689233541489 2.27860226090997 6.97492945380509 2.49975495869294 2.50294950418174 2.24166288981214 6.97518588602543 1.7715961179696 2.19426434673369 1.44511771546677 6.52411079779267
793.409 9.8113566134125 2.46046052481979 9.64379198476672 2.37087361272424 4.43432985618711 1.60447481339797 8.99529482796788 1.7902137177065 5.70168893784285 1.40753993084654 4.93778967671096 2.1066709545441 3.13589240424335 2.29917288655415 3.46114123240113 1.54895901950076 6.32406346127391 2.02437454778701 5.31209645792842
826.131 2.38857537135482 1.89307431448251 9.91136140190065 2.18849058412015 4.20911432616413 2.00261590806767 9.31850117631257 2.10498359976336 9.57547233253717 1.96617490481585 3.96048459410667 1.39160299031064 7.11631952784956 1.50817274795845 5.84509833343327 1.62004341818392 4.79171933978796 2.08085939306766 4.83782780729234 2.05789522640407 6.70284992642701 2.24430420771241 4.70102962851524 1.35053283907473 7.07756014168262 1.47593313092366 8.98872875794768
845.527 5.42632040008903 2.2641970410943 6.38381169736385 1.55082844765857 5.65090621262789 1.82241090247408 5.19306286610663 1.73702799957246 9.93841960653663 1.51056127520278 4.88739643618464 2.3054125434719 3.20339653268456 1.96535045299679 7.10505521483719 1.43767444714904 7.06953932344913 2.44709714120254 6.61111930944026 1.61977183083072 2.67683320678771 1.68989679217339 7.69053609482944 1.81046128105372 5.11939272098243
886.418 6.43876527622342 2.2958870600909 8.9342118371278 1.55589765477926 9.2916404902935 1.6016456685029 4.86113646999002 1.61402058238164 4.32731088809669 1.43513370091096 9.62554690428078 2.0709260747768 5.76472336985171 2.10750266956165 5.66508474014699 1.58073336072266 3.20756227709353 2.11857005907223 9.27911304868758 1.39002970261499 4.67085025832057 1.42858903212473 8.03263372927904 1.89938085312024 5.17548918537796 1.83139673853293 5.93499248288572
905.644 3.55714288167655 2.34166629305109 5.59575102850795 2.04294114783406 6.98264806717634 2.22094891238958 9.25557983480394 1.4999824992381 3.40104625746608 1.69477673955262 3.42837380990386 1.84255744321272 7.27010185085237 1.5543362618424 3.25317251682281 1.96091442266479 5.77224882878363 2.4931269207038 4.28418657369912
911.749 6.3084909748286 1.7971162811853 5.28788794949651 2.48747262908146 3.50524998083711 1.78431707005948 2.14306329376996 1.63200453734025 5.14607414789498 1.31510425740853 3.86091881431639 2.05184179665521 9.87977019697428 1.7276870675385 5.27812713943422 1.55648606298491 7.99961728416383 1.92429492818192 4.86700640432537
913.196 6.57330883294344 1.77950393818319 9.4995693564415 2.40471675349399 9.78953350894153 1.58545915680006 4.73442474938929 1.38573269089684 8.18070880509913 2.24692418891937 4.57353916019201 1.70637981565669 9.11040587350726 2.10261022755876 3.28430647775531 1.95301982238889 4.09539718367159 1.846630743891 5.03033505007625 1.46999100837857 6.45269187353551 1.85169121930376 6.60998093336821 1.9215127825737 5.34417387843132 2.02371094077826 2.58154380507767
