# Using the following values to generate the workload:# num_procs = 50
# mean_io_bursts = 10
# mean_iat = 25
# min_CPU = 2
# max_CPU = 10
# min_IO = 1.3
# max_IO = 2.5
16.3133 5.43687413260341 1.47622990002856 4.88669968396425 1.51820127265528 5.45214069262147 1.53009267980233 9.94543303735554 1.51532875476405 6.50775177963078 2.27001146869734 8.47207550518215 1.4970657969825 5.42004627920687 1.93237782148644 7.69621510244906 2.12677250402048 6.40684842132032 1.33236557804048 3.77094578929245 2.35956067116931 5.98607529141009 2.44566815244034 7.30344941839576
17.3585 4.6173846218735 2.35742024630308 8.64897199161351 2.33274280633777 8.32646143995225 2.03788249408826 9.42835649102926 1.50235207779333 3.66549244336784 1.67611119477078 6.44252378866076 2.16898678252473 8.67703145742416 2.12909359801561 2.51846284046769 1.82346471948549 2.54955470561981 1.74357129763812 6.21625527366996 2.21988660059869 9.78915774635971 1.42121181655675 3.73499559797347 2.47515825433657 5.87522264569998 2.34497305387631 8.32762146368623
40.1252 4.72614758089185 1.9805585722439 6.18059992231429 1.68953922074288 9.82021778449416 1.85459525538608 5.0290844887495 2.28362384820357 7.18503996729851 1.89961038315669 3.95986183546484 1.91675218204036 3.86342393420637 1.82747681774199 2.00641823373735 1.71324596395716 6.21476739086211 1.5811227671802 7.3637490067631
52.6224 3.21850713901222 2.19950715079904 4.34029213152826 2.0716496062465 9.79714798554778 1.93801423283294 7.72370783053339 2.13395398007706 7.22504217550159 2.44708568593487 4.52683657407761 1.51258739354089 9.97779174894094 1.44303985340521 2.23815647698939 2.07242476297542 6.96568015217781
64.002 6.19433842040598 1.86725312387571 7.33050737157464 1.89542583730072 7.73484411276877 1.32440555226058 4.03754831105471 1.58205102663487 6.06660569645464 2.13075411478057 7.23039259761572 2.33242289870977 3.99593424052 1.49663284793496 6.93956922926009 1.49893508544192 5.17491666786373 2.05708553008735 9.91901231184602 2.14238037494943 7.67455965094268 1.87954272283241 3.04425437189639 1.7299248370342 8.36647251993418 2.28048573574051 6.57957104034722 1.65236805872992 5.11681836657226 2.27578644994646 9.58100407198071 1.59699331186712 3.74543147720397 1.37264373777434 4.23224394582212 1.69634247822687 9.29906285554171 1.83113892516121 2.78446700423956
69.1069 4.58986201509833 2.43783870413899 2.02102841436863 2.43110263515264 5.30742803029716 2.10873781396076 6.00375133007765 2.40325674470514 3.07413267157972 2.18697238061577 4.97732937335968 1.56321634622291 9.42979033105075 2.37178626284003 5.52209493145347 1.76667637918144 4.7948411423713 1.60400362946093 6.72780173458159 2.49583545420319 6.78596905805171 1.78493794137612 4.36805500090122 1.94254797492176 4.04128793254495
97.032 3.17494071274996 2.17427456760779 7.91544905304909 1.66472968421876 6.77452439256012 1.42687683170661 3.1395702008158 1.50713184829801 7.4137271810323 1.86035086801276 4.19446444138885 1.41980200167745 4.10665334761143 1.37095390474424 8.80485991574824 1.56557069513947 2.25931036472321 1.40815805569291 9.78233699128032 1.41650989521295 4.78966432251036 2.12236841600388 3.39777836017311
142.474 5.79616412706673 1.56503800479695 4.24226710759103 1.45975132901222 3.81846091337502 1.46191779114306 9.67799139395356 2.09225269975141 3.93940399028361 2.08662843853235 9.10980254225433 2.22968494929373 3.78055787272751 1.73197323782369 9.22869834303856 1.43370435759425 8.95539385266602 2.10239358330145 3.1155556794256
143.961 5.37303544394672 1.8095895958133 3.76029364205897 1.96853913655505 8.86460970342159 2.22551269745454 5.44004051946104 1.7273910773918 4.61702855490148 1.5459113849327 2.06000408343971 1.53824978563935 6.89909416809678 1.39108659187332 8.37031025625765 2.28305996349081 2.96328474208713
156.642 7.17329363524914 1.75937966313213 9.68508004583418 1.77306810002774 9.00318801216781 1.73038066504523 2.36305681429803 2.2146371758543 9.89339638873935 2.17984655341133 2.94271293096244 1.58098170617595 3.53089909814298 2.4942128367722 7.89830463565886 1.30190692599863 4.78044365718961 2.25471132956445 3.11514129675925
168.34 4.89518505334854 1.57125425245613 6.37311082333326 1.54248022828251 3.53642684407532 2.39004322979599 4.92335965670645 1.58623287659138 9.53926438093185 2.23504544375464 3.61090424843132 1.59081357885152 7.68494607880712 2.43680794211105 8.59359765052795 1.91352469110861 2.21471998468041 2.38150396142155 5.37920168600976 2.37624847572297 4.82783007621765
264.757 9.68407195806503 1.97554990733042 5.76795951090753 1.67810738999397 4.84555479697883 2.28460085401312 8.53759171813726 1.89755672048777 2.20203893631697 2.48535346379504 9.57637210935354 2.40864181378856 6.4307198934257 1.63675225963816 2.41108513809741 2.07685049530119 4.86249558068812 2.2645615295507 4.85509030707181 1.95104540027678 9.21375689841807 1.8761534393765 4.65823881886899 2.22419922305271 6.79707187414169 2.34533272497356 5.07355497591197 1.33647586582229 4.2730311229825
334.299 3.68485879525542 2.2608376223594 5.83322728797793 1.61922900089994 8.50034788809717 1.66953155165538 6.67284770682454 1.59920662939548 6.19081904366612 1.68200022745878 7.47528274357319 1.87725314060226 6.55124550499022 1.68090327661484 2.69254319928586 2.30691941184923 8.8673988673836 1.70308095812798 2.98664787039161 1.78364251516759 2.32285585440695 2.49949806034565 3.66296403855085 1.89947050483897 2.77973043173552
367.782 2.22947165556252 1.50377611620352 7.18907499685884 2.45115243475884 4.64827156998217 1.42015686407685 4.51532022096217 1.45090956585482 7.84898216836154 2.21794976685196 2.37286559306085 1.82798746312037 6.67142624594271 2.00321758342907 4.9667561519891
386.92 9.56273586675525 1.81688126958907 4.50435512140393 2.31351664131507 5.7052649743855 1.97348618274555 4.69239516369998 2.45010679373518 8.62485036812723 1.44983048662543 3.01401274092495 2.38968014726415 2.5749469473958 1.36902976483107 4.14189522899687
397.363 2.4264996945858 1.99740955680609 3.1644400190562 2.30420577069744 5.17699635401368 1.95009951870888 4.21253581531346 1.34341154927388 3.94536258652806 1.730701613985 4.31954087875783 1.9065074570477 8.5405619610101 1.81417443118989 6.90601510740817 1.60467613721266 9.08510915003717 1.44953802414238 6.96805185638368 1.58739187950268 2.96701082959771
431.854 3.70324925892055 1.36287846462801 4.69082164205611 1.3639451992698 7.3896872792393 2.17106201965362 4.94317767955363 1.68266538092867 4.62951892614365 1.6130682721734 7.57998987101018 1.8388032044284 2.91686150245368 1.78958254894242 6.46973698958755 1.65676615452394 3.69664567522705
468.361 8.92145299352705 1.87023165049031 3.01617163792253 1.45780252842233 9.67307269386947 1.60518682729453 9.05147342756391 1.74927902892232 9.04862452857196 1.5645728209056 4.53022763319314 2.09786077439785 9.21409244835377 1.44797922987491 8.05084910802543
494.55 9.66294240951538 1.70731609910727 3.16374977119267 1.4760592260398 6.55727701634169 2.4661797599867 5.82705193571746 2.13754565799609 7.6443502381444 1.98216496789828 9.81367234326899 1.67738470565528 9.11996571533382 1.94917352264747 7.54757806658745 1.93457825407386 9.41034021601081 2.40932443877682 7.99850844405591 1.56185153489932 8.37361863814294 2.40174059923738 8.14932277984917 1.42494421964511 6.76961751095951 1.65786882964894 6.78490293771029 2.46332108648494 9.99496820941567
536.378 7.39182345941663 1.54697939194739 9.02170985937119 1.73747117789462 9.18125115707517 2.29995903894305 5.6427048817277 1.35167024768889 2.33583753928542 1.74679123787209 7.62407597526908 2.21493448391557 3.7234797142446
634.06 6.2886267118156 2.39802917018533 8.16952039860189 1.77970999302343 7.04401901364326 1.81146522574127 3.01563108153641 1.95581137640402 8.1355474293232 2.37991904132068 8.40844225510955 1.92442896123976 3.37189697287977 2.34304083101451 8.38105498999357 1.46220108466223 6.58298054896295 1.50938859554008 2.12123398669064 2.3546458886005 8.40719681233168
664.95 4.45428043790162 1.39426671862602 3.63251377828419 1.62014683661982 9.79550671949983 1.99657842069864 5.80334941670299 2.45047321226448 9.17013822495937
698.882 9.01480070501566 1.65191865991801 2.99026774056256 2.25196332093328 4.25404872372746 1.56676813997328 3.5849417950958 2.09772146241739 9.80839140340686 1.39778379704803 3.43460906296968 2.25358321340755 5.92294714413583 2.2211085608229 6.54226542636752
703.491 4.68174890615046 1.74596456987783 2.06493458151817 2.27058140151203 9.72239721938968 2.44197083543986 5.04609343037009 2.47189682004973 4.25127461366355 1.99049004092813 8.97928004339337 1.33493996448815 9.34103459864855 2.31424590321258 7.13814438320696 1.32659565415233 2.67994092963636 1.98093893239275 6.56585362926126
708.128 7.02776108495891 1.33698828089982 9.11332414858043 1.80067357039079 9.20015127956867 2.42980270925909 4.06059633754194 1.54560205694288 2.77762875892222 2.4279303457588 5.68036800809205 1.6770766290836 6.87768131308258 1.7107414605096 2.6785460729152 2.14795087855309 6.16771016456187 1.89012623345479 4.68793460167944 2.41732625281438 9.41961173154414 1.51012618821114 7.07451857067645
729.071 4.67731549590826 2.15937842866406 8.21524066850543 1.40854086950421 4.66408705338836 1.84348993748426 7.5850887671113 1.78626160621643 8.30296040698886
754.499 4.34679784998298 1.48436475107446 5.6898975726217 1.83335959808901 3.65512648224831 1.63276433870196 4.53048588335514 1.63568762885407 7.84074607305229 1.95977564137429 5.34740399010479 2.4349456938915 6.4119382686913 2.1647549264133 4.54806827008724 2.48487262390554 9.16366705484688
825.509 9.14670786820352 2.3474723954685 4.90556720457971 2.38917354755104 6.1242467481643 1.54693908784539 3.93139525689185 1.68465940440074 7.41076376102865 1.69935729820281 2.99876856990159 1.76655345158651 7.36304276250303 1.36551054846495 9.27524371631444 1.80315357856452 8.77079870738089 1.92967554731295 5.20498198270798
860.619 9.76437438651919 1.35203228862956 2.56902841292322 1.73918561069295 6.83457217551768 1.75772481700405 9.71544903516769 1.42426717812195 5.7424176260829 1.39725338071585 8.44443719089031 1.56635636249557 2.44576372765005 1.6059503365308 4.32635715603828
861.269 3.76199977472425 1.82566275065765 9.20982597954571 2.09870081879199 2.83016351424158 1.89587721144781 5.75538094528019 1.60250819260255 8.95797534286976 2.04126940909773 5.06540849432349 2.35335843134671 9.25545393116772 1.62361971866339 6.6243612524122 1.76128387730569 9.34230608679354 2.43383832266554 6.82321504876018
883.106 9.92827652581036 1.49459817474708 3.07883470691741 2.17834947230294 5.10013648308814 1.75356291765347 4.75221925601363 1.985107768327 2.95720140822232 2.11420331019908 6.72093172185123 2.31842567054555 9.35055032745004 1.60296234395355 6.67732804827392 1.99451110502705 5.37380245886743 2.15475523797795 4.9738614987582 2.14573527136818 8.87364738807082 2.15725186103955 6.96459673345089
902.905 7.53518569655716 1.300845336169 2.97732764855027 1.8276592861861 7.02571278624237 2.12248165523633 6.18558927066624 1.64251345405355 7.8052357621491 2.29623822160065 4.50974027998745
951.121 5.69835477694869 2.2131949593313 9.53440516069531 2.01269862456247 4.35792711935937 1.41302434895188 9.46837092004716 1.38358674850315 7.1727682929486 2.15992159415036 3.50754744932055 1.89235657602549 9.99892949685454 1.67848757160828 2.64032304100692 1.6202283215709 5.1676165163517 1.75816681319848 9.67682962678373 1.75411588102579 4.62648482248187
979.74 3.7278592325747 2.05745407901704 3.29507820494473 1.47533997129649 4.72738038562238 1.58985961545259 9.59801894426346 2.27815217589959 5.55568195134401 2.41681026928127 7.21828692778945 2.46658030375838 5.02599031850696 1.31872684694827 4.30074310302734 1.50161463599652 7.36293858848512 1.71769061312079 3.64203939773142 2.35560305640101 3.71564838662744 1.67886218903586 9.03105175308883
983.853 2.11976257897913 1.41418507182971 6.28748996369541 2.17019263552502 5.30710835568607 1.93940694443882 5.00955855660141 1.84674619315192 9.25152352638543 2.04104293789715 8.96877241693437 2.3759874724783 6.90090067870915 1.33752070497721 2.68869975209236 2.13736794739962 9.09406263194978 2.11856481814757 6.64474480226636 2.14407906569541 2.28741461038589 2.48347399942577 8.68478391505778 2.4734845969826 7.13492154143751
1054.03 7.66486710123718 1.4964358586818 7.31303088739514 2.26759228045121 7.35959126614034 1.68300957428291 7.09984217770398 1.65823405068368 8.74357308074832 1.37318941000849 5.55504242517054 2.3785809176974 6.1703979074955 2.4300547757186 3.58858114108443 2.00007250811905 4.29848770797253 2.01373133175075 5.05674354359508 1.74744289703667 4.20973774418235
1074.97 6.27788725309074 2.1312217425555 6.01047809235752 1.89646842340007 9.27833883836865 1.8488972177729 2.32697251625359 2.49286853373051 6.54144348576665 1.82537491470575 8.68754319287837 1.51224550884217 9.42103406973183 1.47772870473564 2.41241688095033 1.90591610623524 4.2074885442853 2.2039114670828 3.05238895304501 1.41273127067834 4.57575253210962
1078.4 6.800742065534 2.34804695956409 6.41090960241854 2.12462510736659 6.02312750741839 1.54973349310458 5.2063418161124 1.34189382828772 4.69571823626757 2.3279239247553 6.81711314246058 1.85009971410036 3.43453366309404 1.93071607397869 9.36169726215303 2.37565380819142 6.47426354885101 1.83552108611912 3.75523775815964 2.04039083924145 4.8398129530251 1.43752190992236 7.82825532928109 1.52233850182965 9.40356039814651
1113.92 4.60566730797291 1.95339854806662 6.79994103312492 1.96809570398182 6.11498154327273 1.93987902803347 9.52310620620847 1.75464002741501 2.40108671039343 1.54653817946091 3.91443991661072 2.27159098051488 3.07808501273394 2.20781504902989 2.85118881985545 2.31247572964057 6.92081468179822 1.38842279678211 8.35856542550027 1.86363281365484 9.43206812627614 1.42066576238722 8.27427268400788 2.11400338141248 4.66282084956765 1.36665041577071 8.82749038562179 2.13646544609219 9.04288122989237 1.82925719516352 8.17914978601038 1.65272220922634 5.04562826827168 2.26241317121312 7.98216459527612 1.92362194629386 6.08411776274443 2.17251078411937 6.25309647060931 1.34837357867509 6.34824725426733 2.36202757088467 3.21868428401649 1.55639214683324 8.38481213711202 1.39388525346294 7.62200824543834
1114.96 5.41910863853991 1.99176783775911 6.64374949410558 2.24063613293692 6.30405085906386 2.19140340443701 8.48952854424715 1.58889290401712 9.06080207787454 2.22616705503315 5.3773743249476 1.85442285109311 5.9871075283736 1.74654859239236 9.45296044647694 2.20096583217382 2.37769780866802 2.13201009212062 2.76759017072618 1.94665953340009 3.64389299415052 2.43446598472074 2.84731004014611
1129.06 9.52451889403164 1.53780343560502 8.86557159759104 1.72322810404003 2.45618374086916 1.60043349247426 4.56816676817834 2.28100220905617 8.78881927579641 1.70324518000707 4.15658104978502 2.27385688386858 3.26516268029809 2.39039402948692 7.38471863977611 1.69603658458218 3.06372540257871 2.39311749506742 4.28646059520543 1.88986392458901 9.2804009411484 1.70564786987379 3.19066777825356
1140.01 7.12693450786173 1.6719524551183 8.48129021003842 2.39058629525825 8.57756185904145 2.01321256933734 6.37021175399423 1.44889992605895 9.08552259765565 1.62337123127654 9.84519943594933 2.35508283246309 4.15846661292017 2.32375413551927 2.41881885752082 1.44449372552335 4.78015336208045 1.52236026991159 8.06410150043666 2.37425180803984 5.67559963092208 2.37134485058486 5.59812762960792
1157.24 4.32042169384658 1.36047929991037 8.7211234010756 2.14583244333044 8.52059957385063 2.03783954856917 9.93641775101423 1.59711749730632 7.75973932258785 2.25533365290612 7.84649950638413 1.9174199109897 8.85613891109824 1.53055400298908 6.52803722396493
1177.68 7.32006506808102 2.15080479811877 8.3417490106076 1.92748702792451 6.45250931754708 1.33906168211251 8.92429731972516 1.84288210812956 5.99231224320829 1.45150001868606 2.51746021397412 1.32108832327649 2.1102941930294 2.02803652193397 7.39214882254601 2.04329917188734 4.54061222262681 1.88319568810984 2.59716296195984 1.7563735935837 3.82236364111304 1.72026203293353 2.40716989338398 2.34883115813136 3.52682859823108
1272.34 3.99779784120619 2.13365160962567 4.27298021689057 2.16772474227473 2.98134759999812 2.47816109294072 6.50412131659687 2.44502062555402 5.17806431278586 1.50153756160289 4.94128081016243 1.49128949055448 5.71930143423378 1.998662099801 4.39677503705025 2.0262241628021 4.73296069353819 1.87363013084978 8.5522740688175
1289.31 5.92786546237767 1.45616073990241 4.81642379425466 2.41471979022026 8.76341446861625 2.47313663540408 7.06849463284016 2.1864528269507 2.7484251819551 1.72805404989049 7.76408370397985 2.20956396693364 5.54907510429621 2.40565647212788 3.70048463903368
1292.02 9.2498128991574 1.59820756297559 6.09019691869617 1.98885240871459 8.67547219060361 2.24222059678286 7.1393435485661 2.33814265439287 2.04399756155908 2.04181028492749 5.86912794597447 1.8940200317651 5.50981827825308 1.3638594658114 7.29307586140931 1.48613136876374 3.21014409512281 1.57184212561697 5.10644257813692
1308.27 4.72723169997334 2.46568105099723 5.85452227666974 2.13761231536046 2.5887830927968 2.18996434453875 6.55664293654263 2.02205385416746 8.14342095702887 1.85764135047793 5.95894353464246 1.46453907964751 3.54550051689148 2.3865206620656 7.37812107056379 1.66224682843313 5.2338883690536
1311.62 2.34251815266907 2.16857702704147 8.92597146891057 1.3369863435626 3.64328476600349 2.12853687703609 6.05952857621014 1.51345477662981 8.33674847334623 2.28575710067526 9.66410112567246 1.85051893135533 6.14390079677105 1.78293518871069 3.30874441936612 1.52934838077053 5.06144147925079 2.1812749392353 3.06349094584584 1.43525776760653 6.41611234471202 1.65819184808061 6.13878450170159 1.75589911025018 6.94741153158247 1.33970548268408 6.77140112221241 1.31242671962827 4.16919968277216 1.6776027681306 5.43387278355658
1318.21 2.71040495671332 1.52194970306009 3.11689827777445 1.57573696943 4.72785261645913 1.52798196068034 4.60737049952149 1.72808047356084 3.15553734265268 2.04047408187762 9.51024409942329 2.35895814308897 6.93079911731184 1.90055548297241 4.88621399737895 2.30100646866485 8.01164774410427 2.32831339798868 6.37331320717931
