# Using the following values to generate the workload:# num_procs = 50
# mean_io_bursts = 10
# mean_iat = 25
# min_CPU = 2
# max_CPU = 10
# min_IO = 1.3
# max_IO = 2.5
7.7343 7.23808265663683 2.37264224765822 9.88108445890248 1.98495719302446 3.93170557171106 1.89733718391508 4.70323532633483 2.48479965804145 9.71278654970229 1.35436234902591 9.46209758706391 1.85422603506595 7.77156585082412 2.45385039197281 8.76769964024425 2.4150922392495 8.57335203140974 1.62382116708905 6.33294631168246
23.5841 2.89475246146321 1.80100252907723 9.6578924022615 1.36581525243819 9.50400113500655 1.31264360249043 5.30417810566723 1.71422731131315 3.96142177283764 2.44187413034961 5.0225397143513 2.08320859242231 6.0979532264173 2.00716389799491 3.25734446197748 2.11532990224659 7.06559861078858 2.26086705122143 9.46138011105359 1.73227157825604 9.13260374218225 1.62302110046148 4.57248681597412
72.4906 2.88683215714991 1.53077949183062 8.16570348292589 2.12117931507528 5.1444076821208 1.39606505818665 6.45381658710539 2.00769054638222 3.8491813801229 2.48869231920689 3.17698479816318 2.00211172234267 2.79813774488866 2.14338391171768 7.14495441876352 1.6763624635525 7.31751468963921 1.8624225769192 9.25781039893627 2.26321685798466 5.35643588192761 2.2998917222023 5.35703480988741
189.07 8.54096754081547 1.91668188665062 2.17301934212446 1.41679833550006 4.96556758880615 1.67099205330014 8.70773603767157 1.81257474357262 9.10278510674834 1.74427388636395 5.60606191307306 2.16045208619907 8.50463202781975 1.89326819041744 4.10056673921645 1.32715035034344 4.76112934760749 1.51607943912968 6.83825526386499
193.93 8.91072310507298 2.24256578953937 9.60456134192646 1.49939738120884 8.5952228885144 1.41064000874758 5.47466926276684 2.36816142024472 9.17191233485937 1.9909988168627 7.66036027856171 1.50875765057281 8.0961009953171 2.00144389728084 2.61200221814215 1.85980909252539 6.06474988907576 1.38959122542292 9.046963987872 1.88989248955622 7.90014391206205 1.6606424625963 4.20299253612757 1.90872857030481 4.13651467859745 2.08992887940258 3.26985457353294
201.724 8.48712464049459 1.50012864470482 2.84737025387585 2.18087848220021 3.83902311883867 1.93876174800098 9.68094745278358 1.37898079212755 2.4448730610311 1.44711564350873 6.93748127669096 1.93253931896761 8.51647522486746
228.195 2.97020543366671 1.96375282816589 8.57267861813307 2.48253473984078 8.17414464242756 1.66123381257057 9.92885117791593 1.83844812996686 5.89359758235514 2.12548942910507 7.87465514242649 2.23989673228934 9.44724182598293 1.88804456768557 3.1775388661772 1.57018592776731 4.62943464703858 2.26218539020047 5.70486597530544 1.86245832936838 2.32733033783734 1.7348191219382 8.9389648232609
232.591 5.56676596775651 2.20403165686876 3.08762173168361 1.93701620576903 8.09845090843737 2.13996307402849 7.42243982665241 1.73042253376916 2.40478034317493 2.00344393588603 4.44675567932427 2.08217093404382 3.07259955257177 2.04936427455395 9.44368985295296 1.35585442725569 7.45381144993007 1.78198922472075 4.89510964788496 1.55639690104872 8.31205286830664 1.99010925302282 2.85926836915314 1.78528771400452 2.45742701180279 1.52437609834597 5.50162075273693 1.30955427661538 6.799625845626 2.49105339264497 4.82400104962289
263.326 3.48041830211878 2.43769425209612 7.11922924406826 2.46633706176654 4.70914911851287 2.22366956137121 3.55373768135905 1.8741927370429 5.01848853006959 1.94214535942301 4.91414347849786 1.56948407441378 3.93247278220952 1.71283775772899 2.12270748987794 1.68125572837889 5.87312642857432 2.22422380968928 8.53788423910737 1.82616716912016 5.26063863560557 1.3622077126056 2.65887769684196
344.929 8.23376790620387 1.64730675574392 7.59428961761296 2.48693928690627 7.7549027595669 1.47358657857403 9.4764364361763 2.19089774852619 4.91046276502311 1.40006359089166 3.59010065160692 1.9130812571384 5.55810373835266 1.6610333875753 8.37083743326366 1.50412898845971 9.10520413145423
356.247 4.93711312673986 2.26705483980477 8.79746890626848 2.15360312554985 5.78455339558423 1.41699261208996 4.04124919138849 1.77661796398461 7.71384435147047 2.46505632679909 9.39868357777596 1.75831161951646 4.58380916528404 2.36592493904755 5.04291021637619 1.86494699856266 5.51983514800668 1.67403763346374 8.54819685965776
368.742 3.91932757757604 2.2855628721416 6.30143822357059 1.49764014482498 7.00198940932751 2.28310417830944 2.27969544008374 2.30301592964679 3.66479008644819 1.69810581495985 6.93006547354162 1.83027046583593 7.45089236833155 1.9597391711548 7.27031566761434 1.50184194315225 9.17123553715646
369.478 5.13744145445526 1.93809391260147 5.10451823100448 1.4635691087693 6.72811598144472 2.02652176199481 7.84707047976553 1.41185483708978 4.52696740627289 2.00953574776649 8.59292026422918 1.35081998240203 7.65168382041156 2.15490854438394 2.48158117011189 2.49280871208757 3.63296503573656 1.31280666319653 3.99024190753698 2.22345483768731 7.84830513969064
396.475 8.90387536399066 1.55664080968127 9.04746135883033 1.48908775290474 3.50433643162251 1.8669538368471 2.27967226691544 1.58902562335134 2.33807911165059 1.69976412700489 2.5733837056905 1.53585264403373 9.90424468554556 2.07337384698913 9.24736933596432 2.09141107928008 8.63749253191054 1.51820059986785 8.36260638386011
406.773 8.8119797706604 2.19335090918466 4.47791627794504 2.38503198297694 7.67304212227464 1.86443668119609 3.35602460242808 1.67034542243928 4.68097817152739 1.76334868175909 5.43187387473881 1.7622099082917 4.75243663042784 1.45744178080931 6.39545462280512 2.0837615407072 7.23801298439503
461.323 5.79091078974307 1.94191191447899 3.57332508638501 2.11932534174994 6.59018592350185 1.43500421028584 7.87555027753115 2.34682540614158 5.80747504532337 2.23309603044763 4.04448036290705 2.06710595870391 4.36740467883646 2.41597823994234 7.67228642292321 2.42220416450873 7.26552952080965 1.49201112072915 2.10492571443319 1.88039878476411 5.89352240040898 1.91567677911371 4.07415650784969
498.707 6.62968993373215 2.27540491102263 9.07127989828587 1.6634146977216 2.03102765418589 1.74984546620399 6.2687976937741 1.7853889612481 3.16885281726718 1.82745000068098 7.7258638124913 1.66812328742817 2.99201196618378 2.0538554768078 4.66424913331866 1.7716438928619 4.30404623411596 2.39856916842982 7.07797254621983 1.98439812343568 6.7121236808598 1.94012177269906 2.19695977494121 1.83379108672962 7.19654820859432 1.79440013803542 8.26181166246533 2.12788213444874 5.44942384399474 1.82648069169372 4.37768325395882 1.57610883871093 9.46932821534574 1.80573008311912 8.58630750514567
501.128 9.92334991507232 1.68844446735457 6.75156302936375 1.63120574392378 4.50320091471076 2.15659641157836 6.59328658506274 1.82505215667188 5.06869169510901 1.63264765953645 5.08732946403325 2.42295774063095 9.43825371004641
515.907 4.28338814154267 1.93855581441894 3.20187508873641 2.17258111638948 5.87141135148704 1.75311260828748 7.65171362087131 1.93057061163709 3.80568602122366 1.84033276569098 2.5438597202301 2.1184673612006 3.13451731204987 1.49787041414529 5.20715738646686 2.0267512015067 8.43467012606561 1.50014033550397 8.71387062966824 2.3647461252287 8.79125191643834 1.61352796619758 5.25580416247249
546.783 6.06007538922131 1.89992822241038 4.85479533299804 2.0857698790729 7.27715342864394 2.02342066848651 2.84644375927746 1.97599549377337 9.09274370595813 1.53521237950772 6.98817522637546 1.76961294459179 7.45019142143428 1.80760059002787 4.21882133372128 1.7796771530062 4.84366514347494
576.674 6.17684797383845 2.40016824165359 9.61360182613134 2.36104074511677 2.50161574967206 2.4941126302816 5.50774635560811 2.09044925644994 6.03132879734039 2.351820641011 2.89940706267953 2.11081216428429 2.85808012261987 1.3071822094731 3.82599370181561 1.85327243739739 3.34125738590956 1.97372878240421 5.11804096400738
591.05 5.74160687625408 1.55278058759868 2.01035833917558 2.08162583541125 5.380226964131 1.4599142100662 4.75198755785823 2.03171261567622 8.16623775660992 1.69508029716089 8.96894543990493 1.34466527439654 9.00127948075533 1.41769914170727 9.11213170178235 1.46695910748094 9.39964961446822 1.76774368742481 3.53394048847258 2.12904464211315 3.42254681512713 2.09705778639764 7.18064038269222 2.0174343646504 6.22413319535553 1.90526248766109 5.40324920788407 1.41844193730503 2.20842485688627
628.371 6.91378525272012 1.43101528659463 8.21897532232106 2.11288859834895 4.91969160176814 2.19058675756678 2.27782436460257 2.17377339489758 8.05419649370015 1.79521331060678 3.08094741590321 2.06891071656719 2.70185774751008 2.28606622274965 8.77296314761043 2.46450712354854 3.29173674248159 1.91032963339239 6.13454552739859 1.31399535788223 2.49459814466536
638.896 8.84292755462229 2.15742739541456 8.80246333219111 2.30342873167247 3.50621321983635 2.4173167642206 7.93468926846981 1.50420333510265 8.57389732263982 2.24456851733848 5.92698640562594 1.70615813639015 2.86251182109118 1.53179798582569 6.71382027305663 1.77416405510157 8.05200497806072 2.20103055164218 4.93961624242365 1.75448130657896 6.96808513253927
666.372 6.22012869082391 1.99545641327277 7.91024531796575 2.46204646946862 8.77836697548628 2.17370087299496 7.57003524340689 1.89654066003859 2.02985124662519 2.09376982338727 6.82321264036 1.60958018312231 9.99850086681545 2.36924936166033 7.65360928326845 1.31695666667074 2.43112006224692
689.75 8.51045255362988 1.57488285964355 5.51339109428227 1.30431544715539 5.59376747347414 1.5777729652822 3.69609917141497 1.95356951067224 5.80094476416707 2.09922867193818 2.7608387414366 2.23749420335516 2.8135507106781 1.37661994025111 6.23723187856376 1.95652944985777 9.03727333806455 1.91425225678831 7.92487097159028 1.87577970763668 5.87069256417453 1.99756915690377 2.79370370134711 1.68172826152295 4.53616966493428
693.806 7.29075478576124 2.37953892117366 3.75286750867963 2.13310198644176 6.77176449634135 1.3795777359046 3.55282437615097 1.44641688754782 6.83175063878298 2.26497739795595 3.78730907477438 1.62845349432901 3.99857135675848 2.30418119803071 4.26376191154122 1.32196244345978 6.70347707159817
708.036 7.26087213866413 2.21980269439518 8.20456639491022 2.02228109817952 6.7871026173234 1.58197233453393 2.01552125625312 2.27806368172169 7.38846028596163 1.41045721173286 3.38035685941577 1.30994023950771 5.2494523152709 2.21653221771121 9.71834728494287 1.30395625689998 3.36751929670572 1.91047691740096 2.95738131552935 1.68146401392296 2.65545867942274 1.4333448340185 2.8027663808316 2.02477187654004 9.98021653667092 2.021139669884 3.9345345441252 1.94070680551231 4.32613369077444 1.45698410933837 8.47345128282905 2.00062459083274 2.36055846139789
716.779 3.66277630440891 2.11283885147423 7.0915160253644 2.09151134835556 5.28930918686092 2.37886690627784 9.95880089886487 2.29014918301255 8.60647677630186 2.36969763478264 2.94650267250836 1.62867838749662 2.90452202409506 1.39397373814136 8.16057935357094
728.593 8.62654611840844 1.39451794466004 9.73992874845862 1.91016389019787 7.42962644994259 2.15559079525992 7.73316319286823 1.44932643752545 9.14831536822021 1.42064383812249 3.94189143739641 1.73820474641398 3.34699220210314 2.10228398097679 6.07889780215919 2.44420743398368 8.01793469488621 1.82946198740974 7.17373549193144
742.369 8.82614927180111 1.95875953314826 7.53106211312115 1.513087743707 2.51498705893755 2.09477176507935 2.73460067994893 1.62780717751011 7.02189161814749 1.32087232861668 2.68329247646034 2.46641753418371 8.67663291841745 2.29292765650898 8.67882105149329 2.26389411240816 3.74862680770457 1.7135476982221 9.70066755078733
764.126 6.36352992802858 2.04592998363078 5.13468989916146 1.66530522340909 3.91443438455462 1.70759275332093 8.14238457381725 1.32708991318941 3.88245013542473 1.35784775698557 4.86853556707501 2.25533973481506 5.30466425418854 1.91998058045283 4.85183631628752 2.43336521955207 6.98870717920363 1.31723811225966 6.6225251853466
779.184 4.37898601591587 1.67556065684184 2.28828984871507 2.36342855710536 4.11978539265692 1.45031130388379 4.78254140354693 1.40691278958693 5.29112773016095 1.42979339510202 6.49698151089251 2.4624030132778 6.76330721005797 1.75722771091387 6.84672397188842 1.58115060990676 4.5675292480737
822.336 5.67514358460903 1.53367531532422 3.09908434376121 1.64001412950456 2.78820769488811 1.81732325069606 4.55558148398995 1.32886423133314 6.74790437147021 1.68557674391195 9.1676292270422 1.63444642852992 3.36622105166316 1.34177896240726 4.29481328837574 1.71471486929804 4.97241408005357 2.43303469065577 2.76081750169396
878.577 7.13156489655375 2.1323084817268 8.41228372789919 2.22549719121307 5.74205249175429 2.49751917598769 5.74349074438214 2.28082353454083 5.36636561527848 1.91308620441705 9.33141208440065 2.47310936236754 8.19097189791501 1.73004717649892 4.85249346494675 1.37352908300236 7.36239583790302 2.40454017668962 6.38239896297455 1.37258979994804 5.31541541405022 2.30794431883842 5.98581559583545 1.61323616839945 4.77956354990602 2.48665125174448 7.06298855319619 2.38681370373815 2.17986973375082
950.305 7.92625258862972 1.64068015217781 2.95008135028183 1.87267049457878 6.58713441900909 1.72928061150014 3.37770999036729 2.40503551140428 7.89325821585953 2.21015273639932 8.46273744106293 2.23711207322776 9.42346960119903 1.76381568564102 3.33942676894367 2.24898592894897 4.45890017412603 1.32775326902047 3.42582870274782 2.12788552045822 8.4202927518636 1.97071779714897 7.12472727335989
1038.05 2.02111873589456 1.4157599738799 5.17217377200723 2.36194125292823 6.90308432653546 2.08257212685421 4.96697777695954 1.65898780785501 5.21126889996231 2.47592677148059 2.10438761301339 2.41576146800071 9.85069242492318 2.1945977631025 9.9733742531389 1.50895924763754 3.38671773858368 2.3870052844286 4.19061943329871 1.70319661973044 2.53263336792588 2.02878732727841 4.67552630603313
1088.39 4.87780089490116 2.24085974507034 4.65395732782781 1.3566431581974 8.24094306118786 2.17267509512603 7.29488206095994 1.82727720467374 4.9613574128598 2.24747582739219 2.59589616768062 1.94684766745195 3.01172512769699 2.31310706017539 7.01184763014317 2.18202354349196 9.26940221525729 1.45947793507949 4.58474059589207 1.65226115621626 6.2124720197171 1.57504579378292 5.43736411817372 2.42146832617 2.30580377206206 2.41365645360202 9.48467496596277 1.91304278532043 9.90949202887714
1097.17 5.40359720960259 2.16099503431469 3.56268382817507 2.25165123948827 2.00988652184606 1.88066447125748 7.22711011394858 2.49969746191055 4.64166254922748 2.46080765044317 5.56001526489854 1.37952380953357 7.692856002599
1123.24 9.11919199489057 2.42251082956791 5.13215146958828 1.85246042348444 2.05806820839643 2.02047018324956 7.07386089116335 2.35620874222368 4.7344743385911 2.02139335293323 4.65273878537118 2.13901953045279 9.33486594259739 2.04955933764577 6.32981023006141 2.0468355753459 3.54443112388253 2.3815487540327 9.71729999966919 1.87647652346641 5.89294517412782
1133.48 6.82940766401589 1.32196002304554 3.244818078354 2.18037136923522 4.86227599345148 2.36981685757637 5.18391408398747 1.94936964744702 4.50627498887479 2.43105066651478 4.6370662804693 2.445508972276 5.89968576095998 1.57486947430298 7.17869547568262 1.56223713206127 9.71472815610468 1.72963858861476 9.40180146880448
1169.3 5.0514372959733 2.4083342208527 9.61634097062051 1.62341469954699 5.48836681619287 1.46056019943208 9.3066324070096 1.43102438766509 5.05509185604751 1.36346780071035 4.87624983862042 2.42445951504633 7.04445668309927
1181.96 2.89950311183929 1.36692826524377 5.96582439169288 2.05713626267388 9.90928253903985 1.7676252765581 9.76011767238379 1.98068466456607 9.14394640922546 2.02668087733909 8.13610166311264 1.78667121389881 6.87590353749692 2.37532726461068 9.64512213878334 2.24753655623645 3.57813663780689 1.51934179961681 6.5875618904829 1.80516682313755 6.63437832146883 1.48293711515144 4.69543906487525
1195.45 5.43194490112364 1.36031623305753 4.39267441816628 1.96418846864253 7.37063567526639 1.47149865739048 8.90672822110355 2.37855885792524 6.96487457491457 2.42025862531737 2.89813636802137 1.7634221049957 9.65680271759629 1.67308845194057 8.68997592478991 1.86606848910451 7.4569341968745 1.32254395028576 4.46924092248082 2.49688859283924 5.88901636376977 1.61849470706657 9.07775706797838 1.43875873880461 7.18362080678344
1209.9 6.08964676596224 2.1862782609649 6.89475820586085 1.88119833227247 7.05970454774797 1.88553364425898 9.19090740382671 1.42342471331358 3.94155608490109 2.44210611237213 8.61862668581307 1.58339208783582 2.55914230272174 1.39071344351396 3.32151666283607 2.0902605753392 9.96227183751762 1.46027227463201 9.94594425708055 1.8219462312758 7.13562451116741 1.4757081204094 8.11758248694241 2.0244956439361 4.252376915887 1.57797916540876 3.8229061011225 1.82181281456724 2.27241906709969 1.32554651452228 6.71100335009396
1222.02 7.42986196838319 2.04670570753515 6.11643078550696 1.30750074805692 5.80857256054878 2.17918963488191 6.54262671247125 2.31846140762791 8.05430231429636 2.12242033295333 3.89925153926015 2.33116726279259 6.15741350315511 2.49757112422958 9.25314455665648 2.11736678015441 8.33520877920091 1.67905200254172 9.14668053388596 2.37928248187527 4.3652822393924 1.94745308086276 7.75680505111814 1.98947914652526 8.72273997589946 1.69568347847089 5.70188808999956 1.58587719360366 6.7127982378006
1247.06 3.73802907019854 1.41516029676422 9.2284475453198 1.64868105705827 5.21346244215965 2.0365592665039 7.67701255530119 1.69295358872041 5.00956090167165 1.46351244235411 4.59562815912068 2.23799655232578 6.32443035580218 2.17123563932255 5.5199006665498 1.53186643915251 7.30269954167306 2.45993088912219 8.90936136431992
1272.94 5.54417863860726 1.80817100787535 9.86309237778187 1.92389186983928 6.41259739734232 1.55217031296343 9.95580645278096 1.8635833372362 7.64621923491359 1.32593012126163 3.93796617724001 1.91758599309251 3.83171096630394 1.5415930734016 8.29699642024934 2.28653966085985 4.13331943936646 1.66766448859125 8.78981120511889 1.98068487271667 5.49937260895967 1.34707076493651 5.08269517123699 2.4784206751734 5.67332951538265 1.89928222913295 9.3583324085921 2.26512855775654 5.06091094762087 1.72875777101144 9.59783342853189
1273.01 2.07529307156801 2.27056893203408 6.11070516146719 2.3658025671728 8.23153298534453 1.92681868262589 2.51001123152673 1.6867894127965 8.76885066740215 2.46334451111034 2.34320682100952
1307.3 3.07331043854356 2.16159468488768 2.73542464710772 2.40013379510492 9.79513407126069 2.2489677041769 5.27840339206159 1.93170064585283 2.49463655613363 2.12293942589313 3.18346946872771 2.02981386845931 5.40441563725471 1.46581435576081 5.46061509288847 1.90880619874224 5.20010518096387 2.21547988150269 5.9489350952208 2.37445518039167 3.995964191854 2.37855287268758 4.36218865215778 2.06206139856949 6.90094734169543 1.74542775144801 4.33945330418646 1.80650843363255 2.58216011337936
