# Using the following values to generate the workload:# num_procs = 50
# mean_io_bursts = 10
# mean_iat = 25
# min_CPU = 1
# max_CPU = 2
# min_IO = 0.3
# max_IO = 0.5
49.3947 1.00174419744872 0.408390663005412 1.63041101186536 0.466963923396543 1.37428749119863 0.453973654424772 1.65317102964036 0.378251011529937 1.20488761155866
71.854 1.45916716149077 0.389934883546084 1.87152899778448 0.422829741053283 1.40808005444705 0.414570071268827 1.28591218427755 0.466845429688692 1.03757712501101 0.406677445070818 1.84001109353267 0.436584891052917 1.7439135692548 0.380599223496392 1.43655587197281
80.3994 1.04744618455879 0.318794817151502 1.70778354885988 0.459458680916578 1.68679262278602 0.354800780117512 1.97128864820115 0.389120342954993 1.04975412250496 0.411348987184465 1.98221453768201 0.357034033490345 1.23660548846237 0.34321150961332 1.25839791027829 0.419603032618761 1.90157160605304 0.388744256785139 1.24224420450628
129.715 1.97888730233535 0.443018080433831 1.00767379486933 0.474348394107074 1.61721698916517 0.318330695014447 1.77565946988761 0.476048942841589 1.72344981064089 0.367063430929557 1.97668553609401 0.436050768150017 1.25589062250219 0.337984761781991 1.96054620714858 0.433637800812721 1.27122430386953 0.46080316612497 1.81728112744167 0.406617854395881 1.30215129978023 0.435045367060229 1.93628855445422 0.31298195598647 1.02442509797402 0.438967235386372 1.06017434713431
146.583 1.3404498079326 0.388271876843646 1.57464818726294 0.350581629946828 1.66121255862527 0.311798364296555 1.85564906732179 0.463096409104764 1.10358723578975 0.348810893436894 1.30387375759892 0.430481580318883 1.3946159046609 0.361488462192938 1.27108197449706 0.382212873548269 1.70791851822287
156.728 1.57748962845653 0.301168731087819 1.06667312979698 0.31430295468308 1.06097094179131 0.468379030330107 1.74965556198731 0.437209963798523 1.57293540728278 0.461096667172387 1.0350443138741 0.349998395098373 1.99808955634944 0.497717653773725 1.41140056797303 0.454951666062698 1.96359494584613 0.352518367301673 1.33979290467687 0.47729274132289 1.0720082137268 0.382858779933304 1.29481535940431 0.324724194221199 1.04291636985727
200.495 1.84089227602817 0.477903295680881 1.19577769399621 0.36150385173969 1.47074832045473 0.38952953685075 1.49022239516489 0.324294019211084 1.06711061857641 0.342297413246706 1.06424760213122
209.734 1.73113746987656 0.352844029478729 1.30486771767028 0.389859559386969 1.0017281321343 0.414859361387789 1.65682245371863 0.345022648572922 1.16465576156043 0.334886317560449 1.80829971539788 0.309985026204959 1.97669167164713 0.363757436536252 1.20772795053199 0.316837452212349 1.70831842441112 0.328703321702778 1.15099076414481 0.389311793679371 1.4504477600567
340.115 1.80201501911506 0.423608449054882 1.3567591549363 0.390066987276077 1.08643692149781 0.307818257529289 1.40818692673929 0.451406079903245 1.920362041099 0.41299591739662 1.80712243076414 0.411793814832345 1.39672077517025 0.474126142403111 1.50272463681176 0.338892892608419 1.9508546043653 0.362060760473833 1.1871110429056
364.989 1.36985458876006 0.335177217237651 1.93062320142053 0.425390667654574 1.2287072900217 0.456926623918116 1.01702933106571 0.452562862075865 1.50652282405645 0.319318076176569 1.66437401250005 0.314398321928456 1.85346477362327 0.315124541986734 1.64363168994896 0.333150653587654 1.08829285949469 0.368782101711258 1.43192635569721 0.473510705586523 1.040045280708 0.341317575611174 1.46293237269856 0.410224435385317 1.52831320045516
366.342 1.04974322440103 0.479142662417144 1.78781565185636 0.300016834354028 1.88517122925259 0.309348401008174 1.48996806982905 0.30837283898145 1.58277206355706 0.410300608305261 1.17589148390107 0.359158927667886 1.81872342363931 0.39207360399887 1.65567814838141 0.33482692069374 1.0013199551031
401.147 1.29722187179141 0.447465836349875 1.74887186358683 0.33145269411616 1.51241318252869 0.399579307762906 1.0201298405882 0.45066905845888 1.84470550599508 0.364127301238477 1.87745475233532 0.49033289803192 1.91741005238146
426.945 1.03512435592711 0.458032435597852 1.16895233467221 0.400993885146454 1.39996734750457 0.395743673294783 1.91628055088222 0.305978692928329 1.4815091425553 0.477093476848677 1.94500563875772 0.404628873663023 1.36476218071766 0.361923439009115 1.50631431490183 0.411343811033294 1.96318688965403 0.441854312969372 1.59931570570916 0.399631033046171 1.81852490711026 0.381949599599466 1.32991384482011 0.406080058775842 1.16153630870394 0.438369895564392 1.48510997579433 0.43843398927711 1.53772753756493 0.441937280260026 1.87056814762764
452.544 1.1292293255683 0.376651119301096 1.14836397767067 0.436926876148209 1.30334122222848 0.493908512592316 1.91656012530439 0.491755795339122 1.20172748086043 0.351771805621684 1.732639829861 0.368038516724482 1.19371499703266 0.462635135510936 1.81457367679104 0.392830618377775 1.62181529402733
474.151 1.43137621949427 0.435122440056875 1.3372012572363 0.436893315566704 1.31608863198198 0.46202246309258 1.07263662712649 0.426582151791081 1.81036177068017 0.307227630866691 1.91441621398553 0.324621994839981 1.53435164690018 0.327824354777113 1.3424293117132
487.942 1.95550235337578 0.38989785015583 1.39617977221496 0.496615765802562 1.19408207340166 0.418481182586402 1.78350577130914 0.459469339158386 1.44391820090823 0.316034885309637 1.21248614741489 0.31465891096741 1.3289077617228 0.301409829827026 1.28242029505782 0.303883446007967 1.11060344311409 0.320037585264072 1.52910887775943 0.477224983321503 1.61115460493602 0.361005618609488 1.7039171862416
521.925 1.91300851269625 0.364075851533562 1.78544526407495 0.411043040826917 1.20064735738561 0.37538826582022 1.03688245033845 0.443422285187989 1.33808994642459 0.379587105754763 1.60818503960036 0.323299493640661 1.79015595745295 0.475703295273706 1.07566785626113 0.323604071699083 1.39634064980783 0.426451951777562 1.42887136386707 0.405502893030643 1.11199344764464 0.473685914557427 1.60592073877342 0.436268303869292 1.83973658131436 0.407468437962234 1.64169222349301 0.486979973083362 1.4401968086604
531.021 1.24377028853633 0.463262539356947 1.34357275324874 0.306029523024336 1.20245752786286 0.393122926307842 1.96465945546515 0.343017594795674 1.83077879692428 0.453827567445114 1.15314464853145 0.41117901140824 1.52381342859007 0.442914156336337 1.10463314293884 0.320432682009414 1.71020128112286 0.438030049949884 1.09421254764311
551.544 1.15229810564779 0.472298564901575 1.55561539204791 0.3800253149122 1.70645266142674 0.405690916115418 1.87830073852092 0.460611105151474 1.27953894436359 0.406542332936078 1.58524575759657 0.342213514307514 1.75448853103444
580.978 1.85705903335474 0.42082078801468 1.96745788655244 0.484738466562703 1.27430912922136 0.370221974188462 1.43844130006619 0.321845861198381 1.99053938244469 0.30108478218317 1.77042950992472 0.425202308502048 1.00986873893999 0.485036288714036 1.13576477929018 0.327884685527533 1.23550979024731 0.429794946266338 1.99448102363385 0.453991065919399 1.39537754817866 0.472601281665266 1.30843818210997
589.949 1.61763640120625 0.374863207479939 1.28829504619353 0.499327172990888 1.71810907241888 0.450372369820252 1.2302427822724 0.491476100170985 1.96964608412236 0.352158759953454 1.6639175247401 0.465317981922999 1.02077792119235 0.475348456157371 1.38664829311892 0.431538073252887 1.00100079132244 0.396455721696839 1.0130287995562 0.319510373426601 1.90871473005973 0.352634400408715 1.67276789457537 0.316253551933914 1.56133832153864 0.441800908138975 1.74786653183401
614.707 1.02527980227023 0.326719026360661 1.61918744072318 0.398217316903174 1.99394487496465 0.432090737903491 1.4639822866302 0.365959899965674 1.4997847804334 0.385489536495879 1.67041301936843 0.360742452740669 1.27128536766395 0.396026070788503 1.42357510025613 0.423286938294768 1.83155398699455 0.319240775378421 1.57520724833012 0.400695427227765 1.5137761880178 0.309743003826588 1.4617547467351 0.340697915572673 1.54874893883243 0.44589799977839 1.22369501437061
704.443 1.56829001894221 0.477184688067064 1.35140627599321 0.360865818429738 1.55023474874906 0.483129376824945 1.65139065356925 0.446525199152529 1.23218655888923 0.323478856636211 1.43267072597519 0.323144044633955 1.43102092132904 0.3604232926853 1.78008166630752 0.301801789412275 1.81250193226151 0.481687006726861 1.88013013405725 0.456262168847024 1.1371970991604 0.450144119933248 1.79174227826297 0.333079831441864 1.21415065135807 0.356678062630817 1.20134919439442
705.891 1.58770754886791 0.490955805266276 1.9181468882598 0.461822322523221 1.72069100174122 0.499661800358444 1.76448996411636 0.421475623734295 1.10617135977373 0.301839922228828 1.99437240767293 0.419858484109864 1.83289478323422 0.309989696228877 1.62723823357373 0.396147548500448 1.46390664367937 0.379412274016067 1.2679360290058 0.460720648616552 1.49161990638822 0.364990877639502 1.32679702225141 0.410378101142123 1.67630878067575 0.447762873629108 1.51024095201865 0.491054230136797 1.73469378286973 0.431502991123125 1.96884319419041
716.629 1.94021702604368 0.386143142636865 1.92942361463793 0.353880704473704 1.61557299713604 0.452617983007804 1.19985711225308 0.346074927365407 1.22078373399563 0.41221010806039 1.30322179710492 0.434386713849381 1.52925603161566 0.336013674968854 1.40978841972537 0.36471209032461 1.4725395787973 0.386270727589726 1.24555947212502 0.363920991076156 1.79417279572226 0.322808939497918 1.909127922263 0.370036816457286 1.72071916097775 0.346724640065804 1.38793990947306 0.482121521513909 1.94668604852632 0.369144216552377 1.68758550006896 0.307362324697897 1.02691094996408 0.40842816606164 1.26083995983936
757.669 1.00545471441001 0.473873459594324 1.79394393973053 0.385222919890657 1.91994497668929 0.356092047924176 1.41377999610268 0.478885289095342 1.28235935023986 0.307622534129769 1.54199175373651 0.449081994267181 1.59851414803416 0.420157249411568 1.70017675100826 0.393213642761111 1.87485371553339 0.445651820721105 1.9417759468779 0.395975404186174 1.96600852929987
783.965 1.3592778253369 0.44139910521917 1.16410737670958 0.441005291929468 1.27715931041166 0.30039318180643 1.49639143748209 0.431855395063758 1.16897965664975 0.343393363477662 1.61320524616167 0.403256447194144 1.72737257392146 0.460944720776752 1.11782625247724 0.456183944921941 1.61686873598956 0.374756333604455 1.54436652013101 0.356659236131236 1.71921997237951 0.478130877530202 1.65773191605695 0.316644770139828 1.65664381301031
820.673 1.54900877736509 0.454824539227411 1.42259724298492 0.469901480013505 1.71682486194186 0.338882951205596 1.74855583021417 0.445298136863857 1.84242140664719 0.453733886359259 1.08210661588237 0.468112084828317 1.22139337006956 0.498855722090229 1.85147453821264 0.408100224193186 1.96077592601068 0.359529518475756 1.25481107342057 0.434414727473632 1.20897013577633
824.642 1.654703555163 0.339188624313101 1.84205588442273 0.31475061411038 1.65726449759677 0.319065323704854 1.99597539403476 0.329293679678813 1.93623230536468 0.353894351236522 1.61775021371432 0.42932798564434 1.63947729649954 0.337266362644732 1.37314036558382
844.711 1.16660245670937 0.36258483780548 1.43355964310467 0.415471427515149 1.03333864919841 0.377974225534126 1.64950031996705 0.310942861484364 1.73894026083872 0.353020944353193 1.64583973400295 0.430174545617774 1.36924281017855 0.392007766664028 1.28408995107748 0.344228624971583 1.7685020826757 0.315674996050075 1.67331925383769 0.355447236355394 1.57531874952838 0.47264689039439 1.9880561560858 0.453771109832451 1.52045558462851 0.434896266600117 1.44302312913351
916.433 1.1244961747434 0.470027510030195 1.5938916595187 0.359523497428745 1.48252680781297 0.385683273198083 1.30787319689989 0.461238873191178 1.22352044051513 0.410711506474763 1.93466449459083 0.31283344803378 1.35327144456096 0.469467951636761 1.54415473341942 0.376617981586605 1.69165685330518 0.425021222792566 1.57120153517462
937.037 1.17950773518533 0.30640235519968 1.4048811388202 0.386935191648081 1.7538953400217 0.320216694381088 1.28578100958839 0.415620872983709 1.43047354184091 0.497566137509421 1.50720768002793 0.351225082762539 1.01618885225616 0.387647790461779 1.95839704107493 0.431329616904259 1.43223842931911 0.481624825438485 1.30797626636922 0.348831825796515 1.27056171838194 0.336064491607249 1.47650987026282 0.483288238570094 1.56974773760885 0.46478186477907 1.97286391770467 0.306224171677604 1.72981880605221 0.327618001867086 1.67772622755729
963.989 1.37830416904762 0.364882864803076 1.49344900739379 0.319185891887173 1.34432392357849 0.378423365252092 1.06263114814647 0.304231604840606 1.10968528245576 0.389918885519728 1.58639548206702 0.348567425273359 1.5772333543282 0.458464119164273 1.19092082348652 0.426799964532256 1.07836524420418
1039.42 1.32675150036812 0.30305661438033 1.30192368361168 0.389152590883896 1.02711960091256 0.454714991338551 1.06667682458647 0.383496054494753 1.50463100802153 0.386725190561265 1.10656384448521 0.415069594839588 1.94511140673421 0.497665371652693 1.56295834854245 0.378654658840969 1.39473964646459 0.452746777515858 1.79348904592916 0.419361773924902 1.73090075259097 0.455264516826719 1.71139752678573 0.304872386949137 1.25784262409434 0.451835035858676 1.72647879365832 0.365550013724715 1.67808313621208 0.446366713568568 1.57618704042397 0.450314734643325 1.35414371406659 0.438989288592711 1.17860555462539 0.438058655383065 1.61408100253902
1057.17 1.11134462151676 0.391469762055203 1.56935091712512 0.387129506515339 1.11260980041698 0.338436908088624 1.94251736835577 0.498876474238932 1.05754863424227 0.355211327597499 1.5115893301554 0.476684702932835 1.79094724473543 0.347490093996748 1.72137353592552 0.389399712439626 1.26314568659291 0.487028664257377 1.34217046061531 0.413885739538819 1.28007853520103
1081.19 1.11068375268951 0.419483557948843 1.40312542789616 0.484162832796574 1.8513074114453 0.467306971596554 1.51085687382147 0.481217699497938 1.85878324601799 0.448180495062843 1.84991264040582 0.388350781612098 1.56474107247777 0.448250199388713 1.58111939905211 0.449593135761097 1.72243793820962 0.330936129111797 1.31325543113053 0.412882381025702 1.03787088417448
1084.33 1.35197911737487 0.319719119509682 1.51495639281347 0.443123494414613 1.24326949287206 0.34147710618563 1.92591073922813 0.461136056343094 1.30773130967282 0.472818114841357 1.60144867701456 0.337458813656121 1.14330536546186 0.477939654421061 1.99495787289925 0.472175211785361 1.13936533033848 0.491324188467115 1.10486431070603 0.449984515458345 1.85529140662402
1236.76 1.59954569162801 0.304804550623521 1.79578749649227 0.362580400286242 1.40116187278181 0.421351948659867 1.49571380228736 0.390732192294672 1.43043735949323 0.353953758021817 1.42075915448368 0.415519698243588 1.54101540613919 0.43257603100501 1.72833826113492 0.464401826122776 1.19805850554258 0.423567457264289 1.96845845552161 0.409742303704843 1.71740349149331 0.346816982934251 1.69474771968089
1238.31 1.91240464081056 0.349664611835033 1.10748748993501 0.453869545273483 1.39621683442965 0.359579446772113 1.06378585123457 0.360666845086962 1.70861561968923 0.308477926999331 1.3377637390513 0.397451515123248 1.53900095704012 0.393676891643554 1.81588533497415 0.390129846287891 1.87195306550711
1238.55 1.33931154105812 0.357139564491808 1.42144972155802 0.375273930747062 1.54023406771012 0.34913114500232 1.59944699960761 0.346711979433894 1.11053553619422 0.367736114514992 1.72438579192385 0.357112844847143 1.92605047859251 0.495283249206841 1.65856028650887 0.426921512233093 1.50768034509383 0.372741989744827 1.74478329624981
1240.18 1.63230525725521 0.311254542833194 1.64786885795183 0.355408986331895 1.01861554756761 0.432705136947334 1.54123224457726 0.371563144540414 1.94027844606899 0.355286842025816 1.74092183215544 0.366915794275701 1.0176618907135 0.371412202669308 1.31826586811803 0.436766993114725 1.52763501019217 0.471877299342304 1.61136672506109
1241 1.47518908418715 0.315786563046277 1.74360746284947 0.437241979409009 1.25614118087105 0.364600960863754 1.99617821793072 0.366660669120029 1.82915359479375 0.372746794857085 1.52667468972504 0.428898146795109 1.32028595148586 0.46056274920702 1.14231708319858 0.439320787135512 1.48881490621716 0.461733599193394 1.71151180332527 0.40766243939288 1.60724964435212 0.398650858458132 1.71883100201376 0.458086881646886 1.76232716906816 0.494358372455463 1.9963477733545
1274.37 1.19213462574407 0.438815992092714 1.2324678611476 0.343907803436741 1.55797460325994 0.450096722133458 1.10536541300826 0.466117854276672 1.58688366319984 0.326682978030294 1.88345470558852 0.485313523886725 1.10080059035681
1293.06 1.03380558802746 0.448671978898346 1.10456004901789 0.480753665463999 1.4898521094583 0.389310942543671 1.23827347392216 0.325474973348901 1.53049066872336 0.415299518639222 1.56382312416099 0.37691423133947 1.35005770577118 0.390568772237748 1.79384044115432 0.430565241677687 1.76041228813119 0.486369262449443 1.66206993791275 0.403476366586983 1.43222103803419 0.345387344248593 1.93424085271545
1341.58 1.61129653546959 0.336873864382505 1.04562272178009 0.317267216881737 1.44769046199508 0.342796998703852 1.62068882235326 0.387869872432202 1.78595206094906 0.419519700901583 1.57603294262663 0.458335508126765 1.00344725232571 0.339942393405363 1.20879072952084 0.361941547924653 1.13734106649645 0.354808303061873 1.50606301031075 0.35268489997834 1.52757672476582 0.417692897468805 1.10123760602437
1350.28 1.3371919982601 0.480969761172309 1.93491140077822 0.426400758512318 1.64576105657034 0.379075998114422 1.93149773566984 0.336772149056196 1.34072377672419 0.367051970586181 1.00859582750127 0.30333271548152 1.75091524189338 0.40731922048144 1.55176881398074 0.48588091712445 1.61741703236476 0.461396919563413 1.3037816954311 0.434514918318018 1.75555398012511 0.349095448805019 1.18219186109491 0.431339740473777 1.73563297884539 0.493673160951585 1.47668387880549 0.304851197497919 1.60487899254076
1358.53 1.27056862763129 0.471716304402798 1.32021347363479 0.404421710036695 1.57743634073995 0.321605595806614 1.88234262471087 0.416600843518972 1.31974806869403 0.419997487822548 1.60695844958536 0.418040309939533 1.19465540791862 0.374941559042782 1.50118453940377 0.381318858545274 1.20428202906623 0.338659092504531 1.23883565305732 0.345853172941133 1.94549880549312
1399.08 1.54559093574062 0.37066658930853 1.68973805382848 0.428264746908098 1.30362741160206 0.483455762406811 1.79527362249792 0.394985243864357 1.96825267001987 0.452590384753421 1.49290139181539 0.452795055648312 1.02355937752873 0.373300395533443 1.36352017940953 0.31689877952449 1.82258335035294 0.396031385986134 1.14291207562201 0.440264227008447 1.96796243567951 0.374894067598507 1.19141183188185
1438.26 1.29477580287494 0.426686001662165 1.62013574666344 0.454165821010247 1.77197296731174 0.397678257059306 1.34518345026299 0.396211932273582 1.99688433879055 0.320323363039643 1.00166260031983 0.486051010992378 1.9436950283125 0.33660556753166 1.08713382459246 0.405351745057851 1.16123042046092 0.432657934445888 1.72687825234607
1442.5 1.61167843034491 0.436474960437044 1.89555101469159 0.46146538653411 1.29501610505395 0.393939645355567 1.580906532472 0.4248465125449 1.82392438966781 0.426076397113502 1.8129431498237 0.404619455104694 1.33741275197826 0.413115152949467 1.80554933403619 0.402834538929164 1.04515223763883 0.435596693214029 1.08163957134821 0.479399148467928 1.74461001413874 0.307994857151061 1.45492804795504
