# Using the following values to generate the workload:# num_procs = 50
# mean_io_bursts = 10
# mean_iat = 25
# min_CPU = 2
# max_CPU = 10
# min_IO = 1.3
# max_IO = 2.5
5.83781 8.73866596072912 1.65746442824602 9.40358626097441 1.89417343204841 5.51199332438409 2.28053128831089 3.90787670947611 2.30009574946016 3.32331964932382 1.54927849853411 7.60053822956979 1.65840340536088 2.60771305859089 2.32967337686568 5.42231322079897 1.4170949716121 7.91333040967584 2.26388500938192 3.6229334436357 1.67732797134668 9.71634619496763 2.42223649322987 7.96753259375691 1.6338642148301 9.89055869728327 1.93473225114867 7.38821119628847 1.32347435299307 2.75903833657503 1.79601852903143 5.13340684212744
10.6676 8.72519267909229 1.56225301995873 2.61884335428476 1.80429596798494 4.43080239184201 2.24299113200977 3.21306239999831 1.65395320765674 5.66738784499466 2.33108727233484 8.95139874517918
15.8108 2.45743435248733 2.09581853514537 4.18519811145961 1.48641345640644 6.38496465794742 2.29316455898806 7.02647552266717 2.4386246830225 8.03424005955458 1.31841666763648 4.90840279124677 1.41284781824797 8.47600768320262 1.51757861599326 8.89060757495463 1.36901859119534 4.79156927578151 1.87197280982509 9.78604074195027 1.64560780683532 8.51078617945313 1.71608271570876 4.45526597835124
44.9699 4.76741157099605 2.40498562874272 5.27325012907386 1.71024606740102 8.15827595442533 1.82909903200343 6.3510563261807 1.31208278387785 2.20737850666046 1.61730396077037 3.94654542021453 1.97506174081936 8.2861140947789 2.34172404659912 4.91581627726555 2.34646943258122 7.91825185902417 1.46141577325761 6.19824943505228
90.962 9.62813478335738 1.93327970979735 3.85542627610266 1.8744470034726 9.39308694191277
128.273 9.27861056290567 1.52122452510521 4.88378306478262 1.81590229403228 2.02206435240805 1.48863726695999 6.34871064685285 2.18489030916244 9.82402176223695 1.41337835136801 4.54644246958196 2.03986579962075 3.56067225150764 1.83283060751855 2.11584432981908 1.42915384052321 2.88509909436107 1.51177390944213 2.30327201634645 2.35519038848579 8.37275273166597
128.904 2.33751007169485 1.87043400276452 7.21893697045743 1.56745741125196 6.69759382307529 1.79545830944553 2.53018072992563 2.18635426694527 3.46729622408748 2.47588966088369 2.1132592651993 2.49756403453648 9.38432713598013 1.8817340252921 6.46077883988619 1.66413523182273 7.62699604406953 2.45445813974366 9.33182105608284 2.42369644585997 4.01347699388862
156.948 3.23066248185933 1.94912028471008 5.44106060639024 2.45093595869839 2.48673328757286 2.17977635888383 8.57149541191757 1.64311205269769 5.59169095568359 2.20317572513595 6.96927272714674
161.028 7.93408388644457 2.26490814136341 5.93816645815969 1.69749606056139 4.38796854391694 2.20460954271257 8.03657107800245 2.09078160785139 2.01842392422259 1.78509684829041 9.70101959444582 2.2529140656814 6.21000824309886 1.58509506899863 5.81545782275498 1.90136453360319 3.37035509943962 2.0644662886858 6.05150790140033
198.612 8.8183144684881 2.36628535278142 4.41465657576919 1.89925142256543 7.4814739562571 1.94873930066824 2.25615141168237 2.14249286456034 8.39720064401627 1.32750384593382 3.40614018030465 2.29926409982145 5.7082033008337
200.892 6.14891623146832 2.29511616136879 8.98912764899433 2.08398829214275 3.48270863294601 1.4468361729756 4.78125001117587 2.13842751719058 8.24739105068147 1.80672476468608 4.91466281935573 2.291014753934 3.63343016058207 2.21972899315879 2.2885773293674
222.624 3.75936824642122 1.9992817895487 4.20696137286723 2.46534256348386 8.55499761924148 2.12076839311048 5.9957204349339 1.69486083099619 9.64860590547323 2.09715424505994 5.93895836919546 2.15038051987067 5.02811042964458 1.96769099747762 3.32184437289834 1.42893462078646 4.72502777725458 2.24461914235726 8.80091427452862 2.08188001466915 8.79512104019523 2.01774639748037 6.50650049000978 2.03478380758315 4.69774475693703 1.8601187242195 5.80966814421117 2.18033606018871 3.27192116342485 2.18146675461903 2.85048284195364 2.10368915451691 4.74607758969069 1.80891417143866 3.30220059305429 2.37983486270532 3.96793524362147
305.577 5.41763778217137 1.73862508907914 3.01038053445518 2.15445663603023 2.43912911787629 2.14347282471135 4.24314808100462 2.1698083342053 3.52647218294442 2.48954339362681 7.7120125759393 1.43764895526692 4.36414944007993
417.23 2.90061357244849 1.35020890813321 3.53190234862268 2.38010280365124 4.31512126512825 1.61979194767773 4.18170648440719 1.75587721979246 2.61577469296753 2.35545111624524 8.11618051677942 1.48972933534533 9.33219706267118 2.44838769249618 7.01566084101796 1.99821016211063 9.66391093283892
420.267 7.27269806526601 1.62490629469976 9.7138125281781 1.89076423319057 8.49042807333171 2.10181273613125 6.48764069005847 1.97455514445901 8.47048029303551 2.45139777837321 3.04342330433428 2.47606119541451 4.17453708313406 2.27150222146884 6.982201885432 1.46436804579571 9.99861218594015 1.6353446145542 3.57980288565159 1.87337859692052 9.75999801419675 1.58337834486738 3.59477541595697 1.60326095791534 6.05113438330591 2.02325003528968 8.76598655618727 2.45089050084353 2.54877925291657
438.535 9.50039979442954 2.31866095531732 5.0118667986244 2.48313999930397 7.05411590822041 2.34101015487686 6.07438508793712 1.95030938005075 3.08153249695897 1.54479006119072 7.64261683449149 1.47688145413995 4.98066359758377 1.49569634431973 7.17230198904872 2.30963801508769 5.17671304009855 2.09041533153504 3.02436651848257 2.48920542243868 3.65602731704712
524.812 9.46518394164741 1.41333073126152 6.75310282595456 1.72669432610273 2.93715110048652 1.95303902924061 5.91590652428567 2.12069557532668 6.06381740048528 1.67246813438833 8.61761983856559 2.19507768712938 7.59333832003176 2.26674145692959 9.29829960688949 1.78034456958994 6.21977942809463 1.76586377769709 8.52023705840111 1.66443077716976 2.59374271333218 1.79562916364521 4.94025912880898
564.354 4.38882947713137 1.34158957106993 9.45629098080099 2.17721174601465 5.60810685157776 1.5691830101423 9.5428702943027 1.4982551317662 5.78158763796091 1.47261887416244 8.53578905202448 1.93137001888826 9.84669630043209 2.00682352259755 9.26191774010658 1.49643919020891 6.14489221200347 1.9761660062708 6.73383778333664
574.715 8.89271227829158 2.35575367501006 6.78862167708576 2.08586675096303 4.05993419326842 1.6013472716324 9.57288749702275 1.9977283465676 4.67587031796575
607.732 3.75406788848341 2.23807025803253 8.60104172676802 1.37762873610482 5.97801423817873 1.53530003773049 2.29794361442327 1.62364612389356 3.96830124408007 1.74942365335301 3.94335500337183 1.81511571360752 7.76690049096942 2.09540999252349 5.94865104183555 1.73395532015711 5.66292798519135
636.279 5.67030317150056 1.34933120273054 3.74982351437211 1.89839668944478 7.85883527435362 1.38176125213504 5.33059359155595 2.46135320644826 5.89854214340448 1.77023253180087 7.41508352570236 2.45494428649545 2.0363209079951 2.06649382272735 5.72879726439714 1.72365122558549 9.42407879978418
650.955 9.89008079841733 1.53298985948786 7.64125281386077 1.54598201867193 9.60770739801228 2.26598011972383 5.54618308320642 1.824320936203 5.24007846787572
652.238 8.51518608443439 1.46995843406767 7.64640722423792 2.21499427175149 8.99537421762943 1.31226553730667 8.75128723308444 2.0963756875135 5.86386233940721 2.11441487949342 7.81223032437265 1.97483380194753 9.74213261157274 2.28047424582765 2.67005665786564 2.45367002543062 8.87095763534307 1.77801747303456 6.46158107183874
677.841 4.61382331885397 2.40795882390812 4.69032605923712 1.92394860750064 4.9324253257364 1.53519740076736 6.42682099156082 1.30275712842122 5.20591645687819 2.24751567495987 3.73753944225609 1.81496418612078 8.24834308028221 1.67983173830435 3.62202562950552 2.27399135250598 7.34108541719615 1.60969379339367 4.60455618798733 2.12443036055192 4.39349212497473 1.581125762593 4.25301382131875 1.84065315164626 5.85843565687537 1.44294411977753 8.55970966443419 2.43273823307827 3.92545969970524
680.53 2.93098426610231 1.39938789382577 6.75739667378366 1.63414784390479 8.59268260747194 1.60303842732683 9.18662256188691 2.21879275636747 3.10840534418821 1.63901503011584 3.04178771190345 1.54929234739393 6.50069231912494 1.47976459441707 3.73940839618444 2.29754690127447 8.57937626168132 2.11221553962678 6.74117749743164
697.61 3.33248654194176 1.65675517031923 4.76733117178082 1.35516052469611 5.69449449703097 1.81939336983487 3.50631343387067 2.18386270068586 4.99858969636261 1.4991389548406 6.27817614376545 1.77598354499787 8.53993761539459 2.08499105190858 2.02254503965378 1.34203447718173 6.24957406707108 2.04038862502202 4.79059099033475 1.82219069926068 9.89339999482036 2.04454938555136 4.49349456094205
727.835 9.25714805908501 2.48572937510908 9.03330606408417 1.64527108315378 4.4289612043649 2.42839114675298 3.73653632029891 1.32158164745197 9.40183808468282 1.95009417245165 7.28129054792225 1.78266162769869 8.23738067597151 1.74080701861531 5.31615516357124 1.78111785743386 3.53083643503487
754.953 3.44796603359282 2.02228703452274 2.65345617756248 2.07073676083237 6.40092021971941 1.52048726296052 3.83066045492887 2.39599830489606 4.16674674488604 1.68154939841479 6.80186410993338 1.63063305402175 9.54711731150746 2.10961722312495 6.64620710350573 2.4245250900276 6.86900540813804 2.35328618716449 6.03974253125489 2.17878272952512 7.50056210719049 1.64224778655916 2.22022844292223
758.764 3.30386141128838 1.37069341251627 7.00595266930759 1.35545328808948 4.00259842164814 2.45142357144505 4.89695758931339 1.46609828742221 3.72820486314595 2.01801345692947 6.68031438998878 2.19544395087287 9.88017332740128 1.84256609696895 9.21866087988019 2.07583984341472 8.79829337820411 2.21194639103487 2.84855861775577
794.542 7.25680031813681 1.85916420789436 2.17440517432988 1.4821819562465 6.23498849011958 1.6639023417607 7.02360637113452 2.24812654666603 6.88546060398221 2.4890478127636 5.02674590982497 1.47632218645886 4.05183078348637 2.05332625182346 3.72120291925967 2.03925514919683 7.05473812669516 1.36194653362036 4.74306280910969 1.72378701604903 6.40996826440096 2.49183288421482 9.16489605046809
969.094 5.42357985861599 1.73818143466488 5.63008549623191 1.30687508983538 9.05791956186295 1.48299841815606 7.16822814196348 2.03388749016449 9.32950935512781 1.45607020920143 9.14137051068246 1.85412472579628 4.08119261451066
979.964 9.09052668698132 1.82879266170785 4.15713283792138 1.43261873824522 6.28644159436226 2.49345074212179 7.97999446466565 1.31062364457175 5.4413898140192 2.08467100905254 9.00311604328454 1.34608510229737 5.13583025708795 1.46212253449485 6.12560844235122 1.51867258287966 4.84774718992412 1.3579847949557 2.58544036000967 2.01173770558089 3.08632167987525 1.36499892547727 3.68572236038744 1.7896177649498 2.27288087829947 2.36631751414388 2.46920259669423
986.06 6.89391668699682 2.494811897818 4.10762657225132 1.91402376890183 7.58240037225187 2.0939070686698 6.34531442634761 2.34803510336205 2.38751033134758 1.90167074687779 2.1175359711051 1.93665349148214 4.69994107820094 1.50818838523701 5.06963320076466 2.34999084472656 5.62604651041329 2.31042199153453 5.14823128096759 2.11872588954866 3.80271860025823
1006.11 8.54079514928162 1.89253782294691 4.0716225001961 2.32048841360956 4.87832559645176 2.38616177020594 6.6493484210223 1.49521650969982 4.96924176998436 1.60683995233849 3.11550178006291 2.25137883909047 6.94001935049891 2.02050095768645 3.61438859626651 2.20234357481822 4.79350296035409 2.24084069970995 9.35560972243547 1.42637434555218 7.92337658256292
1054.97 9.55172045528889 1.58403222048655 8.18155690655112 2.10147558553144 4.78559581190348 2.15380954081193 4.7763145249337 2.18038887651637 7.61416481994092 1.71519584581256 3.80944685451686 2.2597390320152 4.61904942803085 1.42577844392508 2.21286777034402 2.14831997510046 6.31583768688142 1.8543395768851 8.91461662761867 1.85636871466413 5.58338853903115 2.15810018647462 8.14409070648253 2.0012225985527 3.40968078374863 2.25808862242848 4.35487173311412
1079.22 9.79736408032477 1.78604574007913 3.85735372081399 2.39810934728011 8.94740040786564 2.17708116965368 4.27224380522966 2.36849291054532 6.16688304394484 1.37015652032569 2.69372222200036 2.38195133991539 8.3133987262845 1.56825812775642 5.61818277649581 2.17298312168568 4.1425630133599
1083.74 3.98573597893119 2.30681869741529 9.59687970764935 1.89961558552459 5.80087717808783 1.304087435361 9.78957534767687 1.38869713339955 3.0055090021342 1.80881502665579 7.4535416662693
1096.95 4.30585121922195 1.61732051894069 8.80397020466626 2.06159524628893 5.65360729396343
1177.7 8.20525828935206 2.47115164594725 8.65510630048811 1.62153356578201 7.35625300742686 1.48774682413787 2.86348685063422 2.39418723238632 7.95388867892325 1.80343834869564 7.44277685508132 1.33575012711808 5.32262292318046 2.24953015474603 2.44452358596027 1.85468566538766 7.40368014387786 1.51118771601468 4.75211124867201 1.51820326419547 9.95364362932742 1.53148710383102 5.19281509704888 1.61779299089685 9.48327211849391 2.10666627716273 8.90924878418446
1179.26 7.5298812687397 1.54831900307909 8.13850822485983 2.46058810940012 4.09374053217471 2.19983447026461 7.98589334636927 2.07838568976149 9.37538526579738 2.00338006829843 8.35067583806813 2.00940287727863 2.50497374683619 1.98598175970837 9.49539610929787 2.00160520728677 9.98720135167241
1204.03 7.49365611746907 1.58319764388725 7.45901113376021 1.82105732709169 5.87669749930501 1.33282534470782 5.30934222787619 2.13192363362759 9.8047584798187 2.21892956690863 6.35759849473834 1.82989639798179 3.45405816286802 1.68599998448044 6.3855709861964 2.01264803865924 7.98142272606492 1.7593266017735 3.55271204002202 1.5108597394079 8.36484294384718 1.80313048083335 8.73169805854559 1.41818143697456 5.67664000764489 1.78024476207793 4.97034439817071
1204.3 5.13259974308312 1.33133575227112 9.61255717463791 1.99812723239884 3.64096777699888 2.33016937905923 5.25686747767031 1.90285018347204 3.63613711670041 1.73274302510545 3.83119206316769 2.41360762119293 8.64583226665854 1.70723994616419 5.43738397210836 2.17003141827881 9.20501111261547
1239.34 9.6117235776037 1.70153726218268 3.42783670127392 1.69566288748756 3.81936596333981 2.48050036421046 6.97242093086243 1.50892084985971 9.99584119021893 1.92861196175218 5.22443460300565 1.89104897845536 3.34698863700032 1.47005840698257 7.21117533370852 2.06947694541886 8.16282946057618 2.45231833709404 4.31849670596421 2.21937128286809 9.62108239345253 1.73996098898351 7.14532945118845 2.05186679847538 3.78625346533954
1251.71 9.75294890627265 2.36569760562852 7.27050496451557 1.62768832296133 4.13364037498832 1.47870797365904 7.20065742917359 2.41452082227916 5.21297182328999 1.42436185395345 5.04526379331946 2.48971410589293 9.41467403434217 2.05731260003522 2.94867155328393 1.33041618485004 8.44480416178703 2.00669324016199 6.46836581081152 2.32840060163289 2.23188809677958 1.94076505610719 7.2432568911463 1.53410059297457 3.56623045168817
1275.25 9.97330965101719 1.38016196740791 2.23752546496689 1.3851403772831 5.57410974800587 1.86807008059695 5.27591555565596 2.15733504332602 2.97237271815538 1.68874937752262 2.55894124694169 1.3849889065139 4.00328942015767 1.93019966324791 8.1822073739022 2.12956455759704 2.047981467098 2.20384533805773 8.54797860607505 1.85093631884083 8.16307013854384
1285.37 4.68342641368508 2.28647674126551 9.56692675873637 1.5337013727054 7.80020795948803 2.44460453782231 8.56091874279082 1.35047346083447 9.89799007773399 2.43588064098731 4.24587091803551 1.48469711057842 5.24240753240883 2.08191676512361 5.04080555215478 1.9547765346244 9.16249972581863 1.59850679999217 7.64678076095879
1386.5 4.1855260245502 1.54710432253778 9.18144758976996 1.45618230430409 7.8402161244303 1.6144499540329 5.17106781713665 1.73629767429084 4.4945515319705 2.07110653491691 7.27456468529999 1.82385256942362 2.87647164613008 1.78094688700512 8.18618061579764 2.14989928519353 8.9666805267334 2.25562228066847 6.86705601215363 2.36428334107622 2.3974225576967
1387.77 5.39832192100585 1.61908687734976 8.79904347099364 2.12683679070324 9.68220910988748 2.37851072400808 5.44210747815669 1.91164552010596 8.73837091214955 1.44030576320365 9.4650066383183 1.86760053196922 2.716104215011 2.30665353955701 2.70677122846246 2.38360500391573 3.94206639565527 2.0610499439761 7.97671312279999 2.11547174584121 3.60377425886691
1396.48 3.49741274118423 1.36945772357285 5.01908309198916 2.25089137554169 7.93931065686047 2.06225128835067 8.52229797281325 2.46516361823305 6.17465200088918 2.13867026995867 2.22450473159552 1.66686411490664 2.41927167028189 2.30196784725413 9.28211511485279
1400.02 8.26028695143759 1.54089535456151 3.6667647305876 1.87131745507941 3.21467375196517 2.31944536119699 6.45735798403621 1.76335231754929 7.54845748469234 2.49072182830423 9.9559847805649 1.78778224103153 9.43282005004585 1.66145820533857 6.9757836330682 1.99034086763859 2.59466266445816 1.46170907756314 6.62487919069827 1.8320193217136 3.04650754854083 1.67768936436623 2.61372382007539
