# Using the following values to generate the workload:# num_procs = 50
# mean_io_bursts = 10
# mean_iat = 25
# min_CPU = 1
# max_CPU = 2
# min_IO = 0.3
# max_IO = 0.5
0.280635 1.95430078729987 0.378442337084562 1.38923075655475 0.483791247475892 1.2177923140116 0.353804134065285 1.61972312768921 0.305507407430559 1.03110698051751 0.380331966793165 1.34166339435615 0.451179228583351 1.81120353611186 0.327543201623484 1.5525886930991 0.498052600445226 1.11980599537492 0.420553934574127 1.97054303251207 0.42310555758886 1.85038573225029 0.407640538457781 1.581312548602
13.9082 1.46840427815914 0.355790666071698 1.63840721943416 0.319332888396457 1.16626563225873 0.492876087967306 1.32958503626287 0.40650989850983 1.27082566847093 0.496518453396857 1.03115424118005 0.304620608501136 1.75160959479399 0.358925190102309 1.58498155814596 0.490905162412673 1.7771217150148 0.480097443237901 1.45552812842652 0.438364592101425 1.31292224884965 0.31453192695044 1.47308909380808 0.451196043286473 1.52515555010177 0.458665970759466 1.31675037322566
16.9476 1.56358056492172 0.490367939230055 1.40797980478965 0.36173797538504 1.03231770801358 0.314998675091192 1.90417686896399 0.310772688081488 1.53293625148945
43.802 1.02082297229208 0.386047873692587 1.36784871085547 0.444356268690899 1.31384892645292 0.368505902495235 1.31283515947871 0.363729457231239 1.44849027856253
91.1776 1.4667839454487 0.488842065865174 1.63313996419311 0.320561532257125 1.24662798573263 0.47341157309711 1.4296966502443 0.474633782496676 1.84057538420893 0.401260955259204 1.97928126924671 0.389958899468184 1.03487741481513 0.429920413624495 1.94547380041331 0.412608125014231 1.24261968536302 0.36893352130428 1.68256000615656 0.362191236531362 1.34172032494098 0.31900039203465 1.3173695418518 0.403997972141951 1.43194705154747 0.400060400273651 1.45664257113822 0.423562800651416 1.85528942290694
94.0156 1.13159011933021 0.316674946108833 1.89567270013504 0.455702870013192 1.36012166505679 0.462491801613942 1.60855358559638 0.435907322959974 1.26081970171072 0.323999473825097 1.577145220479 0.341228505503386 1.38330297009088 0.38346409862861 1.32451744214632
94.9697 1.5992846947629 0.464980507176369 1.66420260537416 0.458765877177939 1.30847348854877 0.345370631990954 1.42407730268314 0.362184026977047 1.8577814749442 0.403095725551248 1.42607333627529 0.354011767636985 1.85253029642627 0.407314955210313 1.66796637675725 0.331862514372915 1.48860736307688 0.446362702688202 1.29173939954489
245.963 1.17754640546627 0.488482739124447 1.16301502753049 0.403055831464007 1.91904414747842 0.426025980617851 1.16782810376026 0.429630210250616 1.27753909514286 0.353039094526321 1.15121194650419 0.457260382594541 1.29992891964503 0.383457568148151 1.24272715253755 0.440968165593222 1.02650084253401 0.402224343037233 1.20320724346675 0.481675176369026 1.9415278872475 0.365251618251205 1.38057614606805 0.346178044611588 1.94103102735244 0.475950494315475 1.39567207801156
295.662 1.36882077017799 0.311140930466354 1.55410352977924 0.436250130366534 1.62482840497978 0.316029423940927 1.78832319984213 0.429743136884645 1.67003248422407 0.466575631871819 1.73323515546508 0.474626108538359 1.38846037676558 0.309670658782125 1.78162844781764 0.312634109565988 1.1141542729456 0.372392938612029 1.16534546972252 0.427254638029262 1.01501223049127 0.475572626432404 1.22324388357811 0.411643454246223 1.01446999120526
303.537 1.46030541160144 0.472144208010286 1.56242812867276 0.483795332862064 1.24061581306159 0.338599914684892 1.41129242698662 0.399962495360523 1.93652798701078 0.356932997051626 1.13561437022872 0.326128963101655 1.52989151910879 0.354730177531019 1.03837289707735 0.446591277001426 1.94721995457076 0.400053769536316 1.16883578198031
324.79 1.14249221235514 0.480370139703155 1.18690709071234 0.393736558314413 1.53110748459585 0.494652586244047 1.23049293388613 0.301752575300634 1.06291601178236 0.356938843801618 1.73954758653417 0.396984446048737 1.33491083211266 0.422361759515479 1.85015588835813 0.319594116182998 1.65182175836526 0.454346565855667 1.48722820566036 0.356544776819646 1.88624551752582
338.868 1.71677089319564 0.411360960593447 1.09498490346596 0.468563033500686 1.0840182157699 0.319459723262116 1.90795610914938 0.495570964878425 1.46735812909901
361.669 1.01153079140931 0.422560753906146 1.22829982545227 0.420808891300112 1.88945023552515 0.423827857663855 1.48028591345064 0.302514798892662 1.78594057424925 0.42796812672168 1.31827332358807 0.452575894445181 1.6015020662453 0.391187399672344 1.40614086273126
423.475 1.16691655223258 0.473363628750667 1.1797348910477 0.444370580743998 1.43488316587172 0.407598090171814 1.00358223775402 0.326466746348888 1.36669106036425 0.329556237021461 1.97054642136209 0.443919334886596 1.34444030560553 0.410710238898173 1.45400243252516
427.487 1.86330237844959 0.316095639904961 1.02406813506968 0.453545439150184 1.48960234224796 0.346067519672215 1.29714137036353 0.389550586929545 1.96168997650966 0.48002368551679 1.76608640188351 0.347893352946267 1.22409262787551 0.491640441631898 1.44895940739661 0.349062630301341 1.29988168925047 0.302066527865827 1.71517066541128 0.457659055944532 1.00056379730813 0.455512545397505 1.96307625039481 0.414984622085467 1.50576230813749 0.483384390780702 1.51969723100774 0.335143473884091 1.12782538100146 0.49066858664155 1.41772074531764 0.322919927304611 1.54293152550235
452.163 1.10331804933958 0.32020950387232 1.72788992826827 0.486625866265967 1.94661012105644 0.454515966121107 1.09913746407256 0.420647631073371 1.651773405727 0.354759947955608 1.71486394200474 0.43739186739549 1.37717156670988 0.448885067831725 1.98867255658843 0.307490020897239 1.9342525950633 0.413576626032591 1.27540078898892
491.768 1.36936344043352 0.482663031341508 1.28891294519417 0.339856002153829 1.5620933547616 0.387062405375764 1.04907005792484 0.449800824420527 1.12665282422677 0.465515533648431 1.53547896374948 0.302731880173087 1.46268982207403 0.325896161142737 1.21056347480044 0.340713572502136 1.94149890262634 0.376457881135866 1.82914477982558
503.087 1.70176641247235 0.30133605953306 1.68727964255959 0.477994899451733 1.75627597072162 0.33542453404516 1.09063108381815 0.307431908231229 1.72966491640545 0.301162986038253 1.68782949191518 0.440514032170176 1.72965202690102 0.370726774912328 1.52342310035601 0.394780567660928 1.28206572332419 0.345269513130188 1.44472558866255 0.369193797092885 1.85144469025545 0.451310396427289 1.37066306103952 0.449873051652685 1.69357194425538 0.423586200270802 1.77423917036504 0.450478792376816 1.21632014308125
512.272 1.10291640786454 0.342419404815882 1.93337133550085 0.453157427348197 1.73746665380895 0.314811946963891 1.48691245308146 0.307090662140399 1.51630901265889 0.332173558790237 1.82235779357143 0.432215371076018 1.28072628122754 0.386967964703217 1.22165542305447 0.330531505122781 1.94758927682415 0.388281752867624 1.79045913857408 0.439117886591703 1.11706147366203
514.893 1.31526552257128 0.344765154225752 1.4286409560591 0.350360853783786 1.51410697167739 0.40871240044944 1.75644108233973 0.46316993245855 1.45200960477814 0.483516058791429 1.89631625520997 0.42292094300501 1.83738470333628 0.356968527194113 1.40134713868611 0.457705036271363 1.17683413811028 0.435501630045474 1.23272887151688 0.377432535681874 1.71860974072479
552.641 1.65254364302382 0.386852572439238 1.00333083071746 0.422774163028225 1.94986577471718 0.307245417498052 1.18474215292372 0.402194810658693 1.42594935977831 0.328730053408071 1.77477188175544 0.41004681782797 1.08959997771308 0.306622313661501 1.82163909077644 0.375800345791504 1.67402578261681 0.376878505572677 1.94296970311552 0.375122622679919 1.21121143759228 0.40308787683025 1.86500378348865 0.349746868945658 1.62516607996076
587.2 1.84076932771131 0.480039588967338 1.98634690488689 0.399570461036637 1.34053395921364 0.353388917120174 1.34835977805778 0.455352455098182 1.00168803124689 0.472597835026681 1.04655501642264 0.399405732471496 1.8233080834616
602.652 1.11025004275143 0.430462509999052 1.67911318573169 0.497419830830768 1.60387677419931 0.466744584403932 1.36283140862361 0.433479751227424 1.47939329780638 0.462593815289438 1.6315130922012 0.41557095265016 1.01483068126254 0.348882189719006 1.29930659919046 0.422699589608237 1.18928750813939 0.381752019375563 1.291526946472 0.307110734237358 1.41617205063812
617.793 1.93103859224357 0.442283088015392 1.40082451468334 0.318893864704296 1.72584166261367 0.41047322913073 1.87445785105228 0.393622062308714 1.84220455796458 0.39704300374724 1.76105424482375 0.326173203298822 1.33105888892896 0.381160959554836 1.21754514868371 0.433764688903466 1.73805081937462 0.371857082564384 1.02668666909449 0.418185406271368 1.76894955872558 0.338409355096519 1.15563422860578 0.342424272513017 1.74637392023578 0.404632884217426 1.50212789350189 0.325258849328384 1.54430876951665 0.337542562698945 1.97805763711222 0.312413228070363 1.22548366105184 0.384975930582732 1.48101916420273
674.897 1.91318413522094 0.421585953282192 1.03913714783266 0.331004379456863 1.31404239404947 0.413861938100308 1.12827424425632 0.448664880124852 1.51209639338776 0.435770511860028 1.68499794742092
708.044 1.16439026570879 0.366772111039609 1.57194586703554 0.381993831740692 1.30303047923371 0.303809845913202 1.26702683744952 0.344390416471288 1.6895677477587 0.337110025761649 1.42111164866947 0.458960404200479 1.80264579877257 0.36701478799805 1.73518280056305 0.399360715085641 1.98988541122526 0.346043152501807 1.90382369072177 0.358960667764768 1.54293382051401 0.438807371072471 1.30303461523727
755.729 1.11545602791011 0.395684459572658 1.20441544265486 0.352445277478546 1.48715011333115 0.479365371307358 1.69935862231068 0.400298419268802 1.50444768299349 0.420741663314402 1.08917253161781 0.443129932880402 1.79292128514498 0.450991158187389 1.55440185847692 0.326506603322923 1.70728776347823 0.442233006283641 1.62584601971321 0.457280188566074 1.2869570304174 0.390146335959434 1.06059878994711 0.46280961772427 1.50649877474643 0.490774305444211 1.02481965674087 0.430867705168202 1.4999267263338
768.985 1.87579656601883 0.41228454336524 1.20824533561245 0.318159761792049 1.87853796593845 0.398974983207881 1.42130595212802 0.453085740189999 1.25971538503654 0.374592533474788 1.76683911145665 0.399140792898834 1.48399079288356 0.455994797311723 1.28046651929617 0.324182252772152 1.11849947529845 0.459898630110547 1.44391186162829 0.373996158828959 1.43044064473361 0.400792775396258 1.03944682260044 0.313076772401109 1.26953231845982
821.538 1.2945261860732 0.425758656999096 1.4994866901543 0.333722847606987 1.67866677441634 0.341051450744271 1.14494830532931 0.370869689248502 1.22183487168513 0.492992968810722 1.964160987176 0.394407106982544 1.82501923292875 0.442190094431862 1.89898882596754 0.492105415137485 1.04545053630136 0.463528132531792 1.97743016784079 0.431767244264483 1.17473211465403 0.318317790143192 1.51500776526518 0.437346187187359 1.39667175477371 0.422855084622279 1.2616739848163
843.894 1.59200636483729 0.348312095925212 1.96084431838244 0.495817411271855 1.16578983911313 0.339385524764657 1.69979629619047 0.32086503058672 1.02904257294722 0.442206321842968 1.18643742147833 0.344161565275863 1.10695101553574 0.42208336875774 1.20570087968372 0.371705815894529 1.48137703794055 0.400813011219725 1.40871669235639 0.39286075560376 1.75903428788297 0.336885814834386 1.78051841259003 0.353780353395268 1.72585317096673
866.303 1.24180571082979 0.317322384053841 1.79761194926687 0.392174006998539 1.4279730936978 0.358408342255279 1.6458732043393 0.301451617339626 1.09207667340524 0.488898717798293 1.78032127930783 0.328315420914441 1.89294340088964 0.34616161910817 1.12723660236225 0.465890839183703 1.94111218187027 0.474943209858611 1.39285352872685 0.401933711674064 1.30913782748394 0.418648909684271 1.03758602309972 0.45877534346655 1.56585330958478 0.356603023502976 1.92963760555722
899.462 1.68094224366359 0.442942630965263 1.54060237924568 0.342791808350012 1.7237560718786 0.431019645836204 1.9529452836141 0.310388534795493 1.96534059615806 0.463140041055158 1.17394297895953 0.308173335809261 1.03402727027424 0.368151245405897 1.91403585090302 0.355925932107493 1.62628136319108 0.369188278587535 1.23385849455371 0.361011648084968 1.40855945670046 0.366685877321288 1.2622685523238 0.381683400413021 1.74942724453285
905.034 1.82114868331701 0.472773750405759 1.11245705327019 0.327235840866342 1.32356520742178 0.485756669333205 1.88211989984848 0.456692331563681 1.87786829541437 0.343776347767562 1.120054687839 0.4194305639714 1.58667268767022 0.480870185932145 1.83399542141706
912.309 1.23531514545903 0.313884174870327 1.52686593774706 0.301264196820557 1.22373749734834 0.379356421390548 1.03646273189224 0.387508496409282 1.45768736093305 0.300297923898324 1.31952647631988 0.484425735473633 1.21192337339744 0.427254777261987 1.06705301813781 0.33966976092197 1.2434523277916 0.33587348931469 1.1165437111631 0.381795033020899 1.25543598923832 0.471532281162217 1.04425316653214 0.459687388734892 1.96630177181214 0.331015397049487 1.99191384389997 0.449477674253285 1.86827510991134 0.369105230923742 1.48327232548036 0.319287834549323 1.23183899279684 0.419007573463023 1.22015285561793
916.649 1.68598098191433 0.359760104864836 1.09497740864754 0.420735678588971 1.5138244042173 0.49824125058949 1.82687826524489 0.327795938029885 1.55074613401666 0.334724717633799 1.05053165834397 0.360751779796556 1.26692163920961
960.997 1.4451180153992 0.399271814525127 1.22965638362803 0.336291416315362 1.99278260627761 0.31810157331638 1.84328160760924 0.358838781481609 1.77164080855437 0.334969605179504 1.81805734359659 0.387015471607447 1.51114606973715 0.483639580989257 1.15011507179588 0.358060307661071 1.73219799785875 0.383211715472862 1.55145629239269 0.366926059639081 1.34789746208116 0.327472330350429 1.90153133356944
1001.45 1.08943793573417 0.395307575585321 1.15598131599836 0.428900088882074 1.16898069786839 0.337774841068313 1.57997571723536 0.353696782235056 1.78541660588235 0.377182002970949 1.86453385348432 0.421060275286436 1.10512303351425 0.359551480645314 1.83465374750085 0.357808362226933 1.31272752187215 0.408144793240353 1.92339543718845
1041.92 1.55866491538472 0.413642675476149 1.0091507951729 0.389808627357706 1.96502808015794 0.390557660907507 1.73113950528204 0.409742012480274 1.7327356536407 0.388984932983294 1.35626669041812 0.448542340099812 1.13070575520396 0.329721464915201 1.66576321818866 0.38804411618039 1.38721156003885 0.320322388084605 1.85592034342699 0.339192547276616 1.84193040546961 0.399074472859502 1.82296857144684 0.467521423799917 1.21439707116224 0.39257022566162 1.87227293965407 0.46386080160737 1.76454049977474
1079.34 1.09676104807295 0.316706712124869 1.50909758335911 0.435464860592037 1.87535064830445 0.444045051140711 1.59243116318248 0.402513284608722 1.11166289052926 0.409460062440485 1.35348927695304 0.312467651208863 1.12449442245997 0.456726823141798 1.58980816439725 0.428794757509604 1.10380159132183
1079.76 1.11841197358444 0.428128652088344 1.5110411583446 0.347423547552899 1.77626026212238 0.423186706379056 1.3745281684678 0.342908550146967 1.17027963441797 0.43572427816689 1.96581067098305 0.346525849308819 1.2147624543868 0.301784320035949 1.91154021094553 0.314635736169294 1.43008658126928 0.496233992371708 1.61160511220805
1095.98 1.9478076165542 0.476826981175691 1.09762955317274 0.35789037970826 1.40236815507524 0.309132607327774 1.71288970066234 0.344727497734129 1.58328155311756 0.304577096737921 1.19302555941977 0.466077868221328 1.51846955693327 0.401529875863343 1.1604739325121 0.345530314929783 1.45949828950688 0.451427409984171 1.1824872426223 0.492490035574883 1.88462661835365 0.433745027473196 1.15422517806292
1105.91 1.62368820793927 0.411941867507994 1.00938887731172 0.494490009034052 1.63578779576346 0.390381626645103 1.48136596684344 0.390643272362649 1.17734797112644 0.310953424405307 1.74528067628853 0.405919578950852 1.78381361393258 0.421342869289219 1.43236631364562 0.361346257850528 1.94380832766183 0.358787633944303 1.2047342795413 0.362859823135659 1.64112051436678 0.451645029569045 1.60400236980058 0.333520443551242 1.05941148661077 0.40822665207088 1.80371324368753 0.463350730529055 1.11039945809171 0.424861558713019 1.62767150322907 0.475380146550015 1.05525332968682 0.439145229803398 1.02524676872417 0.438957725791261 1.61199236032553
1111.1 1.88389274547808 0.306953537045047 1.65414977422915 0.412755310209468 1.77073161746375 0.439949473459274 1.7821666111704 0.364065023511648 1.83066302002408 0.453844883292913 1.42128479434177 0.427970683714375 1.10455630836077 0.394577683648095 1.11511633684859 0.458854584256187 1.18927223840728 0.368965750560164 1.65799019299448
1116.55 1.42689715442248 0.357006177399308 1.65670282999054 0.489465130446479 1.45260120509192 0.458132402272895 1.55424391315319 0.460883672395721 1.60230399528518 0.443934130622074 1.42099779378623 0.408959571830928 1.30459633818828 0.424479662347585 1.22177403816022 0.325104027613997 1.83669528085738 0.438213950302452 1.72373191034421 0.311909794854 1.61962446174584
1173.11 1.62005220353603 0.460092437872663 1.65031280694529 0.485294601973146 1.84793573268689 0.33018105244264 1.99871728383005 0.311038579698652 1.92523624072783 0.441121000982821 1.07973624602892 0.322386978426948 1.36183250951581
1235.75 1.86076418682933 0.353361306665465 1.14582817838527 0.450251474743709 1.95562643092126 0.482854475593194 1.22703526122496 0.45953318416141 1.9146229790058 0.408125021262094 1.04280488891527 0.364573797769845 1.66627735132352 0.366795262880623 1.70504812058061
1266.05 1.64643256971613 0.337655822327361 1.03685670578852 0.45524594807066 1.13665690110065 0.41011841124855 1.45278639579192 0.475514630414546 1.10242733359337 0.475538057088852 1.23605426005088 0.461772773228586 1.55075184325688 0.307575770374387 1.72905420511961 0.452514267480001 1.25698662176728 0.464749378990382 1.16212740237825 0.438752972148359 1.90296806930564 0.372944112541154 1.35013183369301 0.303406813554466 1.19537510327064
1293.01 1.00793683947995 0.488464611815289 1.59950482239947 0.473645125608891 1.12145815626718 0.390115545410663 1.79357261420228 0.385510167758912 1.76287503610365 0.338689231872559 1.9625861546956 0.373256278689951 1.0974121291656 0.399738686718047 1.5143064931035 0.37220730856061 1.92547032958828 0.356199966697022 1.21987325209193 0.350082598812878 1.60987681895494 0.323698558611795 1.76688944082707 0.324551934888586 1.26811560569331 0.451185301551595 1.42982935160398
1308.69 1.56578571000136 0.432119939755648 1.24837900232524 0.305874020792544 1.35605104989372 0.498653830774128 1.61760496790521 0.351936368364841 1.5533700636588 0.3266024091281 1.42371023655869 0.499288858985528 1.51184200309217 0.300895997229964 1.18635393632576 0.384773646155372 1.56349930097349 0.468260370008647 1.27106354827993 0.477738110069185 1.2623085193336 0.472647696733475 1.98378111794591 0.309728212840855 1.51556412060745 0.338985505048186 1.89290620922111 0.396608329797164 1.94600294297561 0.387356642121449 1.86947221052833 0.321126324357465 1.95507729309611 0.432070159167051 1.89042810699902
1310.65 1.16886019380763 0.441341799544171 1.0979400058277 0.445754290185869 1.25725722359493 0.477234945073724 1.85304715833627 0.443421515962109 1.53254110552371 0.437534800125286 1.70701758936048 0.430200406769291 1.17059918679297 0.365121172135696 1.84837612253614 0.307442144863307 1.07862036442384 0.456506820116192 1.23103098059073 0.443231882154942 1.07835881435312 0.385549527779222 1.82996406871825 0.309584978502244 1.77675862098113
