# Using the following values to generate the workload:# num_procs = 50
# mean_io_bursts = 10
# mean_iat = 25
# min_CPU = 1
# max_CPU = 2
# min_IO = 0.3
# max_IO = 0.5
64.6348 1.86682789144106 0.473046104004607 1.52475347509608 0.416437199013308 1.46941370028071 0.371928279614076 1.06240157200955 0.344756008591503 1.94541316642426 0.405817762063816 1.82452706038021 0.434130108915269 1.82059382088482 0.413467919128016 1.23684991011396 0.347722845617682 1.40685651358217 0.458015338052064 1.82683567795902 0.343432411784306 1.3050173134543 0.325923452153802 1.40667254198343 0.483456844463944 1.21226782188751 0.454481749748811 1.1086210324429 0.383061242895201 1.7755038747564 0.456670623272657 1.0414981583599 0.497538575297222 1.23592633428052
75.5813 1.60630755033344 0.492005556914955 1.55163774103858 0.495131152169779 1.34538217890076 0.425514609925449 1.10840593837202 0.454051166307181 1.85606231493875 0.355543351778761 1.59313161252066 0.477739932853729 1.82215720647946 0.402232346404344 1.99286156124435 0.332644995581359 1.53685873257928 0.305780293559656 1.93342266976833 0.408553679473698 1.39406587136909
97.3835 1.27874629199505 0.307495823362842 1.47775904322043 0.380251798126847 1.17544503882527 0.377009800262749 1.63858787505887 0.485153871029615 1.38840493676253 0.496615172969177 1.03933376423083 0.491439361823723 1.25225455127656 0.388212258042768 1.60278698499314 0.390757355978712 1.71733254310675 0.48219683165662 1.70056107686833 0.399540386069566 1.64856840716675 0.454648410156369 1.66597385564819 0.30637958496809 1.38828484411351
116.144 1.74557266524062 0.435278536425903 1.89411620306782 0.423257858632132 1.73862901842222 0.43271700181067 1.32824693364091 0.485292789060622 1.28054033499211 0.343867031158879 1.0741610606201 0.3470970090013 1.92889982671477 0.38838256271556 1.49935611593537 0.352860994404182 1.76241515134461 0.318440769566223 1.49796983064152 0.408804210834205 1.19959664484486 0.317181266471744 1.00253246957436
121.148 1.01124422880821 0.300525868264958 1.13397751003504 0.452715884754434 1.39067382807843 0.458400351880118 1.00862181303091 0.361515413131565 1.21631487319246 0.470561109157279 1.50957101024687 0.367196488520131 1.07902401080355 0.473903399519622 1.81072824634612 0.448537780949846 1.3565595401451
121.514 1.52265545050614 0.366374383959919 1.84071974107064 0.462533662794158 1.50195725494996 0.402736320858821 1.09680830896832 0.431833383161575 1.66296721855178 0.341072862176225 1.3201098900754 0.344813633244485 1.40220680856146 0.406963513744995 1.02646683668718 0.385636040428653 1.28515420807526
163.759 1.08837356837466 0.436452693352476 1.39057085732929 0.429803871456534 1.53319310839288 0.42299846871756 1.72649731743149 0.37664727345109 1.43470849795267 0.387648669956252 1.57942618662491 0.471352503309026 1.99110193923116 0.32852522409521 1.4879519471433 0.477207997860387 1.6540798987262 0.40683444486931 1.99085203115828 0.393177498597652 1.98616799805313 0.418281716899946 1.41528510604985 0.351807472435757 1.32353415014222 0.399274470005184 1.74295039032586 0.458507124660537 1.83590441406704
196.113 1.74759296700358 0.383584406599402 1.54494563373737 0.312290751514956 1.0929530763533 0.343830196885392 1.01211811229587 0.494119423627853 1.66540694073774 0.418446041923016 1.93133200029843 0.374013452930376 1.59352845489047 0.318854777608067 1.55740990955383 0.449713199399412 1.48928486346267 0.323034189734608 1.05831638956442
346.678 1.10337409051135 0.395905718673021 1.08282306231558 0.359742131829262 1.27029381599277 0.407847915729508 1.19182587810792 0.436239089583978 1.51296124095097 0.447510119527578 1.114811492851 0.340364352893084 1.54901297716424 0.309126838110387 1.43831490562297 0.326368586719036 1.43337273993529 0.414782291604206 1.52224544924684 0.301503296755254 1.58999199024402
386.284 1.54262749501504 0.399740026518702 1.62026701425202 0.345097915735096 1.4197147435043 0.372319102846086 1.47492958628573 0.455115357879549 1.99266047915444 0.463026715349406 1.21783923916519 0.374898097710684 1.46845315163955 0.331896049110219 1.69615362188779
407.657 1.20622892514803 0.307550505641848 1.19775126781315 0.488905643718317 1.05148280831054 0.426130345184356 1.49186206632294 0.406675423309207 1.68787327385508
452.724 1.33316420461051 0.464094603946432 1.05636130971834 0.316898725181818 1.71307113487273 0.368308253819123 1.39798897411674 0.380600374285132 1.08599549275823 0.443324159504846 1.70524830301292 0.498012226773426 1.36596542596817 0.471302659623325 1.4176871937234
454.053 1.81185859744437 0.42551273801364 1.57669031852856 0.396913076704368 1.19088333123364 0.35833530058153 1.85261796996929 0.490501826582476 1.69339518598281 0.397999534243718 1.99690958042629
491.662 1.94185402733274 0.335433263890445 1.99657018436119 0.403245198400691 1.02659965050407 0.358890982577577 1.8574178905692 0.309591805189848 1.78975297138095 0.374395566154271 1.77229259209707 0.35683183777146 1.16729096998461 0.322787092067301 1.5191002341453 0.31242391737178 1.40490322443657 0.369613059284165 1.77897582552396
498.786 1.79956342722289 0.391308511700481 1.95980328717269 0.415082497568801 1.66532960929908 0.359710241202265 1.82075257389806 0.403546715108678 1.3143677955959 0.363532502111047 1.61571861431003 0.338086556037888 1.16185957635753 0.415520456014201 1.60066749155521 0.371564201591536 1.93498690915294 0.479220732813701 1.40590278734453 0.397640984272584 1.46146928844973 0.468601215118542 1.76675038808025 0.346067510824651 1.67529665841721
507.546 1.94783863960765 0.324145912704989 1.68145161564462 0.465352038992569 1.74769108789042 0.343722839700058 1.75778198684566 0.326259985752404 1.46748289396055 0.490701361279935 1.65863227797672 0.45996440378949 1.20736122806557 0.437034635571763 1.39637580746785
562.287 1.43261734745465 0.380792853003368 1.01914006588049 0.341739006107673 1.91882581845857 0.442747399955988 1.61432190402411 0.478978131199256 1.86273766472004 0.436956523405388 1.35355068650097 0.440200361330062 1.30350878741592 0.360892608296126 1.47554862010293 0.473900297330692 1.09756417805329 0.374510398879647 1.04248971375637 0.47801798414439 1.58682909188792 0.435403605736792 1.18978809611872
609.772 1.28144142823294 0.357772440509871 1.980726611102 0.362877507926896 1.97629512613639 0.469276136299595 1.1495526030194 0.414583270857111 1.4637719229795 0.378894326742738 1.01715257111937 0.411228475999087 1.05927926464938
632.734 1.54578725364991 0.450669224234298 1.96138184075244 0.3613637462724 1.36337378411554 0.303486067708582 1.1454654855188 0.373374852584675 1.19055696786381 0.405629854789004 1.24930882896297 0.377293873671442 1.65622137347236 0.499483408313245 1.00864113261923 0.373398557770997 1.84338911157101 0.380124574806541 1.37454814650118 0.34668273543939 1.47546689771116 0.448956523928791 1.38441756577231 0.423157403152436 1.10143878054805 0.353645557211712 1.89627585862763
705.017 1.12696165847592 0.355907549057156 1.44560687965713 0.472080046543851 1.46929988102056 0.419544317480177 1.93166061607189 0.319493981217965 1.50554353301413 0.370304282614961 1.27266524173319 0.481118619861081 1.8150337904226 0.479831007914618 1.77684063254856 0.36909222137183 1.41677363449708 0.458146236091852 1.0128799630329 0.425266743591055 1.89193386933766 0.437287607230246 1.49173604184762
719.75 1.32888747076504 0.335416279919446 1.09033369878307 0.392546031577513 1.58523060637526 0.376055660285056 1.09372117510065 0.363268320215866 1.49302261997946 0.453323415201157 1.95137861254625 0.455012834724039 1.6065255664289 0.475734996935353 1.58303793380037 0.341836387757212 1.84293687320314 0.318479816429317 1.59143087733537 0.332022039685398 1.93941021105275 0.424055102700368 1.19254592503421 0.418554446473718 1.22066668770276 0.4166250301525 1.11741146608256 0.369151793746278 1.5661563356407 0.402716640941799 1.18891759519465
808.569 1.22574824164622 0.410486359940842 1.82919900794514 0.477855318412185 1.8428042139858 0.49076722166501 1.60675578704104 0.326823572348803 1.92087573348545 0.322480043908581 1.13656533067115 0.475499373953789 1.29313752287999 0.331411667214707 1.70290629728697 0.348904240131378 1.501858914271 0.415638683829457 1.44412909541279 0.324718578066677 1.92885374510661 0.361811519041657 1.55153827858157 0.40087565225549 1.93051190464757
826.29 1.18902494106442 0.457521462440491 1.20669934898615 0.476811404945329 1.959251440363 0.315005025966093 1.24243259849027 0.334265047637746 1.73568288306706 0.431801472324878 1.98208659817465 0.428542355122045 1.86681651789695 0.388730827206746 1.72457582387142 0.460768506675959 1.61395657458343 0.371725541073829 1.55703168176115 0.381770549481735 1.93411021144129 0.301073197834194 1.87457030382939 0.458221801556647 1.78033902985044 0.481447579851374 1.62875824747607 0.456284913467243 1.57656738790683 0.402815953921527 1.29664817103185
852.253 1.44713755883276 0.445964948274195 1.68590171774849 0.454249038221315 1.18566383724101 0.4110381658189 1.50215809186921 0.482674594968557 1.36866823304445 0.452101010177284 1.0660759373568 0.330897863768041 1.52646700316109 0.470143889635801 1.66578604304232 0.494806420663372 1.81266675773077 0.494738618982956 1.01095912815072 0.469937073951587 1.9486111337319
888.301 1.87832201877609 0.496023506624624 1.34361162269488 0.370151875400916 1.03899979614653 0.35531689315103 1.91764926305041 0.352946997480467 1.097521440126 0.461560949590057 1.79079459561035 0.363588910689577 1.04046855424531 0.420039419503883 1.91544149187393 0.362573663517833 1.40281144622713
922.75 1.6906847585924 0.430519067263231 1.20880251051858 0.396129201399162 1.15377971692942 0.305643014470115 1.56919711013325 0.457565113995224 1.2531100534834 0.355613987334073 1.55608581658453 0.482402605004609 1.59577036416158 0.366574927791953 1.95690674870275 0.481124510522932 1.68865181249566 0.352919327607378 1.80767582240514
980.523 1.85339482524432 0.489926709467545 1.74578265985474 0.359452819731087 1.23976770252921 0.36750541003421 1.32421475881711 0.342039038008079 1.31890154606663 0.386292359512299 1.11506372527219 0.355047895899043 1.97546392260119 0.410576975857839 1.83296082075685 0.44901967914775 1.89303686865605 0.408650946104899 1.64600171986967 0.425604999810457 1.04082735581324 0.457769861351699 1.63875165302306 0.359012881387025 1.90828154259361
1000.61 1.37357771839015 0.346177345421165 1.90598367969505 0.35326901236549 1.37062557693571 0.309993947437033 1.36869924957864 0.378567464416847 1.21316551766358 0.437402702355757 1.85783554287627 0.453977423626929 1.07223005848937 0.387347758747637 1.92701248871163 0.454730401700363 1.01042100694031 0.424460353702307 1.66331993951462
1128.65 1.66169198253192 0.470811628550291 1.3817901185248 0.417444116761908 1.77881579473615 0.495518314605579 1.15445129969157 0.345172987133265 1.85659312480129 0.305111754545942 1.69377292715944 0.49660238577053 1.78298164648004 0.380031037144363 1.7139827744104 0.493780609546229 1.55701136426069 0.321045966073871 1.97408962040208 0.496631923783571 1.40787018625997 0.387316716369241 1.42925271717831
1131.6 1.04482909780927 0.307545303134248 1.06110237236135 0.455454696761444 1.01812972710468 0.330957646388561 1.1317526162602 0.472135765571147 1.18636116315611 0.333542260713875 1.27164363511838 0.333482887316495 1.16354896570556 0.488983808550984 1.56810144684277 0.494421755103394 1.79821982257999 0.472652172576636 1.15446065086871 0.488794118911028 1.68274471559562
1136.73 1.83473720471375 0.327399918716401 1.85008747130632 0.407938201865181 1.96175609692 0.393391931336373 1.25122263259254 0.42801154111512 1.01248669438064 0.332407653424889 1.05105957528576 0.386531277373433 1.66598129551858 0.308674615249038 1.74303149990737
1162.87 1.92450792482123 0.338831117236987 1.11193822696805 0.39649737784639 1.51763108721934 0.357256588898599 1.70647587021813 0.487913609435782 1.82924689189531 0.339790852414444 1.14459107047878 0.454812152404338 1.67543994239531 0.405221222992986 1.40452864323743 0.304206838319078 1.61353040090762 0.466523484513164 1.79588123038411 0.382035593315959 1.12315414845943 0.307967624720186 1.71624066657387
1210.06 1.24681047699414 0.44680501469411 1.28736089053564 0.383077560737729 1.0631311214529 0.473667916841805 1.7416416502092 0.464404120203108 1.22864055703394 0.445113984821364 1.70521734119393 0.474950371030718 1.16181820468046 0.469755396153778 1.89231030549854 0.478353203646839 1.80938501423225 0.430881435004994 1.01578863430768 0.429610177921131 1.77183421864174 0.397546453634277 1.75497989007272 0.451528599439189 1.64560342440382 0.300171600235626 1.15477467444725 0.41683431523852 1.31508562038653
1214.45 1.0976934209466 0.314925355184823 1.88326134905219 0.333570629078895 1.25381365627982 0.400371124967933 1.24843042320572 0.406356402486563 1.38883354421705 0.320718574617058 1.8510739330668 0.327026941208169 1.34032450523227 0.35212997412309 1.89926428790204 0.460951641993597 1.86557369725779
1230.54 1.50136673497036 0.454200443206355 1.41062996396795 0.344683947833255 1.24185811495408 0.440111287077889 1.61326743313111 0.437059300625697 1.16857970575802 0.310423162765801 1.72122538392432 0.337315833382308 1.31814138428308 0.355472792172804 1.79414884722792 0.330394208291545 1.4973115590401 0.312998112244532 1.99141796748154 0.461531347502023 1.2074305661954 0.474335201876238 1.4608075232245 0.471398134110495 1.49197864439338
1240.98 1.47395384241827 0.302065544715151 1.22891429741867 0.464152918290347 1.95625789067708 0.401054632943124 1.28895172430202 0.499377646530047 1.14772248221561 0.399380339263007 1.60984944109805 0.311100544640794 1.40507501736283 0.428619690285996 1.5398040486034 0.394034503865987 1.28904227307066 0.385402312176302 1.55974044697359 0.485639423225075 1.82479260675609 0.43385912370868 1.6659010280855 0.484398188767955 1.8122596363537
1251.47 1.7064772171434 0.44528784211725 1.74113971111365 0.398112387629226 1.26407212764025 0.489318552007899 1.31594991288148 0.350284244958311 1.06068366812542 0.485188061231747 1.71839408716187 0.301163325365633 1.39799941051751 0.350032029347494 1.93290395615622 0.34254709193483 1.37025325465947 0.415109529811889 1.04465713002719 0.302932401141152 1.0100398582872 0.305289346445352 1.90421469253488 0.434975956333801 1.79423221433535 0.485497344890609 1.62515609525144
1323.27 1.43514623586088 0.347565895831212 1.85328223626129 0.302362597268075 1.40023880288936 0.394222452491522 1.69655024539679 0.33664736347273 1.03009410132654 0.382931933971122 1.21014780271798 0.405722725111991 1.64540093601681 0.305843422887847 1.84029242303222 0.345407189102843 1.28446606895886 0.356592578720301 1.71307300543413 0.467107061622664 1.70355990179814 0.472036773106083 1.70086182490923 0.439973632525653 1.17061240901239 0.493105883710086 1.14129107724875 0.403583140159026 1.40953431534581
1354.95 1.15085693774745 0.498103979229927 1.40555295092054 0.374820949230343 1.97841697116382 0.332945379568264 1.56867091357708 0.46294316179119 1.94148704898544 0.322813238669187 1.43778601079248 0.353202727111056 1.25123237608932 0.493598229484633 1.243326140102 0.327970372000709 1.01132680638693 0.324019745364785 1.63062029355206 0.437581372959539 1.5437283187639
1370.15 1.06323107262142 0.417459230171517 1.5135494293645 0.477752908691764 1.65184913552366 0.308162638079375 1.27089198213071 0.450329661974683 1.40443007834256 0.459856488183141 1.64674802753143 0.33172187609598 1.60190434963442 0.4110301528126 1.34987624175847 0.449057658202946 1.31338121765293 0.496998691465706 1.23966025398113 0.334454064723104 1.23780519631691
1398.21 1.3154151418712 0.321652102703229 1.75252718734555 0.336519756074995 1.87347840983421 0.458752494724467 1.36310805450194 0.429019295331091 1.54180761892349 0.309179941052571 1.15895570139401 0.343417362403125 1.6950993721839 0.403248177887872 1.73540126415901 0.399910629866645 1.5916471213568
1413.4 1.60622238903306 0.449784587137401 1.20499871857464 0.429442094638944 1.64547290443443 0.488535651005805 1.13579098042101 0.336453986633569 1.99270486552268 0.446620597923174 1.68572375993244 0.364077551709488 1.07269334746525
1417.82 1.86517533683218 0.382547092158347 1.44205973739736 0.350624735560268 1.82402431964874 0.316651997063309 1.04181462503038 0.475622567487881 1.4899845556356 0.303425399679691 1.59988113353029 0.487564955791458 1.77065924485214 0.332076000794768 1.41378703154624 0.387040964048356 1.81521217804402 0.452239294629544 1.80641690501943 0.416465475969017 1.84407399292104 0.45784478331916 1.85537246149033 0.470784160587937 1.50658383173868 0.446875975467265 1.87681005429476
1424.1 1.02253463421948 0.302937813196331 1.18718745163642 0.353680058894679 1.8875169120729 0.446824790677056 1.07116553396918 0.383482827944681 1.36495416983962 0.436715574702248 1.16643062536605 0.449267380172387 1.25181652745232
1433.7 1.72120010829531 0.45764590119943 1.87120795017108 0.374034902267158 1.42973430873826 0.449693098338321 1.22596826171502 0.334587264060974 1.28831188869663 0.321383955096826 1.0916179579217 0.482141478220001 1.51527039543726 0.338551723351702 1.45843911683187 0.482168687833473 1.40592195931822 0.434983056876808 1.33673918643035 0.453790147090331 1.11839936790057 0.346847833832726 1.16888597980142 0.476381262810901 1.23750616144389 0.481064421636984 1.03758808923885 0.441795312426984 1.48493100842461
1449.32 1.34731029672548 0.45816508801654 1.25914110639133 0.305741845490411 1.03698735381477 0.44189635887742 1.1083278618753 0.494467307301238 1.00405435147695 0.386048947973177 1.0204218449071
1465.93 1.73040827503428 0.306179064372554 1.27146749733947 0.335334203671664 1.99529888713732 0.420473129441962 1.2811064964626 0.318961854465306 1.17601966881193 0.375024737743661 1.67221585544758 0.495012445701286 1.95127550489269 0.404308781167492 1.29931708425283 0.385497238487005 1.16126349079423 0.493857301073149 1.63663710397668 0.458220867114142 1.92873287387192
1527.22 1.75172224361449 0.35472123939544 1.8393677494023 0.39706250121817 1.30762462248094 0.444537090882659 1.16143101430498 0.410227624839172 1.58786388626322 0.466208444116637 1.64644144685008 0.339921400789171 1.00223874440417 0.382583019370213 1.84559280704707 0.385136542934924 1.71839133719914 0.409227132797241 1.72106343042105 0.467772098025307 1.02098882501014 0.384512907639146 1.4909576093778 0.383934382954612 1.33252548635937
1599.82 1.34202012093738 0.347504577040672 1.45748778851703 0.361889462545514 1.98933750204742 0.360765257896855 1.63346139458008 0.340297937672585 1.96078237821348 0.389039489626884 1.21002596616745 0.37951840874739 1.5522725849878 0.397038883017376 1.2876328479033 0.338905893266201 1.08447235659696 0.315383026795462 1.35361716430634
1631.58 1.82281299680471 0.344477944495156 1.27213255409151 0.475600440660492 1.66872565378435 0.466019826335832 1.23734410805628 0.490821480983868 1.64273648196831 0.476435538707301 1.77270539687015 0.463143122987822 1.37940121279098 0.346960252057761 1.95076618809253 0.449675673758611 1.21597931510769 0.475931978831068 1.44832133851014 0.49910543076694 1.67799418396316
