# Using the following values to generate the workload:# num_procs = 50
# mean_io_bursts = 10
# mean_iat = 25
# min_CPU = 2
# max_CPU = 10
# min_IO = 1.3
# max_IO = 2.5
16.2958 7.6503721345216 1.30184468561783 7.725869609043 1.48519705981016 5.5935324113816 1.50848820423707 7.5100860465318 2.03903490295634 9.04814049229026 1.55669658705592 3.55878525413573 1.3398621273227 2.37653123959899 1.82666473258287 6.56484304182231 1.47896725973114 4.35608481615782 2.21853634808213 2.31090525723994 2.09363330621272 4.08479958027601 2.35195046439767 8.17940286360681
17.9904 6.00980705395341 2.07990413215011 3.27772691659629 1.46689885668457 5.59193643182516 1.37390028340742 2.90427509322762 2.03627920979634 4.96687784045935 2.14662950839847 2.81380181387067 1.5601805399172 7.24978839233518 2.17732954192907 7.91705161333084 2.31227019280195 2.72378911823034 1.45052481191233 8.53396083973348 1.94315202906728 9.30772065371275
31.1816 9.11311275698245 2.25767985349521 9.63409057445824 1.5050419495441 3.86902550980449 1.54228596510366 9.17680055461824 1.48114916747436 8.05559433996677 1.80077528366819 4.3126552477479 2.37914673415944 4.10042403824627 2.36306654354557 3.1448632106185 1.86702158330008 7.42442764528096 2.35556266959757 2.18026073649526
43.1355 6.28231127373874 1.76817894121632 2.50639911927283 2.13401715364307 4.68147481605411 2.41408934174106 3.41069624759257 2.36267190370709 5.74349748715758 2.14070320362225 2.91229521296918 1.56847428418696 4.15787968225777 2.05805791020393 2.55531229637563 1.65807068515569 5.56290411390364 2.22443789802492 4.83215693384409
47.2465 9.79237357527018 1.75581053588539 4.40453359298408 2.04568303460255 3.18582231365144 1.35359279420227 8.7947853859514 1.9329849361442 6.63772929273546 2.05388580309227 5.34806027077138 1.50939719872549 4.68598405644298 1.65610190937296 7.00783455185592 2.36616260707378 6.62859472632408 2.3143856683746 9.87531780079007 1.62762526590377 8.92832474224269
70.1737 8.18309253826737 1.58077960787341 8.18187058158219 2.30605272920802 6.51452990621328 2.46729020513594 4.30973432585597 2.37501693079248 8.15397856757045
89.3555 5.32427649572492 1.45383421499282 4.13241908699274 1.56984023796394 5.56439814530313 2.28063143724576 6.4202879909426 1.66085118204355 8.47940655425191 1.66276200870052 8.89647075347602 1.76266078567132 9.53620737791061 1.69775776900351 3.18170670419931
103.374 6.58836464211345 2.39925889037549 2.42653721757233 1.73747809380293 8.41598146595061 1.7076018711552 4.39487264305353 1.99896436715499 8.64398195594549 1.52415539333597 6.59922105260193 1.72972350846976 4.08175818249583 1.47016439167783 5.09107124432921 1.64603822343051 7.52699674665928 1.43268001219258 3.65955213829875 2.25657559698448 3.01317385584116 2.4422459769994 7.61914631165564 1.38114549908787 8.08751746453345 1.73822069298476 6.2152717076242 2.45739779863507 3.37757389806211
120.152 6.76288867369294 2.05921957269311 5.86138394847512 2.43065766002983 7.74391151219606 2.42096634600311 4.08994513563812 2.19779592771083 2.53136671148241 1.5268640008755 2.45441802963614 1.37257890207693 6.37736655026674 1.38447646126151 2.59589568153024 2.27497219499201 4.13482625409961 2.32539640935138 6.8458370808512 2.48804680369794 3.57526789978147 2.36068104663864 2.57123863510787 2.40214441921562 8.58817106671631 1.52369476752356 4.85317503288388 1.79564667455852 3.03413772769272 1.6139581296593 2.20344802923501 1.68030738588423 5.3526918888092 1.83538181912154 9.64605713263154 1.77136247633025 8.45676244609058
126.46 9.85047118365765 2.09839476561174 8.45624136738479 1.48315876116976 4.998011585325 2.21262993523851 4.38365304656327 1.5801354222931 2.70179517567158 1.72608697172254 3.47813232429326 2.4600937073119 8.53296649642289 1.63327837930992 7.76062726043165
128.714 5.56752957589924 2.14983134120703 7.2168912217021 1.73285338459536 9.24709019623697 2.42401701621711 6.11404900066555 1.78024216396734 5.45928287878633 1.46440683500841 9.51898873597383 1.98262679539621 5.08120724186301 1.57821311270818 7.57506534270942 2.20950228506699 6.29727593809366 1.54258475815877 3.79133274592459 1.75306923696771 3.55630496703088 2.01220647916198 8.04084684886038 1.43026060741395 5.13713875971735
223.567 2.3702890817076 1.70487286038697 5.79661343619227 2.26214297469705 5.65712287835777 2.30337965842336 6.14544934593141 2.29677155204117 4.1055970583111 1.50284995865077 8.91384077072144 2.39067725706846 7.48393682576716 2.24716559918597 8.33910727128386 2.22178480438888 5.61576540954411 2.43291587131098 2.14631492830813 2.3438442196697 5.41773203015327 2.44085472747684 9.95269661396742 1.73537762267515 7.06410381011665 2.13437486421317 6.11004161462188 1.55130807803944 4.65907495096326
235.922 9.66833098605275 1.84658803725615 8.45176415331662 1.54457547636703 3.60672396421432 1.3285425093025 8.19955738633871 1.31417623208836 6.34452313371003 2.23496256601065 3.75969958864152 2.01850738851354 9.55915954709053 2.03917993530631 4.46684740483761 2.21899690125138 7.48601747862995 1.41653268057853 7.38164934702218
241.282 5.03076861053705 2.47194803152233 2.3198604080826 1.91443493645638 5.8675153888762 2.13299633199349 5.17815946042538 1.60573728559539 9.9745477270335 2.44853284303099 7.62791731022298 1.79482427742332 8.74492733739316 2.0395182909444 7.90436515770853 2.20625244379044 3.45042490772903 1.36627397555858 9.19918135553598
249.73 6.14779635705054 1.57242475701496 3.77736518904567 1.51431779358536 4.43845572881401 1.93391380691901 9.06566678918898 1.84405153505504 3.5174438804388 1.92914966000244 3.39295263402164 2.3982787986286 3.43213387392461 2.4381874628365 2.31166231632233 1.97906648507342 2.22806584835052
267.146 4.26036322116852 2.05562228225172 7.86726357787848 2.03797291163355 4.19698303006589 1.93254205761477 5.23600673116744 2.15745306890458 8.16706156544387 2.42523336168379 9.06211582012475 1.4392523214221 7.87971102446318 1.6962042058818 5.8443569522351
274.47 4.2043093405664 1.98986804727465 9.67488464340568 1.71399688078091 6.59847348183393 1.37647745180875 2.44147016108036 2.0260646071285 5.28198270313442 1.78555535124615 9.93787181004882 1.57548013534397 5.55227895826101 1.45593700734898 3.98118927516043
288.225 5.35488934628665 1.59323939802125 5.3756866492331 2.03760463930666 6.49167530052364 1.78247646642849 3.36980998702347 2.44451666865498 2.0235350318253 1.5608953111805 8.96664030849934 2.08838261384517 2.97998671233654 1.69971869876608 9.34395978227258 2.19996587224305 6.0169675052166 2.11853396659717 9.71456129103899 1.32381947841495 8.94152662158012 2.33684525620192 3.84475384652615
304.641 4.0443045720458 2.06245744097978 2.6792367361486 2.09384198961779 9.69723028503358 2.47929608561099 7.31119593046606 2.19092738777399 8.90557420067489 2.05574407381937 8.06538586504757 2.47879630820826 3.53155122324824 2.45162034053355 5.4525544103235 2.14302646992728 8.31421417184174 2.19083813503385 6.72647685930133 1.94038724852726 2.8029054608196 2.37957744328305 9.80137830972672 1.40989216305315 9.82942434027791
311.964 5.23465070687234 1.64268738077953 4.11279093660414 1.81378552485257 4.39483017660677 2.4397793661803 3.5912891253829 1.41959488792345 3.70047515258193 2.07025836622342 7.51811320707202 1.87412227988243 3.81408580206335 2.24870575098321 6.28459627367556 2.27961232075468 2.99185572937131 1.85568927787244 4.34307289123535 1.58839843319729 2.16925808228552 2.37265242161229 9.72866296209395
315.597 5.63237430714071 2.49381306637079 8.14080113731325 1.89541817624122 3.89653361402452 1.54504873231053 7.87244035117328 2.47198451627046 9.18728704750538 1.9011398198083 3.02538365311921 2.35584572423249 9.96242946200073 1.89154999777675 2.9525106754154 2.36830388214439 2.04124142415822 2.1120742383413 8.99927239865065
377.873 3.34410405158997 2.41936845518649 6.79016475193202 2.43005330329761 3.0235872156918 2.14367511663586 7.79896293953061 1.30019990783185 3.81875275075436 2.27829306479543 8.85089108161628 2.21756932092831 3.98578006029129 2.17579879881814 7.7026987709105 1.88235874306411 9.15469732135534 1.74487158143893 9.23963797464967
379.914 6.23331474512815 1.46883951425552 9.35791766643524 1.89562003593892 5.19504151120782 1.96438368121162 3.91023730486631 2.30617536762729 6.43741937167943 1.75917437132448 3.95070863515139 2.22135973768309 6.08020739816129 2.0443895580247 8.98293117061257
406.219 9.88867049664259 1.73559966990724 6.65570274367929 1.82143002059311 3.81052694842219 2.36786360647529 3.16846289299428 2.08111400315538 5.26664935052395 2.3590761711821 5.90224414691329 2.30180833879858 3.76690250448883 1.6202883452177 4.20377249643207 1.32119331080467 7.31847469694912 1.94412633562461 3.30141063034534 2.30664830589667 5.13742894679308 1.71361267445609 8.98422770760953
417.463 9.63804377242923 1.65859375279397 2.95165164209902 2.15378977321088 8.31537681631744 2.00264608347788 6.66121898218989 1.57555305622518 2.64560187794268 2.14746067831293 3.3249351605773 1.33975626192987 7.6130053140223
424.496 7.29608268104494 1.73937461366877 9.58300384506583 1.64019951904193 2.3103404212743 1.66052259216085 6.77648834511638 1.5339110404253 4.14290216378868 2.21282780012116 3.40808426216245 2.45757801821455 2.99296820536256 2.37427472751588 7.7065210994333
439.982 9.3897540923208 1.50412053726614 9.36366466619074 2.16422681678087 4.44606452435255 1.35170873403549 5.03921599499881 2.15715126590803 4.22546199150383 2.34071964034811 3.21032818034291 1.42403665874153 9.86745086871088 1.75668930970132 2.60326739773154 1.65638909321278 9.73373099975288 1.69941157912835 5.71170347370207 2.05017695622519 4.16653156839311 1.73927104435861 7.39882586710155 1.36855352632701 8.13141216151416 2.41101250462234 5.82250797003508 1.98073349222541 4.52060761116445 1.86311698351055 2.9852890316397
440.042 3.35229570418596 1.61435425505042 2.52843812480569 1.38530199015513 2.73171868547797 1.90243096621707 3.79903644695878 2.1605892281048 5.27487294375896 1.31645918702707 8.01847882941365 1.30381901497021 8.16426205635071 2.30407934812829 9.28014308214188 2.1515290887095 6.13156976737082 2.36036511650309 2.3043851647526 1.37986494293436 6.14432554505765 1.59823778336868 2.89086332730949 2.06736832959577 6.92475268989801 1.66536249527708 8.65963226184249 1.99533521067351 5.08457015827298 1.52497039651498 7.34431496076286 1.30388728138059 6.24569979123771 2.35146251721308 2.48809723928571
456.495 6.08887767605484 2.46849925275892 3.07276718318462 1.7936978510581 7.26562059298158 1.79047404676676 5.53944710455835 2.31303285323083 7.13633582741022 1.91594130415469 4.20017474330962 2.47445410601795 8.96481432765722 2.443611877691 7.99293845891953 2.32197362454608 5.63446931540966 2.41100411070511 8.59939803741872 1.3870119696483 8.33554716594517 1.52545732473955 3.55354000255466 1.6579577694647 4.86615477129817 1.76041894285008 6.24428894929588 1.61412748266011 5.94044327363372 1.46860930053517 9.92360263131559 2.04564593154937 4.66835927590728
473.015 4.92728796973825 1.88469501975924 5.7072703614831 1.41464905599132 7.4868085142225 1.71433432390913 7.42933533713222 1.93007496120408 3.59698812663555 1.87857740307227 9.66768642514944 1.48043896853924 8.66992084495723 1.6500841091387 4.37395782582462 1.70902644488961 4.25515018217266 2.12651373846456 4.46770451962948 2.19963006805629 7.18121306225657 1.69009555755183 5.59396207891405
538.024 4.15345442667603 1.87756109368056 3.74749746732414 2.06685752272606 8.71245720051229 1.92929207775742 2.16194927506149 2.49480533534661 2.86300281062722 1.69685580804944 8.03538258932531 1.92823717361316 2.89279046282172 1.33755040932447 3.35443113185465
587.573 7.4530818797648 2.01571248872206 5.44641500711441 1.98548221196979 4.515051394701 1.8339483066462 7.0675210300833 1.90655122511089 7.83322394266725 1.9133424657397 2.85381359234452 2.03996527101845 7.38855096325278 2.08778989873827 2.45068394206464 2.24009263077751 2.3660228587687 1.54421287663281 3.33867579698563 1.73735262425616 2.8531448841095 2.23953246204182 2.45015668682754 1.69719796292484 9.03631087206304 2.49154683640227 3.68537759967148
659.673 8.1149325016886 2.43646287703887 3.24306659214199 1.76142897307873 5.2878515869379 1.92898865509778 9.25371320173144 2.28528588991612 7.09378881938756 2.38100642282516 9.71399476379156 1.97881833519787 2.62308140657842 2.41629145434126 8.68953057564795 1.47642364073545 4.12820776179433 1.59236050713807 3.36338617093861 2.29504638118669 9.29418396949768 1.97273536175489 6.71993548236787 2.35975058441982 8.93064724467695 2.07224133117124 9.89862718619406
675.667 6.43174054473639 2.36881691887975 9.81282369047403 2.1536492086947 8.47244127467275 2.19333640458062 6.27452777139843 2.31952208494768 3.92089930549264 1.31409417800605 7.32799327746034
684.817 2.49276019260287 1.37017766591161 5.06783819571137 2.19073368841782 9.9381583891809 1.59999239845201 3.72852741740644 2.23582084048539 9.66208057291806 2.05210944227874 9.18671847321093 1.71114110741764 6.98657284677029 1.53122470583767 4.61175746843219 2.38809763891622 9.47571822069585
743.428 6.10638798959553 1.82505101002753 5.03949003480375 2.22851081229746 6.55101766809821 1.82525189155713 5.64031459204853 1.79630156438798 3.98438049480319 1.78322451077402 9.00319935940206 1.90066065462306 7.39777586981654 2.34574177861214 6.43581874109805 2.2127188468352 7.93284211680293
781.144 5.53100212663412 1.61612993301824 8.73016865737736 1.94608873222023 6.10055055655539 2.17266645589843 9.08703289180994 1.75567432912067 3.23376374132931 2.34306348897517 6.59375012293458 2.33380249878392 4.65464255027473 1.37692021299154 9.29564070887864 1.42658245842904 6.18523152172565 1.84318923670799 3.7820761334151 2.34448626535013 2.29454235732555 2.42725787265226 2.07822225429118 1.87791496505961 5.08353716135025 1.49760011872277 8.82025663740933
794.365 2.56334891542792 1.68761183619499 5.27002331987023 1.36963456133381 4.11047358438373 1.74749575220048 6.05266189388931 1.34214179487899 2.70628377050161 2.35362932272255 4.29449614882469 2.25923590185121 7.26170727983117 2.25128952320665 2.13004943542182 1.81350280242041 8.0060355477035 2.04071508897468 9.73262745700777 1.32755412058905 2.68630545213819
797.405 4.37783225253224 1.84352841125801 2.66338321007788 2.25380479097366 5.4812257103622 2.13067274997011 9.26904480345547 1.52374570909888 2.87791247293353 1.51853965679184 9.46301123127341 1.8140034831129 8.10417726263404 2.32966935746372 7.1883212979883 1.84710375955328 2.95331067033112 2.05813871761784 7.79630162939429 2.04293879223987 7.19957321695983 1.9867991081439 6.7567391321063 1.37614672901109 6.03197228908539
800.443 2.47433616966009 1.99103838447481 9.28293299674988 2.25666348040104 6.2420043386519 1.91136352187023 9.26834333315492 1.92505956646055 2.17669101990759 2.2497773502022 5.93010213598609 1.77723202919587 7.27442059107125 2.23136761859059 4.72049030475318
802.922 7.80591125413775 1.87746835714206 2.23834900557995 2.28294893344864 6.09242043830454 2.03152308966965 7.72907690517604 2.47959017390385 6.58943800069392 2.00302171874791 9.97780454531312 1.3726308603771 5.18597889691591 2.1212729414925 7.21559909544885 2.33314144965261 5.44609881192446 2.12961098328233 7.84764027781785 2.42487955288962 6.61580840684474 1.36120839361101 8.57443358190358 2.25170149123296 9.27301045693457 1.81238847281784 5.55401553213596 1.53903599753976 9.72459106892347
850.395 9.40512829460204 2.00675935884938 6.5718271844089 1.40272753573954 6.71077424660325 1.67429257184267 7.08121480233967 2.35044212890789 3.26841960661113 1.66458792528138 2.84866452775896 2.44649106869474 3.81528679467738 2.08163710404187 2.46891859732568 2.41859321575612 2.12394523061812
852.704 8.37551419064403 2.10799019820988 2.91090754047036 2.3044859405607 6.04977729357779 1.46997326165438 3.93876413442194 1.94295253502205 7.79360195994377 1.80139175923541 5.60608622059226 2.04546482097358 4.36824247427285 1.72929424550384 9.3798009455204
919.144 7.14858651533723 1.62018584795296 7.65961957350373 1.91704787127674 6.25415648892522 2.14505472397432 4.99354783818126 2.27079612798989 8.61683559976518 2.05502378055826 7.75264241918921 1.71139412270859 2.90325961820781 2.38190673813224 4.17388822883368 1.66578296534717 6.46255842037499 1.80893648266792 5.11269001662731
934.791 8.65783448889852 1.38657052442431 5.8705316260457 1.35910423444584 7.87153966166079 1.6257231393829 6.75387432426214 2.24167828792706 8.59762154333293 1.7081235261634 2.20302261225879 1.48662648582831 4.87946645915508
978.932 4.22288748435676 1.68386112675071 6.27635104767978 1.97283641062677 3.32229719869792 2.44279945027083 2.74184474162757 1.92339535020292 5.47893529757857 2.13318219482899 4.21538132615387 1.67115430766717 9.26346902549267 1.84110012585297 2.93751396797597
1005.63 8.31428721733391 1.34025560682639 8.97730877436697 2.39848143868148 6.22363130375743 1.54583897758275 2.41160539723933 1.72695685233921 6.81301953271031 1.48760752752423 8.1031678263098 2.36398750655353 5.94386735185981 1.4709864795208 9.75671712495387 1.90942995287478 6.27705970779061 2.1411374066025 4.3045198507607 2.18646415174007 5.26032236777246 2.04274314939976 3.54373698309064 1.61497553428635 8.11296042427421
1010.58 8.75281070917845 2.01295473948121 7.46857020445168 1.75058325948194 7.54602431319654 1.96328448401764 9.82124824821949 1.83076323093846 3.42146126739681 2.06620962228626 9.11503443308175 1.79169570859522 2.5780893098563 2.15380356060341 6.09595402888954 1.6234176508151 9.479716649279 1.6994367916137 9.19742178916931 1.8818112921901 3.58596822433174
1010.69 5.13568755984306 2.32038951497525 3.10861919634044 1.50150544913486 9.79784163460135 2.00639386149123 2.75544963218272 1.37221901668236 7.85878091491759 2.38954514442012 6.84673510305583 1.36092625092715 2.40157756768167 1.37973966225982 2.42347013577819 2.23678711634129 7.34867050684988 2.36561826393008 8.77390057593584 2.34439039202407 5.12665478512645 2.04386500148103 6.52337413839996 2.09652494546026 3.74989673122764
1043.7 2.26940993592143 2.29552165940404 4.67330181784928 1.6325899428688 8.94899220205843 1.43049826510251 2.43279035761952 1.37529698172584 9.9321459941566 1.88840303178877 7.50492128543556 1.87136631039903 4.32438564300537 1.49910500142723 7.62210244499147 1.86690080594271 8.96864793635905 1.63578051934019 4.71959990076721 1.90663653388619 5.6101165432483 2.13677167920396 4.92436754330993
