# Using the following values to generate the workload:# num_procs = 50
# mean_io_bursts = 10
# mean_iat = 25
# min_CPU = 2
# max_CPU = 10
# min_IO = 1.3
# max_IO = 2.5
22.4246 9.50546326674521 1.52155412947759 3.26614630967379 1.66805898398161 2.32860728166997 2.18215340711176 8.10531085170805 1.86653464669362 7.32970914803445 1.81979476185516 8.10766376368701 1.61134088626131 5.1682024281472 1.4866156312637 9.91317271627486
29.2984 9.52171429246664 2.08742889966816 2.55783684924245 1.99625083301216 7.59051274135709 2.27394325993955 8.89704029075801 1.48287079837173 3.96451321057975 1.54245882118121 7.64193752594292
109.332 8.01552975736558 2.01906216209754 5.51372955180705 1.4922333355993 3.7908604927361 2.2494361391291 2.55196711979806 1.45115950386971 5.34445243142545 1.55824254471809 3.58526197634637 2.34005506886169 9.31032294407487 2.25471605919302 7.08608160540462 1.73050144854933 8.76763393357396 1.40368833765388 4.4961327444762 1.33723942702636 4.23875102773309 1.83686562916264 6.71613480336964 2.0901294907555 2.65284617990255 1.35287753343582 2.12363025359809 2.37664805641398 8.79387767985463
146.978 3.49275571294129 1.59976418409497 3.71425271965563 1.63424602672458 6.69407823123038 1.3573465465568 3.97712240740657 1.41259872736409 2.9583337046206 1.89928119257092 8.31974345445633 1.94978166604415 4.05190991610289 1.72530313050374 6.78675446659327 2.12328375950456 2.7575927246362 2.3944620593451 2.3424795307219 2.05259275035933 2.01556787081063 2.14217104976997 3.08883901499212 1.64276939854026 2.11881766654551
162.18 9.7376292720437 2.23899510605261 3.43655505031347 2.31871082819998 6.2982069645077 2.17073451103643 5.36938431859016 1.73510622782633 9.75069236382842 1.79783433591947 3.44998457655311 2.08684669546783 4.19600416906178 1.80533714536577 9.71669328399003
178.543 2.31209718063474 1.6248646969907 7.28678819350898 1.95322297876701 7.0364789031446 2.35394165953621 6.86853906139731 1.83262534951791 7.21267450600863 2.08718660566956 9.61980054341257 2.08685729298741 3.71236184611917 1.50824725106359 3.85630176402628 1.82376671442762 2.42172976396978 1.39977638833225 3.50197399966419 1.84241127679124 7.55615423247218 1.77547708274797 8.81157226674259 1.44408571571112 7.60739626176655 1.34657675232738 8.70973086170852 1.84840303473175 7.85077715292573
197.843 3.18738412670791 1.93624273827299 6.63157841190696 1.89189820606261 9.01150307618082 2.41440302832052 8.73343742825091 1.40657988917083 4.26614518463612 2.11079383138567 4.77966859377921 1.41710920128971 8.50011949241161 1.58338772812858 2.70567189715803
253.412 3.55316981114447 1.37634066585451 2.80171114951372 2.4848539034836 8.93444299139082 2.31250037662685 6.52695438824594 1.58424199493602 3.45033897459507 1.54852733919397 4.7330107614398 1.63424585293978 6.44626055844128 1.97961602639407 9.30024777539074 2.03364631682634 2.24010603316128
265.976 2.04124522581697 2.09080180460587 4.14217658340931 1.81047856258228 4.27501193247736 2.19731940589845 6.10125080123544 1.42490802770481 2.11909846961498 2.48762977356091 5.0014604665339 1.84155337642878 6.91614601202309 1.33542188620195 4.98596799373627 2.47775861714035 2.83467490784824
308.418 5.06886266171932 1.95509683424607 5.34736794047058 2.35181102277711 3.59284465946257 2.12199810212478 6.54037179611623 1.66949025681242 5.53023441880941 2.39867701921612 3.32751785218716 1.45028197783977 2.54326193407178 1.46999880634248 8.21820896491408
311.172 5.02752942219377 2.15688584651798 8.90416329540312 1.66736014587805 4.11778260581195 2.36778386384249 2.1251641381532 1.46653471635655 4.32414917647839 1.40696869269013 3.2836489956826 2.32476449040696 4.52215225808322 1.94935915190727 8.85420696251094 1.68800826696679 8.94392555579543 1.77867127712816 9.84231901913881 1.51606178851798 8.06880077905953 2.00086977127939 8.39405653625727 2.25798088954762 3.38940058276057 2.0802423751913 8.88777577318251 1.650640346203 3.79290518723428 1.91404036367312 7.81589622050524
337.109 5.71080853044987 1.91290234038606 9.56889306008816 2.47751575903967 8.39947672747076 2.49893776308745 4.73796046338975 2.21825576974079 2.99970322474837 1.4535679361783 4.98380065709352 1.81419523004442 9.28445912152529 2.31606497429311 6.18354954943061 1.67991092409939 5.21899039112031 1.88771874634549 4.7259623799473 1.54944067997858 4.8379345741123 1.55018367171288 5.59925884380937 1.95891831573099 8.40671562030911 1.67023472515866 3.65172394923866 1.72061328692362 7.95930800773203
346.43 7.75107963755727 2.02294299416244 4.43554496020079 2.31217674715444 4.37185078859329 2.3745665431954 9.17184097506106 2.47031882815063 3.76638011261821 1.68469023806974 3.8666423484683 1.39967657690868 9.81252007745206 1.99557848563418 9.5676943231374
351.825 5.52533507347107 1.33246902218089 3.81400741264224 1.42629550397396 3.70319020375609 1.90577483428642 5.80650458671153 1.70330067016184 9.66271174326539 2.16874635154381 7.1262403614819
359.373 8.32912973128259 1.4740028093569 7.81311207823455 2.31050902865827 2.68033133819699 1.76041416628286 9.78910188563168 1.58913274323568 4.13068132475019 2.3559873345308 2.31551418825984 2.30417209500447 3.93459160253406 1.41608310965821 4.53701313398778 1.90777216805145 7.61897573433816 1.6886208913289 6.86199007555842 1.87359110219404 6.44403208233416 1.95973774958402 2.33222638443112
361.719 5.66514541395009 1.92665130384266 6.81283595971763 2.45951208984479 8.43363749980927 2.05077683115378 5.15449471399188 1.4480975298211 8.67884380184114 1.73392125330865 4.92392078973353
384.595 2.1501593478024 2.24369089268148 9.23745699413121 2.19172641392797 6.30014867521822 2.22732529547066 8.21930398978293 1.33513581994921 3.57791201025248 1.56757920840755 3.70675457827747 1.92258442174643 5.50645703263581 2.24331131009385 4.95474967733026 2.16643971381709 9.28400535881519 2.26323711313307 5.8110645506531 1.86433409005404 4.69174247607589
403.707 5.46912293694913 2.2998220121488 5.415253655985 1.92028901632875 5.22723919153214 2.11370726358145 8.63085578382015 2.09971068948507 2.89972428418696
430.54 2.9646649453789 1.44384854417294 8.1251626405865 2.19673713240772 8.56158188171685 1.59519929513335 3.19297062605619 1.5305426879786 9.91278195381165 1.39761376036331 2.29430659674108 1.89105934882537 7.97140596434474 1.33031850745901 5.42297838069499 1.74094016458839 2.35222688689828 2.09077892173082 3.50142525881529
439.625 3.86546444520354 1.78911257619038 4.3586949724704 2.48618462197483 5.35119594447315 1.59944941904396 2.87413257174194 2.45292303189635 6.90354215539992 2.47545176232234 3.28563820384443 2.03319368595257 3.0922011397779 1.31972760092467 2.81402982212603 1.31525950925425 7.19815983250737
502.853 3.67579555697739 2.16870230268687 3.75094809196889 1.70997529337183 5.2861508615315 1.74411258557811 6.35307765565813 2.42786370711401 3.28056999482214 1.57504256255925 4.38501555286348 1.70479284701869 4.6536701451987 1.34645088324323 7.72734932601452 1.33993817269802 9.41086466051638 1.92555943941697 9.27864370681345 2.21974614504725 7.30083543434739 1.98528229882941 5.51653608866036
574.311 5.8150608278811 1.767485414166 5.14067362435162 1.4164593109861 7.37341418489814 2.15589375048876 5.02682602033019 1.7261237218976 2.36980139277875 1.74116021217778 7.26866718381643 1.36497946437448 6.65785441361368 1.52864046981558 9.18154747970402 2.24493858590722 8.82733130455017 2.35590585852042 6.56488861143589 1.38504330087453 8.11698830127716 1.51169290253893 5.86712862551212 1.31876199226826 3.98412096314132 1.555258537177 7.7820672057569
585.896 5.63417977839708 1.90777100631967 4.32141815871 1.52370804110542 8.88497246615589 2.38172388412058 3.14838962443173 1.7276100423187 8.86488320305943 2.0036086525768 9.50243419967592 2.35081831822172 4.4432849176228 2.28214691663161 7.43068861588836 1.47558849388734 2.5042429883033 1.85925741856918 3.36848283745348 1.90915474314243 9.79912486299872 2.3603772434406 3.72507730312645
596.462 2.01613727025688 1.68907859884202 8.18889650888741 2.13631692491472 7.12386557646096 2.18011871967465 4.56326255388558 2.15543446131051 5.48142124898732 2.26564612993971 8.21480573154986 2.0986530257389 3.24578312039375 1.75162107404321 2.07809794694185 2.00241383351386 3.51652332395315
599.417 5.10672423243523 1.85899955378845 3.87496294826269 1.42141213482246 3.32568108849227 1.56253658337519 9.7572621293366 2.43235659021884 5.07188259065151 1.84620101405308 9.70970313251019 1.34008009340614 5.16046623326838 2.32358930343762 8.12776658497751 2.24141969671473 3.87103478424251 1.99360045203939 4.6001801379025 2.14366705240682 6.15837049670517 2.28250168263912 3.72381294704974
624.655 2.56556570902467 1.56551072709262 3.69728719256818 1.41735321944579 8.42301601357758 1.48232946740463 6.67535419017076 1.87245454126969 3.25714561901987 2.34083124315366 3.95764120668173 2.21671792604029 5.15740382671356 1.64703565789387 4.45556563138962 1.52203237935901 9.6579384803772
647.01 2.38467802852392 1.91749823512509 8.84683324769139 2.30053959274665 8.65647423453629 2.32246741168201 7.02229279652238 1.73955874424428 6.72562834061682 2.38824103930965 6.56479736417532 1.39883635956794 7.25766646489501
650.454 2.89808772318065 1.39032861413434 5.4413602091372 1.87296923147514 2.04038058966398 1.93957972424105 4.39862324111164 2.03035429334268 4.71263764984906 1.9790144443512 5.24536177329719 2.06520796557888 4.8020229972899 1.331370353885 8.37204666435719 1.33650129651651 2.33660420589149 1.47311292588711 7.99790802225471 1.32035641521215 4.21294391900301 2.26501758024096 8.17010545171797
676.485 8.94292377866805 2.49493835223839 9.62101515568793 2.28318945970386 8.03286641277373 1.60188871379942 5.03360852785408 2.02507368093356 4.20760536380112 1.40718456776813 3.39896796457469 2.23414350319654 3.46281093172729 2.12460212782025 8.13437299616635
700.028 9.94080517627299 1.87182279499248 4.80610143952072 1.4570292067714 6.17454797029495 1.77186096096411 6.39035128243268 2.28284254306927 6.22304550372064 1.95374917313457 3.89395944960415 1.4654284870252 6.50743897818029 2.17350419946015 5.34151595830917 1.92717507556081 3.6880899630487
722.272 2.62447456270456 2.44792637517676 8.50853800401092 1.34046014426276 8.710434531793 1.37365220477805 2.76103010214865 1.96881817067042 6.40089344233274 1.34747558766976 3.01462265849113 1.45017402311787 8.33717150054872 1.79241336183622 4.90260387398303 1.49560197331011 5.4062019251287 1.93465792685747 2.60033788718283 1.8005848063156 5.6336324326694 2.16589448079467 5.08733196929097 2.12374366950244 4.12566193751991
751.403 3.93409020639956 2.22193109011278 8.86036637052894 2.30462838374078 3.26094809174538 2.31091535650194 8.9792921487242 1.68511497173458 3.11336592957377 2.02341863531619 6.73509134724736 2.05390920117497 2.02532141469419 1.49630498643965 9.55955072119832 2.19518974116072 8.07689743489027
775.931 7.25110918097198 2.36002559382468 3.11137145757675 1.63776214402169 4.54726069234312 2.03220081152394 8.92385855130851 1.87314437776804 5.52888660319149 1.62945342268795 4.32700756937265 1.40957363760099 4.85463199019432 2.38334604529664 2.43673178181052 2.06481793690473 3.2425706833601 1.34845967171714 5.14981609769166 1.83702224446461 4.51045897603035 1.79077943274751 2.06565307453275
787.364 7.8759122621268 1.43875319473445 5.5722436811775 1.60272938767448 5.70753697678447 1.48651457065716 7.14522295631468 1.58971021417528 3.24663915857673 1.77362914551049 8.68654811941087 2.28082590354607 6.08892170153558 2.27260411120951 7.97385109961033 1.56815971834585 3.46717770211399 2.48249273840338 7.95962868072093 1.54271243689582 5.30542939528823 1.60713765909895 5.74279345199466 2.35409928681329 3.80276198685169 2.02493305075914 5.24651246331632 2.07744725970551 6.59272467717528
790.423 6.93683575838804 1.4247189716436 7.57991603575647 1.60821438441053 6.51017423905432 1.95612433683127 7.19924390688539 1.97146278321743 3.0610468313098 1.8186199054122 2.978450730443 1.784687503241 5.37962479144335 1.87186585143208 6.1223310790956
820.777 5.67465951479971 1.45192113919184 7.35206577181816 1.54818002581596 5.49369320273399 2.38459838153794 8.3673871550709 2.20763671286404 4.10080554895103 1.39553746152669 2.55228728614748 1.32398153077811 3.84554548375309 2.37041630083695 9.86593793332577 1.95461301626638 5.83648552373052 2.4787587611936 6.76227897405624 2.36116824168712 3.70116104185581 1.78890625480562 5.17759175039828 1.6522202430293 6.3010818362236
847.923 5.5762250944972 1.50670845545828 5.71121789328754 2.25553141022101 5.28913267329335 2.04058021605015 2.00991093367338 1.84923163866624 6.45017326623201 2.33167588254437 8.02812679298222 1.3598264021799 7.59064099937677 1.44867447605357 4.47538331896067 1.78320781597868 7.53068726509809 1.97010781224817 4.16848113760352
898.557 5.96556836552918 2.0865843988955 7.8154285158962 2.49907995788381 3.70058930665255 1.65329899229109 7.66654145531356 2.38404972618446 5.18563919328153 2.21476319776848 9.34937071241438 1.55263284789398 5.55889501795173 2.23835097411647 3.58091285638511 2.48697057403624 9.18397069722414 1.82129031829536 2.49483419768512
916.977 7.42270661517978 1.77490748241544 5.82231904007494 2.01760215386748 8.49726621992886 2.25863824840635 3.79766563698649 2.07374355932698 8.61025600507855 1.39714037925005 3.69683663547039 2.09234684444964 5.85476032458246 1.85484178308398 9.17455950379372 1.55243945755064 4.03450310230255 1.32170777050778 2.68465662561357 1.59802705533803 4.27601887658238
972.707 9.43782301060855 1.55022419709712 8.95684078522027 2.35087976874784 8.58476569317281 1.5405055558309 2.32678154669702 1.56507058916613 6.97553359717131 2.48917385814711 4.84965974092484 2.39152961196378 9.49138957262039 2.42540709897876 9.86283642984927 2.04436886506155 9.02418708615005 1.3689935256727 8.24442369677126 1.50895331744105 2.62714079394937 1.35174158019945 3.893604664132 2.2016075800173 2.13209925405681
984.154 8.80606349185109 1.41145969098434 3.73620495386422 1.62424388853833 4.02940773591399 1.77432224787772 2.95043510012329 1.51672922018915 2.64235801249743 2.45725885266438 3.95324565842748 2.42862697578967 7.4831411074847 2.47543342690915 5.64946875721216 1.93800847670063 3.62330944463611 1.92494528898969 3.93172601237893 1.87200206601992 5.5471364390105 1.89869484882802 8.69597559981048 2.13662401018664 8.25042634084821 1.59215219002217 7.3498534951359
1010.22 6.03823830932379 2.45587834622711 5.58750734850764 1.87206737082452 2.87257954478264 1.99519350510091 4.16022157110274 1.77139131817967 5.10597392730415 1.66554763978347 3.95814544893801 1.40657380055636 8.68480538390577 2.35674146804959 3.5189306307584 1.67063135011122 4.64144885353744
1012.06 9.92665866203606 2.39534874092787 5.57966381125152 2.14186257030815 3.62009712308645 2.44894614629447 2.58630850166082 1.48816351173446 8.35670386068523 1.86746059805155 5.79285217262805 1.99695749310777 5.79881029576063 2.01008041780442 5.08610377274454 1.8247577750124 2.12940066680312 1.31703664204106 4.0522843785584 2.4735709277913 7.2744517121464 1.94076397456229 4.84486636891961 1.59354758523405 2.95901433564723 1.61830744361505 9.94369067065418
1038.96 3.61310855485499 2.48832540055737 5.94484143517911 2.17083359155804 9.38318351842463 2.48593220571056 3.11487648822367 1.38145551662892 2.58709425851703
1078.02 8.9649202041328 2.34594442229718 3.87763694487512 2.12200800478458 4.58983811549842 2.25478997612372 7.3078794516623 2.04292883314192 7.6774409878999 1.4280108615756 4.7005175165832 1.89618605999276 9.39182808808982 1.7174950722605 4.48625686205924
1168.07 2.67094087973237 2.43780774250627 6.93864585086703 1.37101143728942 2.3902092333883 1.83392283124849 6.49737445451319 1.99482188532129 4.60135731287301
1183.55 2.69601466320455 2.04438277035952 4.28183460049331 1.90733078261837 9.32930015586317 2.26374912587926 4.28242472186685 2.32301722234115 4.73698596656322 2.41421300526708 4.45400770194829 2.05559890735894 5.35842841491103 2.42566932737827 5.64423697255552 2.45625177426264 2.07219557650387 1.42353007355705 5.63091660663486 2.46441334038973 3.19255892373621 1.79793447591364 6.10169434733689 1.7863266101107 4.94690553843975
1214.17 6.76510591059923 1.99702081615105 7.82448553480208 1.93518675817177 8.3153488188982 2.12277185432613 9.5224667917937 1.84746033381671 3.94690384157002 2.07323499461636 2.88634068705142 1.95416014678776 3.56570650823414 1.4136711304076 4.76963202469051 2.47116523943841 6.7040265519172 1.98908106563613 6.68794444575906 2.26501885093749 6.0047818981111
1215.73 4.56057228334248 1.76330799404532 5.17880823835731 2.14624045537785 2.65341947227716 1.73261479511857 4.8159684445709 1.5265057370998 5.20263044536114 2.05772375892848 4.97721554152668 1.94861374283209 2.44936268217862 2.2773878117092 2.8795012794435 2.0078245844692 7.501559343189 2.28236342845485 4.39973104186356 2.22027383977547 2.5137636102736
1229.47 5.78064625710249 2.34834696715698 3.16792124323547 1.49606366166845 6.47789118997753 2.14033524394035 5.25486584194005 1.97701077666134 2.50951695628464 1.6021180937998 2.29889114759862 1.78132837647572 3.56369260884821 2.33820943133906 3.39255373179913 1.31171789392829 9.79654226638377 1.95480634095147 6.95243931002915
