# Using the following values to generate the workload:# num_procs = 50
# mean_io_bursts = 10
# mean_iat = 25
# min_CPU = 2
# max_CPU = 10
# min_IO = 1.3
# max_IO = 2.5
40.2027 6.29934829473495 1.5649226885289 5.65926156006753 2.17412476623431 4.19826406426728 1.86467883242294 4.07254830002785 2.20601317035034 7.19301339611411 2.06011592810974 6.58537155762315 1.54616681393236 9.03027749247849 1.95862375888973 3.11904610879719 2.05110638244078 6.3917363062501
50.6406 9.07549862936139 2.40645676171407 2.92941172420979 1.78432875191793 3.31462213210762 1.82340392889455 8.0694092977792 1.88504275027663 2.21990269236267 2.42861475637183 9.67159318737686 1.38767648553476 9.98199702613056 1.32643294828013 3.74530227668583 1.56254408461973 3.05336067825556 1.73835438294336 2.5572782792151 1.69736566329375 8.57895289361477
78.8311 4.89829117804766 1.37091886280105 5.48201088234782 1.47685039192438 7.46619261987507 1.74991393350065 8.95909184403718 1.54550417587161 6.66702874191105 1.42427858281881 7.50250097364187 1.30792647693306 7.38348746299744 1.7227566334419 6.60115615278482
103.196 4.78513125889003 1.81347617479041 8.66898404620588 1.71959026558325 3.44159798324108 2.23498954931274 8.96334865130484 2.35924116810784 7.30782273598015 1.6673894610256 4.15483235009015 2.19257588740438 3.73853312060237 2.33005133001134 4.42819302342832 1.8809882200323 3.77577543631196 1.33494459744543 2.00300933793187 2.32778532272205 3.18484078720212 2.21916377991438 5.12171391583979 1.84028797112405 4.71195145137608 2.14227959765121 5.41411960683763 1.86604148065671 6.00068442523479 2.48230558922514 4.40162613615394
129.346 6.65350792557001 1.89051675470546 5.67173268273473 1.68951970376074 2.63436941057444 1.41504947571084 4.95990573428571 2.08884716490284 5.94809284247458 1.78538080845028 9.91095471382141 2.34698488665745 7.03051417693496 1.87787690423429 2.81957500241697 1.71569585818797 3.95508282631636 1.9274911836721 2.85963236354291
133.875 4.01665860973299 1.68095669867471 7.95985576324165 2.37080338075757 3.80805472098291 1.5924947832711 2.43875212594867 1.91510133100674 6.95964347571135 1.41780650997534 8.85539262183011 2.39282142752782 4.88927742652595 1.33185232393444 5.51287227496505 1.45024144239724 3.97546046413481 1.40880442308262 9.44489262625575 1.64277491467074 3.21948920190334 2.1961740585044 7.24987631291151 2.21727767344564 9.31315050832927
170.021 3.28250558301806 2.12418020991608 9.30802965536714 1.81444253865629 6.82537247426808 1.94163326006383 9.13410454057157 1.88236284265295 2.21818216703832 2.01419526534155 9.97162311151624 2.21683749193326 4.24423577077687 2.44644816592336 4.31900575757027 1.37233534827828 3.16859086416662 2.43100973516703 5.26164038293064 1.42778658811003 7.67503535374999
171.323 6.91436549276114 2.46461613690481 7.34235033392906 1.73024809183553 9.97137599252164 1.98096252996475 2.56634552963078 1.77770511331037 2.15956202708185 2.14718253938481 6.22393486648798 1.3771340733394 8.87359092757106 1.58125316053629 8.08292529545724 2.31404565647244 8.85189843736589 1.91270710071549 2.39399836212397 2.26984149850905 7.65716256573796 2.37408153023571 7.61232390068471
201.749 9.88480373471975 2.39342359909788 4.26131265796721 1.33151700897142 4.23228576779366 2.2916725391522 6.82127106562257 1.64197197668254 6.69640703126788 1.69444019664079 9.69864251464605 1.94426922164857 2.05210984498262 2.45362003436312 8.90835217759013 2.36192985856906 8.08730736002326
286.664 6.65833314321935 2.24384211953729 3.98734326474369 1.59231528565288 4.64966160617769 1.62456666780636 3.82544131204486 1.59718012297526 5.00894842855632 1.77246655123308 9.25978436693549 1.45460748635232 5.3773010019213 2.3940428876318 8.73476909101009 1.70206237528473 3.06817737780511 2.056355942972 4.7309545725584 2.20317390514538 7.38437894172966 1.7405076013878 5.66760449670255 1.93136372826993 2.44178856164217
297.712 3.90237561054528 1.71654975563288 2.16503125801682 1.52822931706905 6.21055980212986 1.9870984393172 4.03005141206086 2.2765965779312 6.73815761879086 2.32504718238488 7.68806521780789 1.58979754718021 6.33064525201917 1.49208615217358 9.37454546429217 1.69119120473042 2.1603183504194 1.92130631394684 6.32657779753208 2.24384468803182 3.62927460111678
356.531 5.44697306863964 1.33570728553459 8.1679406799376 1.48176259873435 9.12917637266219 2.22993236100301 6.38259402289987 1.50162233142182 2.27178523875773 2.06148891542107 4.55922301672399 1.32040950339288 5.73985440842807 1.4549300359562 7.89263843744993 2.39971423922107 8.70971693098545 1.57145877620205 4.43123251385987 2.3246789525263 4.54383512213826
383.628 7.57474980130792 2.22849037945271 8.17838008329272 2.33936464618891 3.22835664637387 2.0461259114556 7.44013813324273 1.70155788082629 3.15000058710575 1.45086890747771 5.39016839303076 1.73513699388132 8.52282332070172 2.09135996280238 5.77846979163587 1.67637235028669 2.68935916572809 1.35616544000804 5.84918654896319
392.355 3.45055010542274 2.26983631122857 4.72269130311906 2.29510042183101 2.07771899178624 1.30144383870065 7.72485596872866 1.39286676226184 9.94193494692445 1.63035318199545 5.97773511335254 1.54251686921343 4.0790375713259 2.31280406583101 9.80315857753158 1.39792069811374 4.88866576179862 2.15504333293065 5.07657366059721 2.27209059754387 4.07188080996275 2.40094415610656 5.90795047208667 1.41113635292277 8.87137526087463
399.017 3.95011603087187 1.99992251088843 4.02255197800696 2.37997945500538 7.12880887463689 1.55137585187331 5.51946802996099 2.19887627149001 4.59056459367275 1.46214395975694 4.84561814554036 2.33251099586487 5.48662812821567 1.57312310421839 2.46239535138011 2.26819629156962 5.44614953361452 1.59306390499696 3.7459606025368 1.33615611102432 7.18132842704654 1.46593258585781 4.77533618733287 1.72021617721766 7.85906350053847 1.59129967028275 7.80398086085916 2.06755899274722 3.29042939096689 2.35772989504039 4.21800422109663
401.395 4.47585495002568 1.77001875443384 5.3426372371614 2.36720169037581 2.36503672413528 1.38768760077655 6.39711183123291 1.6237471842207 8.60584288276732 2.38539862502366 6.11700264923275 2.12790065621957 9.68560087122023 2.0278717443347 8.20721063949168 1.30297134416178 2.02917734161019 1.64301671413705 6.00076428055763 1.58105481844395 2.33996981754899
425.436 8.32816573791206 1.76341476077214 3.50042087398469 2.26276672771201 5.67240868136287 1.44131192686036 4.81693160906434 1.72355828285217 4.60591734573245 2.14762179106474 9.99425231479108 1.38434537025169 9.87076962739229 1.42305376771837 2.0752891022712 1.99652598043904 2.64925743825734 1.40739135267213 5.90483049862087
437.741 7.31309056095779 1.33205376956612 7.48066013865173 1.60355230672285 2.21057477407157 2.0407788509503 8.19673814438283 2.04559549568221 9.41185599192977 2.07525295987725 9.73806347884238 1.82073248084635 9.43905557505786 1.5869879075326 8.07985380850732 1.768166970741 4.18586581386626 1.75964069599286 9.14802959933877 1.82583059212193 8.49482634477317 1.48797632455826 2.50761503912508 2.08000709209591 7.77586029469967 2.47938193781301 2.69417795725167 1.78229393623769 6.48184340819716 1.98904401203617 3.5953523516655 1.4323037407361 6.55970955826342 1.44000701541081 8.62976968660951
466.489 5.74906049668789 1.710456143599 8.66625328548253 2.27359708733857 3.75939169339836 2.23425509929657 5.93758976086974 1.73272550106049 7.08242291770875 2.3817716659978 8.3702731654048 1.38949103597552 2.44878666102886 1.43427866715938 6.44637231715024 2.48732054810971 6.1818052623421 1.96457616519183 6.47597313672304 1.4030920878984 5.66280014067888 1.880695744697 9.899004785344
483.887 2.77017920464277 2.0923118933104 3.86514146439731 1.77995819402859 5.14979379810393 1.59529010048136 6.93888769671321 1.57138482602313 7.68599420040846 2.24208409665152 7.63528415746987 2.32720249798149 3.13264223560691 1.79172411877662 7.19286770559847 1.85424512317404 5.81794146262109
519.346 9.27468943223357 2.42180976830423 2.03416851907969 1.52297170544043 6.30978237278759 2.33766252472997 9.21402613446116 2.45358565961942 8.43098304793239 1.74580646511167 5.73741292022169 2.45962269799784 9.99758554436266
523.113 9.33669066429138 2.42077816613019 4.40979581512511 1.46132128546014 4.6965456455946 1.4608292219229 7.09794029034674 2.38579576574266 6.43943764455616 1.41808274146169 7.92930745519698 2.27943752426654 2.66113221086562 2.08459202777594 5.09769677743316 1.37819870663807 5.05676382035017
532.011 3.93690354377031 1.56524536302313 7.67733011581004 1.58219642164186 8.78912081941962 1.92913131844252 6.62396320141852 1.67391192866489 7.51966647617519 2.25406221933663 4.69642607308924 1.85471093095839 5.95044558122754 1.30446634264663 7.32844427600503 2.04782423255965 2.77100522816181 2.29111437983811 7.62232661992311 1.8245915280655 4.41017843782902
600.484 8.36442507058382 1.46833376418799 3.22358603030443 2.09707663198933 8.81464765965939 1.70598603943363 6.65248663164675 1.72412769012153 2.1772380862385 1.98103259736672 4.31372541747987 2.2827526091598 4.90180231444538 2.46071174694225 2.14260856620967 2.36238287808374 5.79222178831697 1.32764551211148 4.99110151268542 2.05397611027583 4.8495250698179 1.84201895119622 3.91269907914102 2.16123886471614 9.45540460944176
604.712 6.9584953058511 2.36366000017151 3.75584612414241 2.37468656981364 2.84394893236458 1.4179715834558 3.71100551448762 1.31259602820501 6.51269683800638 1.85395887140185 4.01780254766345 1.36507442044094 3.24705278500915 1.86594613315538 9.19207018986344 1.72219582684338 9.11763969808817 1.8719283237122 8.81353628635406 2.44534761561081 5.95626445673406 1.32337379306555 5.08351997844875 1.39771739337593 2.07974275015295 1.45293508796021 9.34252116642892 2.38192544430494 2.3726402502507 1.59327458385378 8.03446049802005
658.406 2.68630526773632 1.71215068921447 4.91302511096001 1.47215270064771 3.40655582211912 1.34202067386359 6.41676613502204 1.8635920714587 2.23846190981567 1.84681027475744 9.46053627878428 1.43160552121699 8.61998112685978 2.49783884137869 3.2776216827333 2.47811811082065 4.5500552393496 1.79350773887709 3.5036174338311 2.31855075368658 6.47090339288116 1.69647978357971 5.42924941889942 1.59587802952155 4.15159472823143
682.808 9.05963876657188 1.65225394722074 2.03614599257708 2.07944892020896 8.78221805021167 2.15796475084499 2.24469204433262 1.60748252384365 9.79866115935147 2.17519070850685 8.9810443110764 1.46664781253785 8.97520935535431 1.42504691695794 3.94171756319702 1.87601769557223 3.67493312247097 2.19973796773702 7.10019425116479 1.86499319709837 6.40703073330224 1.98182982448488 7.72526309080422 1.75912189586088 9.87288268841803 1.94864229634404 8.61739752814174 1.75400862982497 9.49720081500709 2.4892685781233 6.58283863961697 2.30893751457334 6.23775759525597
706.108 2.04160299524665 1.5776956891641 9.80682030692697 2.23898391900584 2.50705674476922 1.4239096974954 8.18257493898273 1.47529586041346 4.75467446260154 1.32480801828206 3.63073280081153 2.08285511359572 4.09007556922734 2.35317467516288 2.74291031435132 1.67411965932697 2.91735384427011 1.67632546164095 8.86916893534362 1.40740895830095 6.20298718474805 2.44549925457686 5.46475129015744 2.26894235555083 7.43983976356685 2.35160112706944 2.39256246574223 1.61463593030348 5.77461626753211
747.213 3.43329059332609 1.34375866958871 7.18204149417579 1.63452483760193 7.21366859041154 1.78418100718409 3.54279748536646 1.90743411472067 7.51428773440421 1.77147978637367 3.73962558433414 1.86547330049798 4.29760621115565 2.30241924682632 7.5289639364928 1.61919154636562 5.11284363083541 2.28367714174092 5.34145214781165
755.705 4.45080322586 1.63519630152732 7.0299654379487 2.32388470014557 2.37223689816892 1.7023488888517 3.57856125943363
777.627 3.57400170527399 1.8771769342944 7.21413556486368 1.93655500411987 2.65686925128102 2.1941834568046 8.23399489372969 2.47393087632954 6.40928969345987 2.30352360447869 3.49333076179028 1.89407048076391 3.46874599531293 2.01396177988499 5.72885801456869 2.4141811481677 6.67964893393219 2.36839699195698 9.80770189128816 1.93443008242175 9.02549277991056 1.67024571830407 3.23421295545995 2.12125536184758 6.67461523413658
783.751 8.41698687337339 2.00472444398329 9.16670647077262 1.86299168858677 3.35933546163142 2.49449225701392 4.55215716548264 1.57497778972611 8.98866408877075 2.2288888534531 7.3526725564152 1.96366851851344 7.84059293754399 2.40959705403075 9.74009290337563 1.54553463151678 7.05542154423892 1.5586431466043 7.78284750506282
784.137 3.53199158608913 1.81796218752861 2.31948048062623 1.78357635289431 9.99816901609302 2.33410500083119 4.22912425734103 2.36067047845572 4.61283522285521
824.937 9.93079947307706 2.18608921971172 2.96352786198258 1.74133069226518 7.72707501798868 1.30801606914029 5.97176014073193 2.34982447065413 2.87152020260692 1.40983971552923 2.32145512476563 1.47965879188851 6.80962115712464 1.40913615506142 2.51340813748538 1.33053060788661 2.602629031986 2.14024079414085 3.71160476654768 2.11292505264282 6.55054054409266 2.27472655074671 9.64811615273356 1.43797089131549 5.80843079648912 2.25967257749289 4.19233877211809 1.37404852015898 4.39366569370031
835.929 6.25808203965425 2.27631202628836 2.8624587263912 1.33517687283456 9.23342914693058 2.1557474446483 5.72238279134035 2.4250875945203 5.49150480143726 1.89529693927616 9.97178203985095 1.93043343564495 5.75763632543385 1.65724652223289 9.59830046445131 2.07569876927882 8.16939079388976 1.52208244390786 4.34457783959806 1.78764495523646 8.31612422131002 1.40264958236367 2.1053909715265 2.2850985837169 7.03610905446112
845.939 5.60273531265557 1.37549214093015 4.95440724678338 1.409848045744 4.40946805104613 1.9002389434725 2.34182676300406 1.99935192316771 7.2444360293448 1.83915131296963 4.48408781178296 2.47833527000621 2.28407076373696 2.4864847346209 7.77286663092673 1.574896394182 7.86209008283913 2.23049055691808 5.67007339373231 1.38002982949838 2.17810666561127
896.207 3.93408459052444 1.84168569371104 3.18688041903079 2.1538261895068 6.4218553006649 1.57445800108835 3.7490501627326 1.62701686685905 6.06038253381848 1.60826378315687 7.27059620991349 1.42816075067967 8.45889375917614 1.43018411891535 5.63725548051298 2.11892476165667 2.39705931581557 2.22389098331332 7.35836214199662 1.56017102757469 9.04605300910771 1.4514812650159 5.30994761735201 1.53713568933308 5.10357353836298 2.34150386769325 7.88623013533652
896.418 4.17385235987604 1.56212633000687 8.67109451442957 1.56920251678675 5.06025788187981 1.76513085095212 3.67491918243468 1.64603059031069 8.26989245414734 1.54124542418867 9.37086359038949 1.70856680199504 7.85164030268788 1.77794514670968 8.91648468188941 2.35845899041742 4.00517507828772 1.53304774016142 4.85620383545756 1.73231604509056 6.35555750690401 2.26155712213367 5.56189880147576
905.836 3.94650822505355 1.86234504655004 4.69254981726408 1.6954146521166 7.39918136224151 2.16832144549117 7.26158059760928 1.31713170399889 6.20153903029859 1.99495219597593 8.05059638433158 2.26068761087954 9.85232873260975 1.40790121043101 4.35451922751963 2.48977179378271 8.45718283951283 1.54566081883386 7.06891522742808 1.93301535379142 9.67901197634637 1.4402774698101 8.11674976535141
962.948 5.9176755938679 1.50720070172101 8.42368704266846 1.51236485010013 4.84107493422925 2.21798701547086 5.17650108598173 2.17883734405041 9.18618261627853 1.38527122130618 7.98836810141802 1.99402068573982 2.98172441869974 1.61318485271186 7.85512656904757
966.171 8.07981193065643 1.82969006933272 5.18204856663942 1.32360828965902 2.82720703817904 1.81391121987253 8.54124031402171 2.24580317810178 6.00002031028271 1.62868264243007 8.47430591471493 1.42039040010422 5.89669776521623 1.92097271028906 8.1744239795953 1.7461540014483 6.9649593308568 1.67859587138519 3.64425436407328
1067.23 3.19083907268941 1.65074819363654 3.61044612899423 2.30690920716152 2.66907699406147 2.4481344377622 4.47479952685535 2.21513568954542 5.8511062450707 1.48301160037518 8.83538500592113 2.23104793950915 3.50741636566818 1.54531710688025 5.25304215587676 2.15289740813896 6.41504587419331 2.44110667491332 3.0654051117599 1.31211496172473 7.20528338104486 1.52076586205512 5.45331715606153 1.8781692057848 4.87139952741563 1.54648350318894 4.93006342090666 1.54708677893505 4.38926573470235
1069.85 5.35056359879673 2.39302735468373 2.63356180302799 1.58351412974298 8.27018714137375 1.99784345049411 7.18401737138629 1.77145158853382 7.4475475512445 2.19210385438055 5.11008726991713 1.52936068093404 6.93465593084693 1.459522765968 6.83779972791672
1087.15 5.58587182313204 1.67976294383407 6.52015295810997 1.32340248180553 9.70811534486711 1.91110655535012 8.68160223960876 1.62807305343449 7.24684511497617 1.33252547094598 4.9469696059823 1.78181446902454 3.03606871515512 1.92817621231079 3.40965551510453 2.09890862796456 5.48466241918504 2.16154286796227 4.13145602121949 1.86894619036466 2.60694624297321 1.45571927484125 6.23382714018226
1103.7 4.93014667183161 2.05610960414633 6.65630651265383 2.3262074909173 7.24995480664074 1.90582556156442 4.62241578288376 2.05094888340682 3.82528814673424 2.45988250486553 3.24730372801423 1.60741479611024 3.32055333442986 1.96436188742518 4.39006348885596 2.19423978347331 9.52992011606693 2.22006713980809 9.76275921054184
1124.83 3.16750550270081 1.33936201743782 8.88216061890125 2.16284240828827 5.71440844237804 1.30837490092963 8.30668894946575 2.07746883025393 5.38451259583235 1.63928209096193 8.20422850176692 1.95938300956041 5.52181378938258 1.44987602718174 8.9525199085474 2.33647065972909 9.92293758876622 1.93266501761973 8.36157159693539 1.71728815324605 5.34518693573773
1153.22 7.37953035160899 1.39837469188496 6.31277931854129 1.50567048639059 8.56476060859859 2.05469756945968 4.3399912007153 1.7659157239832 8.44919107481837 2.04143105829135 6.60495615750551 1.56726652905345 9.03620155155659 1.30945740444586 2.10537364520133
1177.01 2.55195822939277 2.11971237165853 5.49391399137676 2.12911020480096 2.86445600539446 1.87157370997593 8.00506752543151 2.24680928252637 7.30540908128023 2.46566107803956 6.27144748345017 2.25320930536836 6.17266612313688 1.74527400303632 9.02956383861601 1.54666599985212 2.41631832160056 2.33098551910371 8.53635424748063 2.14553877385333 5.57769314013422
1179.55 3.53349231928587 1.5482266202569 2.25854291208088 1.88097876524553 4.55873533338308 2.34494726499543 2.62504589930177 1.76338146980852 9.87577742896974 1.76390814501792 8.59270619414747 1.76685168109834 9.14595935307443 2.29983774581924 4.53321646526456 1.42341612745076 9.6973372977227 2.14191264882684 9.880754949525
1198.24 5.97910492122173 1.69219952533022 3.0933231394738 1.98876076964661 8.28232520446181 2.28206529086456 7.86172338575125 2.25980076557025 4.83815320394933 2.10732129327953 4.00814001448452 2.24353448553011 2.39993333630264 2.20606182031333 9.67723736353219 1.60293956948444 7.74892726540565 1.78314833715558 3.60714965499938 1.41805734122172 8.84862210787833 1.76782855475321 5.30443808436394 1.81946299243718 7.91790975257754
