# Using the following values to generate the workload:# num_procs = 50
# mean_io_bursts = 10
# mean_iat = 25
# min_CPU = 2
# max_CPU = 10
# min_IO = 1.3
# max_IO = 2.5
22.4836 3.89079554751515 1.96928569786251 7.91369383782148 1.72065836200491 9.05242701992393 2.21929170256481 4.19824096746743 2.38972359150648 7.2060236427933 2.08739256411791 2.80357051827013 1.34094527931884 3.11482547596097 1.70391643466428 3.66811922006309 2.22368781687692 4.23614683188498
50.0964 2.59758233837783 2.19586936431006 3.84619335085154 1.4741362486966 3.20263723470271
77.5378 3.34439181163907 1.91482548899949 7.52742417529225 2.40405301684514 6.61573710106313 2.03670172225684 6.62324157916009 1.33740891581401 4.46515350043774 2.27607890153304 4.82671547867358 2.07654110947624 6.28609853610396 1.97157620657235 7.31276320107281 1.46311510996893 8.85117097944021 1.32334650773555 6.92014301009476 1.38127047466114 2.24704076908529
85.4242 8.17988952994347 2.03087399061769 9.81326745077968 1.51242093676701 4.10884040221572 1.40338642569259 6.08346939831972 2.30327838771045 5.87747041508555 1.56670817416161 3.36673261038959 2.15357888843864 3.6268020235002 2.09158958783373 8.32376564480364 2.34528272720054 5.26592026278377 1.36002230988815 8.47398424334824 2.14875391349196 4.15817798674107 1.53823710661381 4.17423256859183
130.911 8.68072566576302 1.4532415188849 9.28034226223826 1.30537274908274 6.93650036305189 2.49755252953619 9.05041834525764 1.56925299093127 5.71294754929841 1.76795814372599 5.56013290770352
163.488 6.28368964605033 1.41992070451379 6.38787645287812 1.40420511215925 9.10925388336182 1.90981090450659 5.20567235350609 1.34169418197125 5.73790237121284 1.30579232871532 6.18441027402878 2.33984300699085 5.39693933725357 2.32826480139047 3.95268419198692 2.30909521644935 4.89795722812414
187.585 3.09728518128395 1.3568288737908 9.59045961499214 2.23903022846207 9.56637692265213 1.36429880270734 7.36105444841087 1.60321837058291 3.59282209165394 2.11379858748987 8.88230660371482 2.49566534236074 4.53072716295719 2.22489298759028 2.20219348557293 2.08598749339581 4.51083849184215 1.52795253489166 5.8598009403795 2.15876852339134 6.80685657635331
211.318 3.68287817761302 1.4696651420556 6.67221124842763 2.1859229135327 8.62558599375188 1.86662666182965 9.47416622377932 1.56450899746269 3.99879361875355 1.75978785455227 9.41956711560488
211.876 4.62062728218734 1.55898278886452 2.38150515034795 1.8476816621609 6.47880492731929 2.40805091112852 4.9331263191998 1.54327229661867 8.7722601890564 1.75955133959651 6.24076095968485 2.18728392003104 9.65664276853204 1.31695142965764 5.99594517983496 1.53689330061898 5.32423873431981 2.05491612059996 6.91418642923236
252.673 6.6340095885098 2.14261320913211 4.79961092956364 2.29369466602802 4.61309737898409 1.93691068459302 4.11578590609133 2.2892947267741 4.86207285895944 1.6047534105368 4.99342347681522 2.06556497067213 6.70565090328455 2.2485918244347 4.19869767315686 1.52602589828894 2.38441200740635 1.89047800796106 2.11434442177415 1.47864898825064 9.11694132350385 1.39718693988398 6.72819748520851 1.46708511738107 2.98978777602315
292.175 9.34127661399543 1.34986130781472 4.15211429446936 1.84428922319785 6.61286984756589 2.12340510236099 7.92540108971298 2.10856148554012 3.7682202141732 2.11361625930294 9.63646597974002 1.95767471510917 7.85578087903559 2.27079402077943 2.53487454541028 2.30998735632747 3.08916704729199 1.87665648069233 4.40045505575836 1.70904234396294 9.32147051952779 2.3691361811012 3.63938449881971 2.1285948747769 6.78348410315812 2.05123755503446 5.76910255849361
305.938 8.41095111891627 1.59650573292747 3.08605738729239 2.27586181694642 3.70557833835483 2.40400935271755 5.20718717388809 2.32094102436677 9.06525429151952 1.6370148062706 5.58542402647436 2.0462888520211 6.28942284360528 1.68083495153114 8.17701594345272 2.15432958118618 2.25302129611373 1.66175659215078 8.41243924759328 2.04833857575431 8.01597972027957 2.46341241123155 7.21231411024928
335.172 9.94384528882802 1.91952569847927 8.21219557337463 2.38566506002098 3.98565537668765 1.397683748696 5.15035874396563 1.61986869238317 6.91716539114714 1.34279518015683 9.87296173907816 2.47906773323193 6.48364879377186
344.536 4.29458030872047 1.79457971863449 7.36183447018266 1.55850965082645 9.92947194725275 1.67235126830637 8.61106050759554 2.03018126599491 8.19572387635708 1.32186591522768 8.78762452676892 1.56250052051619 8.25643978081644 2.20879534948617 6.82822789996862 1.85895778397098 6.72594161517918 2.44046585550532 2.71832545474172 2.24480800926685 6.37584502249956 1.59631269769743 6.79457235336304 1.89864793755114 3.49928461015224
367.783 9.00700386613607 2.09855408519506 3.8297809176147 1.76606396296993 3.05028467066586 1.96562367789447 2.4967127405107 2.20568675221875 2.97694644890726 1.96005305889994 9.38259848020971 2.45515443673357 5.79556773602962 1.79219330111518 4.15844151005149
373.187 7.73926038481295 1.71176538597792 3.70128957740963 1.53273388342932 5.84542705863714 1.92708503436297 2.4971661195159 2.16792754745111 3.39698267914355 1.86428043637425 8.80458259023726 2.14096018131822 8.2696046885103 1.95635401718318 3.51948921568692
427.948 3.66152570024133 2.1045145213604 7.02657788060606 1.36098634665832 7.48478542454541 1.45914089204744 8.89443946443498 2.25176850063726 4.46839620545506 1.38988593844697 2.55144666135311 2.40646356865764 3.85734944418073 1.9961730347015 8.3874436058104 1.85538335265592 6.06345300376415 2.41216108072549 5.18697742372751 1.63462315425277 8.83527184091508 2.47455651219934 2.05842413939536 2.06337418509647 4.76367017440498
435.793 7.08699200674891 1.63467579064891 7.46794222854078 1.49769992344081 8.92862944491208 2.24437202122062 5.57635365054011 2.0260949390009 9.43895587325096 2.29550387552008 3.80357524193823 1.51654887376353 5.58074355125427 2.32649767491966 2.66430486738682 2.47355003170669 2.43908126838505
442.013 5.44358468987048 2.42888001454994 3.97587788105011 1.70545955533162 9.03340131603181 2.26862361161038 4.61508194170892 1.62092315815389 5.22159881144762 2.07710191328079 9.36235271580517 2.26397213703021 7.6834442615509 1.68148782551289 7.32149120979011 2.46816274924204 4.59209643490613 2.30328122470528 8.62043446861207
495.461 9.86222502589226 1.70873449649662 5.8021305911243 1.54052472384647 9.84401245042682 1.34090538034216 7.08278236724436 1.94855035301298 7.21878902986646 1.47863477338105 3.19275978952646 1.73144572637975 5.14343174733222 1.3389094770886 3.70256997086108 2.20807539122179 2.28642371483147 1.92486266661435 5.50935880094767
501.4 4.93382561393082 1.5012976729311 6.41554518230259 2.39933966509998 6.77549646049738 2.45037787845358 7.84954722411931 2.01388001246378 6.22697387635708
508.173 6.92725213989615 1.30245975190774 3.35106805898249 2.38532688990235 5.49588546715677 1.91519215954468 4.92376746982336 2.01205996517092 3.59741259738803 1.6640833129175 3.1941808052361 2.44919115379453 4.83302216231823 1.80739617887884 6.94680363498628 2.24110284820199 6.90421666204929 1.75593105759472 4.08088665641844 1.75838075987995 7.44043645076454 1.52257255809382 8.85130231268704
529.406 3.45711605064571 2.4888396772556 5.87253902293742 1.95547701893374 6.94131281226873 1.36596093326807 8.08426045626402 2.28291947552934 6.57657120749354 2.46934336293489 4.26720931380987 2.36164186140522 7.52019395492971 2.34661839464679 9.01825773343444 2.45641785636544 4.70908736810088 2.18666071686894 6.00322159565985 1.86058253850788 7.46562686562538
592.616 9.06254333257675 2.26217639474198 3.11859467625618 1.43138660127297 2.01512540876865 1.60032207546756 5.2203003205359 2.30729850465432 6.64306040666997 1.63199535412714 3.3673879224807 1.76393630346283 2.98984190262854 1.9125508335419 5.55326108075678 1.41286457786337 3.37357181683183 1.52338816281408 4.3578114900738 1.7865827194415 5.20672587864101
597.369 4.59171792864799 1.62972494633868 9.32119499333203 2.39464487088844 9.45116253383458 1.6020859612152 5.21464391425252 2.48092634035274 9.3893771879375 2.11249156966805 7.98760291561484 2.43345770910382 3.13566386699677 2.33524076323956 8.62204106338322 2.15413350081071 9.53790098614991 1.59428448248655 7.97956243157387 1.31619871519506 2.46745402179658 1.87493725707755 4.08061911165714 2.17596052512526 8.77266892977059 2.39086067713797 9.1563149727881 1.50401836968958 8.57959753088653
690.008 8.82178213074803 2.36605979967862 3.93030184693635 1.82083165077493 6.94445072673261 1.47038364522159 7.12720816209912 2.22125351438299 5.85845819674432 1.40388645874336 4.18112513609231 1.84599663838744 3.11707749031484 1.72294358061627 6.41716501303017 2.0621426736936 5.62484374083579 2.15849758367985 3.4203395806253 1.48000345993787 3.04200218804181
699.281 4.22848526015878 1.53957732990384 9.7098581623286 2.33253147900105 4.82271487638354 1.90276494566351 2.44653139822185 2.19005511607975 4.71674125641584 1.52787984088063 9.8147230129689 2.30639426494017 2.53109082207084 2.24056577775627 4.56048360466957 2.12920937780291 2.5549027658999
702.865 9.5460750926286 1.37844348810613 9.66317934729159 1.44792648646981 2.6921114269644 1.79740651855245 3.53524311818182 2.33755871178582 6.25270947627723 2.11856958409771 9.16736018843949 1.95970873842016 9.17616083286703 1.6494532792829 7.30296684242785 1.75531471921131 3.66145031526685 1.40854318374768 8.58393750153482 2.24031611243263 2.73440148308873
703.902 8.49448689073324 1.37393534993753 2.37466378882527 1.72586717670783 9.67209312878549 2.1164341266267 2.91250342875719 1.52599088344723 9.90049744583666 2.45639459379017 9.87114195711911 1.71324404478073 6.57453742809594 2.37953554606065 2.40108625777066 2.43050414854661 9.82322806492448 1.77482873583212 6.00613692216575 1.53007666366175 6.42615296877921 2.07391754193231 9.95321921631694
771.905 7.10766557604074 1.40501479981467 6.4971243403852 1.54559739185497 5.01519316807389 1.43379144500941 7.06521019153297 1.33024566872045 5.10359536483884 1.40813385266811 6.6762550547719 1.78680536933243 6.15287392772734 2.34923357693478 6.17864803224802 1.30006071934477 5.71261353045702 2.31476280512288 3.9122327119112 1.51706018522382 2.09641411341727 2.15403647888452 8.55727340653539 2.34520627949387 6.15224714018404 1.99524893797934 3.41760396026075 2.49132705815136 8.83841778710485
815.71 6.45280586741865 2.40576450005174 3.89368721470237 1.70811077058315 5.63613439165056 1.40742601407692 4.27429984882474 2.24712282717228 2.38964240252972 1.81613052990288 3.03062169626355 1.32834505289793 4.2667469996959 2.23565252264962 6.47665148414671
854.9 8.9795652590692 2.44559945240617 6.18474803306162 1.57949585681781 4.82160001434386 2.16115074213594 2.74145377054811 1.63499380368739 6.62723149545491 2.3756749663502 9.0592850651592 1.96499576130882 8.66611649654806
879.129 3.83839487284422 1.80989240603521 5.53713398240507 2.14114875262603 7.59871934168041 1.37152816876769 9.82439210638404 2.21847900049761 4.60330864787102 2.00595121486112 8.61883238889277
879.402 5.6748779155314 2.05408889409155 5.00087014585733 1.30535139283165 8.84061537124217 1.67575999554247 8.89183582551777 1.54241437613964 4.76582735218108 1.55429829712957 9.13431027717888 1.41722193285823 6.57068124227226 2.40865393150598 4.96030060388148 2.01100476570427 3.41706400364637 1.77997201438993 5.21779634803534 2.2612551140599 3.72914727032185 1.70530767999589 3.7324675489217 1.78287079725415 9.33782349899411 1.4792676419951 7.07380962371826
880.072 3.24069028161466 1.95676775323227 2.53427825123072 1.68266201587394 7.60617912374437 1.49329887330532 5.48050389066339 2.47154805157334 3.40681836381555 2.14805708816275 2.75659107603133 1.55007803905755 8.34509887173772 2.00228478740901 2.4848415274173 2.04739452004433 4.97655563615263 2.36482222983614 6.55096407420933 2.15583296772093 2.59763866476715 2.11324779726565 3.51298961415887 1.52056189654395 3.20913608372211 2.13917345460504 8.8428990598768
881.523 2.3147172704339 1.79361357884482 3.01589379645884 1.8061168987304 3.44235026836395 1.6530573213473 6.3439077027142 2.48388155410066 8.85044610500336 1.81721415212378 7.71950498595834 2.30875309677795 2.24669308401644 1.50221254536882 3.34916368126869 2.38283433681354 2.92837761901319 2.3393230096437 6.43173405341804 1.82681655287743 8.38708969950676 2.04377518966794 9.05268928222358
914.974 3.84194129519165 1.94293432757258 9.60071343556046 2.3011615101248 6.26015991717577 2.00055070407689 7.82331941463053
935.601 5.97247036546469 1.71613843301311 5.37673102132976 1.77291174596176 5.94864522665739 2.27823107307777 7.700978288427 1.44404970454052 5.30011890269816 1.43484541876242 9.46266363933682 1.78289413135499 5.23655987717211 2.49894121028483 4.33154703490436
1014.02 7.20250758901238 1.6533309597522 4.88483774103224 1.38702201815322 5.99880509078503 1.68091030679643 4.63369354046881 1.79734665919095 4.19890445284545 2.23453637585044 6.24226442165673 1.48084125658497 2.08869483880699 1.40278324242681 8.10695031657815 1.52196290344 3.52026291564107 1.35226143477485 5.15041261352599 2.19581166161224 7.05145356245339 1.53240968454629 4.41531170718372 1.51329130800441 4.38977712579072 1.89554317779839 5.42531443759799 2.45754561685026 7.21323180571198 1.78298543766141 9.88981943577528
1035.26 2.27680965140462 2.10627129143104 9.23265909776092 1.53218021625653 8.91659013368189 1.61508141225204 6.27490988001227 1.37238199971616 9.63579110242426 1.99650478260592 2.17809300869703 2.22192967860028 2.40606838278472 1.8904621114023 2.41119409352541 2.22736401790753 7.70741973258555 1.88656725138426 2.42285352759063 1.86549983760342 3.72674662806094 1.3112605647184 6.59704483859241 1.66394033608958 4.53760191984475
1039.66 6.44584200531244 1.98430983824655 2.17869971692562 2.0860481669195 3.81237338297069 1.95417904825881 2.43711710162461 1.86730686947703 5.42479165829718 2.02748991567641 6.94978848844767 2.24689122596756 8.77602900378406 1.45117141259834 8.38546605221927 1.30289305774495 4.33273387700319 1.99062067316845 8.55729384347796
1056.91 7.11377695016563 2.4416444840841 8.23886607028544 2.35006623463705 8.11455674283206 1.62589126834646 3.16614420898259 1.93433781163767 6.84690031781793 2.38812553053722 2.47479884512722 1.87646545963362 6.37989397346973 2.23912088656798 7.59706066548824 2.10450999597087 7.26013900525868 1.72813310744241 6.75097321160138 1.9423784095794 8.10004372149706 1.70286699971184 3.21107879094779
1089.08 3.87612855620682 2.01333951521665 6.72315135784447 2.37877870518714 6.6986746378243 2.49992647506297 4.45198018662632 1.92406281484291 2.25464131496847 1.99239422269166 2.29747940786183 1.74884264804423 3.54795807041228
1098.14 6.01806385628879 1.96321504721418 2.54112032800913 1.890867709741 9.59833892062306 1.36855921288952 8.24751745909452 1.36461712643504 8.17752362973988 2.46601095572114 4.50331167504191 1.7090943380259 4.92172718420625
1101.41 7.20892914384604 1.76108037782833 6.51543194800615 1.30572168854997 3.387206569314 2.47634355630726 2.63730207644403 1.65712837232277 9.64238050580025
1117.68 7.40779840201139 1.43780751181766 7.37267350777984 1.30405628262088 2.57236887328327 1.7663455074653 7.46330047398806 1.95891529098153 6.73161800764501
1171.56 3.95902891084552 1.51541303228587 5.91668668203056 2.21362534295768 4.4482163451612
1199.82 9.30995714478195 2.29832870652899 3.27215470373631 2.23836480677128 4.65579660609365 1.62646432425827 8.88837740570307 2.3536938002333 4.57245608046651 1.93743246337399 3.3768467772752 1.44550841413438 6.16831533797085 1.34537805747241 8.60707830637693 2.2491683258675 5.75475964136422 1.54017781838775 5.42348534241319 1.52539023207501 3.62588909454644 2.43530101953074 5.04659912735224 1.49970013219863 5.63964517973363 1.90757604688406 5.52847424708307 2.34583200030029 2.71414680406451
1238.09 5.13492335006595 1.60770853823051 9.15388683602214 2.064158534538 7.91655299812555 2.08719077790156 6.49865956045687 1.70808123862371 2.08621597103775 1.86246625781059 4.70923480205238 1.5414972721599 3.1309045124799 1.37476784447208 2.34699305146933 2.24484799737111 7.23471043817699
1290.25 7.79561518877745 2.05401811674237 4.7413639575243 2.46434640726075 3.33220043778419 2.41633164919913 4.00203481130302 2.39750784626231 6.25388933345675 1.43189455466345 3.25101721100509 2.32368724513799 4.29964189603925 2.40395487062633 2.70823017694056 2.04986349958926 9.44637405872345 2.27001225408167 8.27168417721987 2.03881186749786 2.84128181636333
