# Using the following values to generate the workload:# num_procs = 50
# mean_io_bursts = 10
# mean_iat = 25
# min_CPU = 1
# max_CPU = 2
# min_IO = 0.3
# max_IO = 0.5
15.5369 1.63677356112748 0.374229761445895 1.06570653105155 0.466599330771714 1.38616261282004 0.42707678778097 1.58019846421666 0.369837869890034 1.73688500397839
33.9471 1.63639870029874 0.35272784633562 1.06830841070041 0.332411971827969 1.0693003940396 0.389674836350605 1.18114580702968 0.464174487721175 1.11866411822848 0.300779144978151 1.2792819654569 0.358329555345699 1.94172316952609 0.458007733197883 1.61498253210448 0.347225015424192 1.75591619755141 0.46025959844701 1.9228220556397 0.32447807835415 1.695521437563 0.445095656160265 1.38178323325701 0.479229931998998 1.82650824240409 0.441786615969613 1.80988051067106 0.364217149605975 1.25010980479419 0.49492024127394 1.54073022585362 0.404671050515026 1.79002007655799 0.388605626951903 1.86282336898148 0.456272498145699 1.82996547361836 0.332251883251592 1.90825159335509 0.334737272933125 1.90327993850224
63.6945 1.94247888331302 0.311577272973955 1.13063765945844 0.374800395267084 1.93743682699278 0.333663599239662 1.26233899989165 0.417375853145495 1.39791142707691 0.434261829266325 1.91555409692228 0.362849643221125 1.09230826748535 0.327687067026272 1.22307032463141 0.355398374702781 1.38261201954447 0.343209640542045 1.25323266582564 0.495733829215169 1.75384012539871 0.370778228342533 1.5031394851394 0.461215647356585 1.29259513877332
68.8914 1.93375931959599 0.347059332905337 1.20314682926983 0.495348758297041 1.43875710130669 0.337067274423316 1.82883205334656 0.336284525506198 1.64285610010847 0.379375640116632 1.17746105161496 0.395203461823985 1.03309959708713 0.387057668808848 1.67809845530428 0.487223966559395 1.41192958923057 0.358868931792676 1.89576441142708 0.41529744095169 1.69357263948768
89.9098 1.25571614946239 0.470296950172633 1.33855645405129 0.3553302613087 1.18328643543646 0.342553035728633 1.81686876132153 0.462119832448661 1.47812417522073 0.47977181323804 1.40469309128821 0.311588519020006 1.21556896413676 0.451205311296508 1.3094742000103 0.367351974733174 1.26623591571115 0.479720304906368 1.19142321986146
117.122 1.52327941008843 0.446132123796269 1.24605491920374 0.308566255541518 1.51702610356733 0.403075478225946 1.03790401713923 0.402898924937472 1.92272323695943 0.472987449914217 1.44635646557435 0.355366941075772 1.48680860758759 0.363719987915829 1.42224720632657 0.404461069358513 1.2370325953234 0.421202147332951 1.57345958286896 0.378901672223583 1.70346137974411 0.427990371733904 1.83307481976226 0.47550787711516 1.28774387389421 0.359367127669975 1.03345356509089 0.482904219301417 1.43672877596691 0.362472861353308 1.80421512131579 0.413308618636802 1.14247722690925
174.607 1.44711698126048 0.427617866173387 1.16523409658112 0.454671347653493 1.81499951006845 0.465184107376263 1.33119029761292 0.423059120168909 1.11844580178149 0.303832533909008 1.70893842633814 0.307595089729875 1.22588264546357 0.365044435253367 1.60401797085069 0.39024539035745 1.28085265634581 0.428935739537701 1.50223635043949 0.460570102743804 1.37164139375091 0.332422020472586 1.4858400374651 0.356868761079386 1.22480214759707
223.358 1.69494173582643 0.467827869299799 1.33737209951505 0.447507692547515 1.04586482723244 0.455070634325966 1.19130981038325 0.412876397557557 1.06666622264311 0.473103724280372 1.37387027870864 0.421910217730328 1.97687833337113 0.476376157719642 1.88253401010297 0.435807032836601 1.37460477324203 0.465339635359123 1.24644184694625 0.454474152717739 1.90898113581352 0.421051877364516 1.18578315805644 0.478354149404913 1.56060893042013
238.037 1.00603758450598 0.465407804073766 1.59039341076277 0.487042112648487 1.77907553734258 0.372550950199366 1.19883311330341 0.379214761406183 1.2400095523335 0.418782770447433 1.7086377623491 0.410101257823408 1.92749208887108 0.415750073362142 1.1432617905084 0.375796753773466 1.17325884569436
280.563 1.04246667283587 0.304970295494422 1.59927645674907 0.451514181820676 1.28912065248005 0.30692125139758 1.46301522082649 0.320969473104924 1.85085971350782 0.345700692152604 1.79400256532244 0.343516557943076 1.89605606696568 0.334714242117479 1.73120420542546 0.485084057087079 1.8870416986756 0.37942252587527 1.15000334475189 0.302678398787975 1.79010587278754 0.328859681729227 1.15713961608708
323.791 1.41519906371832 0.467474610358477 1.87049833871424 0.305660897726193 1.20438724430278 0.354426915384829 1.18098480487242
362.811 1.11930279387161 0.348879507370293 1.32782672345638 0.359523450303823 1.65094664064236 0.458674876950681 1.25583302625455 0.356533554149792 1.48339055175893 0.479926647385582 1.19797784369439 0.32594297407195 1.7658533770591 0.451160544669256 1.99723844043911 0.31201283945702 1.65871617058292 0.384024627506733 1.07227384205908 0.322286549350247 1.83930529048666 0.418263268703595 1.30703080142848
363.663 1.04505949420854 0.428998920461163 1.24980569561012 0.387864447338507 1.09231482748874 0.302646859688684 1.86022355384193 0.420390226412565 1.96563385124318 0.473267923016101 1.50886196666397 0.451246007950976 1.12311702850275 0.367931224312633 1.06671861093491 0.385653258301318 1.11492393445224 0.380472848657519 1.35269243805669
366.839 1.42467484460212 0.333104008343071 1.25685994839296 0.462347406568006 1.72479534428567 0.38633617144078 1.94598089228384 0.334400513442233 1.11153991473839 0.483077926561236 1.60580416419543 0.408821406075731 1.99563431041315 0.360862232977524 1.25790457404219 0.33149366765283 1.9392631794326 0.429782150592655 1.95021151541732 0.450336467521265 1.17555512418039 0.389422071771696 1.60022023762576 0.380405189888552 1.86523854313418
423.899 1.08798518311232 0.327877469081432 1.75560767389834 0.449782441696152 1.10910947876982 0.494638977665454 1.04616765724495 0.394507373683155 1.8398671594914 0.359369138022885 1.81934579578228 0.3291179462336 1.14687163801864 0.306105602253228 1.15438084467314
497.798 1.99296866636723 0.34949849685654 1.70647068694234 0.355439543398097 1.49232429498807 0.353613733826205 1.5566301564686
576.272 1.72767628892325 0.452057055011392 1.07115118252113 0.444491643784568 1.23864177265204 0.424744366994128 1.04144729510881 0.40624391073361 1.06485053664073 0.43266114667058 1.38956532184966 0.423336403304711 1.22669423744082 0.493455773033202 1.67009379947558 0.447074614884332 1.7287806768436 0.353708167001605 1.00207119807601
630.617 1.63452573050745 0.414708022540435 1.27828514482826 0.439591761212796 1.24336157459766 0.305594521714374 1.67189158895053 0.380406949250028 1.00411360291764
632.101 1.85786845465191 0.350436533195898 1.41475730063394 0.303518153121695 1.64887146372348 0.471496039815247 1.69765192270279 0.314914942160249 1.67271377379075 0.334333051368594 1.01610109070316 0.397620483720675 1.87757178721949 0.418729314208031 1.59912932710722
655.273 1.38843568065204 0.303709798585623 1.47714524785988 0.331803881842643 1.79733502864838 0.410922313155606 1.4739567420911 0.422498950827867 1.21289935871027 0.352910813456401 1.19541237642989 0.329610377456993 1.58319067629054 0.386622203048319 1.45584599953145 0.330108873965219 1.53154944162816 0.382650747243315 1.82255551731214 0.355736027471721 1.77041097613983 0.419481743499637 1.65213619638234 0.360450195288286 1.70294262398966 0.366602954315022 1.66886917129159
675.661 1.6374531541951 0.369474840210751 1.33588810591027 0.358454834483564 1.53707247180864 0.393436388159171 1.8313400123734 0.303835755307227 1.61878067837097 0.349666920304298 1.11267393361777 0.343293902603909 1.54741876758635 0.357840594183654 1.11342216702178 0.307307988591492 1.35842310497537 0.335756396828219 1.88377245236188 0.483011037902907 1.4509048932232
728.205 1.49877891363576 0.302253344608471 1.75911339465529 0.349725466500968 1.27944517321885 0.339277916448191 1.2236823681742 0.449293111823499 1.64495731052011 0.478132684715092 1.96142728137784 0.482143923034892 1.33281995845027 0.387500003399327 1.56921927724034 0.310898537840694 1.22958280541934
737.56 1.15988955250941 0.315106787579134 1.93161517893896 0.310437929909676 1.68259971495718 0.426425115158781 1.34793771198019 0.365738747967407 1.64115672023036 0.450785141577944 1.65956489671953 0.476399777363986 1.20148885739036 0.490331166051328 1.66164601198398 0.369651461718604 1.66389167215675 0.304541225731373 1.10373628023081 0.390407037967816 1.69688525935635 0.35464107375592 1.19730820110999
740.617 1.80499971122481 0.326997103029862 1.01785466517322 0.352662269072607 1.10620882944204 0.473497535753995 1.26730137947015 0.303150648670271 1.37844763719477 0.411992533737794 1.66333879809827 0.417675479035825 1.79938596254215 0.330959042487666 1.30106825637631 0.306630600290373 1.96440282696858 0.324488698318601 1.95514237321913 0.434745955094695 1.15360393631272 0.441890809917822 1.65550771122798 0.401735635707155 1.57416708208621 0.300366044789553 1.32777622551657
743.143 1.4443863639608 0.374629850918427 1.27492504450493 0.433626396860927 1.23177166725509 0.446970694232732 1.63051621709019 0.410208795499057 1.86550368601456 0.426505490904674 1.47000117762946 0.444847986055538 1.26240511774085 0.407847064035013 1.8460108814761 0.434960360266268 1.30661789211445 0.413499501906335 1.64011465082876 0.37811653339304 1.43298502382822 0.475991974398494 1.28673256374896 0.411181218549609 1.49720047786832 0.371518551232293 1.40357843902893 0.429325675638393 1.59890388464555
815.517 1.75398943619803 0.398587308917195 1.80998300481588 0.452806267468259 1.96685766708106 0.396074128057808 1.84088382101618 0.474759245291352 1.6575883878395 0.391230404516682 1.13573216623627 0.355088681448251 1.8694895489607 0.368928064592183 1.80425957636908 0.48245200747624 1.45597508992068 0.314125694846734 1.36432309029624 0.36050472734496 1.58283642679453 0.332626164425164 1.39250154839829 0.304076125100255 1.39367527235299
835.232 1.94088249630295 0.498011295357719 1.55419995915145 0.341954940930009 1.55275298515335 0.338700263248757 1.57002112502232 0.497873180359602 1.73295577615499 0.367137301340699 1.25280275871046 0.304265711084008 1.6717414536979 0.340920077683404 1.4935456821695 0.300476045254618 1.95971266925335 0.313692358741537 1.0568296040874 0.409414577344432 1.62997469608672 0.447544584656134 1.90958576858975 0.461131400661543 1.43459425983019 0.438942157663405 1.44838804309256 0.38827440617606 1.45458149071783 0.42009412930347 1.79122529504821 0.318767215078697 1.73338737874292
858.261 1.95189721090719 0.364020678773522 1.23001858196221 0.37493644002825 1.87941816425882 0.472485333587974 1.59197486075573 0.348702264390886 1.73168475064449 0.463644651137292 1.93672091094777 0.375121562834829 1.61696563661098 0.369950152747333 1.85821390897036 0.445021004229784 1.94327173312195 0.372458927612752 1.26884433766827
865.731 1.27994866669178 0.469907212816179 1.97937317402102 0.314058838225901 1.0311801917851 0.478034078422934 1.17191353905946 0.48436896498315 1.3509818892926 0.470669772243127 1.59721193881705 0.49564847368747 1.96873674122617 0.47732878383249 1.66316582704894 0.41319099329412 1.37228522240184
906.957 1.23257104260847 0.359991403250024 1.53121622139588 0.412945378385484 1.19578669127077 0.371124856593087 1.3192212136928 0.41681010061875 1.25659412029199 0.348669871035963 1.13829783187248 0.43547030990012 1.67020056769252 0.472114953305572 1.4347449305933 0.377347961161286 1.66943014855497 0.492601881036535 1.42755747679621 0.300975990993902 1.39499860233627 0.492784523405135 1.21331282076426 0.477857757173479 1.8035008776933 0.41889523267746 1.7453798011411 0.33247898616828 1.04026375012472 0.484779848065227 1.31501361331902 0.411532995058224 1.31278242100962 0.351648197183385 1.27493673888966
923.891 1.24936979985796 0.322170756431296 1.74122336227447 0.393245316203684 1.23486338718794 0.397722305031493 1.95681254775263 0.454184340219945 1.96107035269961 0.308293468924239 1.26618075906299 0.34231919310987 1.11042099166662 0.435021544015035 1.35450367466547 0.355281468713656 1.56006407993846
951.499 1.59884015074931 0.481679205363616 1.23700246051885 0.34363676616922 1.79667182220146 0.357706296117976 1.74999282183126 0.380686747469008 1.94970487663522 0.361532567907125 1.50644052424468 0.355020227143541 1.39130723569542 0.448663055337965 1.23499455722049 0.473275586264208 1.19501116243191 0.409173686383292 1.60830504167825 0.369280531210825 1.3558387325611
972.784 1.63341182586737 0.353708287561312 1.2483023062814 0.337378795677796 1.42861649207771 0.497325870627537 1.72742631123401 0.338571583013982 1.7291281693615 0.389838255755603 1.06993264984339 0.42851597671397 1.86851322068833 0.347827543364838 1.31592570920475 0.351349047757685 1.37107244250365 0.433244980871677 1.98493035929278 0.362286903755739 1.12830766616389 0.43574368855916 1.9142929580994 0.362244003498927 1.06428630300798 0.380732033727691 1.16423678374849 0.428260142914951 1.40200291667134
983.778 1.60687148012221 0.397563005704433 1.61295699514449 0.359565664082766 1.92412557988428 0.459089555731043 1.79145600274205 0.450415212428197 1.11978012276813 0.357284224871546 1.18476705183275 0.374284598045051 1.37552704708651 0.389808125700802 1.5071730541531 0.333613626984879 1.00459448876791 0.311764785321429 1.72036664653569 0.388815168850124 1.6269154783804 0.320326748350635 1.14641149714589 0.484126045880839 1.7408027308993 0.423138579633087 1.10518436436541
1008.21 1.52276071766391 0.347007029410452 1.09139449009672 0.460568286478519 1.54731921083294 0.437038102000952 1.52051105885766 0.400538532622159 1.51035215193406 0.3784879820887 1.54958029813133 0.323031287686899 1.23534167697653
1013.61 1.95440621627495 0.472009731642902 1.95168097550049 0.474873691005632 1.12006456172094 0.493980765203014 1.35968902148306 0.490661730337888 1.55100790318102 0.377081568399444 1.26958308252506 0.451781951775774 1.76039503817447 0.402629928803071 1.99276873748749 0.370539182750508 1.66645304276608
1022.93 1.15967529290356 0.496122559253126 1.88727471209131 0.417974289460108 1.77433267934248 0.447580295242369 1.87385746277869 0.495170093607157 1.96680550999008 0.43595287273638 1.31007014052011 0.483847741596401 1.01779460837133 0.469301007501781 1.27152066468261 0.315582587383687 1.92459488846362 0.338322606682777 1.22641380317509
1033.95 1.4539111785125 0.358703154604882 1.3091219405178 0.357679862016812 1.80457893246785 0.441035815002397 1.75024576648138 0.452081763744354 1.1178676483687 0.461701516946778 1.10202689887956 0.467056841682643 1.04414620692842 0.361037790449336 1.03976005432196 0.452340435190126 1.0351109879557 0.322475779801607 1.50648367707618 0.488115525478497 1.41446624533273 0.458913798397407 1.4986781841144 0.305250533111393 1.41408744174987
1038.55 1.24053597752936 0.444871714804322 1.76377466926351 0.457976785348728 1.82349938643165 0.390481280023232 1.61812315671705 0.431905167782679 1.36856582364999 0.410648629302159 1.19646735792048 0.482688283408061 1.03547959658317 0.327332541579381 1.95424554380588 0.404906197963282 1.59426856902428 0.361394394049421 1.63030094467103 0.499597262311727 1.55536681646481 0.339137779409066 1.57065758341923
1047.12 1.11930904444307 0.39687338094227 1.48059492488392 0.340808856720105 1.6394051136449 0.425033224932849 1.66509461030364 0.343649165472016 1.28201839118265 0.412894138880074 1.67325664777309 0.407512873318046 1.01918576378375 0.361362677812576 1.75667269597761 0.459822788042948 1.50596952694468 0.368654045183212 1.84110723203048 0.393215263122693 1.31204802449793
1052.14 1.82838735729456 0.405996403889731 1.16974411834963 0.489186750771478 1.90639661159366 0.375141667854041 1.49048878229223 0.410318142548203 1.18423028336838 0.385478497250006 1.74614603747614 0.355259927129373 1.56420564488508 0.320991431595758 1.25997351063415 0.327266260748729 1.80741799203679 0.343215775722638 1.44528256682679 0.492419311543927 1.56795424129814 0.497673869784921 1.55097239487804 0.390962022216991 1.78265021275729
1057.23 1.03364216210321 0.387342618126422 1.79115564352833 0.401709711365402 1.41207260428928 0.410763465706259 1.09666907554492 0.483309378707781 1.95670471107587 0.323099852679297 1.79919777275063 0.348914080532268 1.42048150091432 0.363102044910192 1.93420216185041 0.46581910662353 1.81974475714378 0.311612085346132 1.96821212326176
1067.06 1.42184541677125 0.356708836602047 1.04877637326717 0.342120524961501 1.9224158867728 0.403487665299326 1.83025632612407 0.444781070528552 1.02741029206663 0.449633055366576 1.34753760951571 0.495493203820661 1.80614874581806 0.362372727598995 1.22504387469962 0.426840902492404 1.68874937831424 0.466176104312763 1.04545442340896
1089.58 1.0533611078281 0.314272835571319 1.702401999617 0.457494022883475 1.75767741142772 0.401775314705446 1.56019989214838 0.338371170591563 1.06275311787613 0.339771917788312 1.38951135380194 0.434668532013893 1.22366216382943 0.45260420711711 1.29023078246973 0.450575534580275 1.01552568376064 0.41408983245492 1.07415987923741 0.36264902385883 1.59915687865578 0.43583655199036 1.67376142926514
1094.47 1.43082037591375 0.449144840892404 1.32184244715609 0.350448787584901 1.17246788972989 0.40825268086046 1.35315798153169 0.430675837630406 1.93816296709701 0.323086451692507 1.18936039344408
1105.66 1.87565541244112 0.434861320909113 1.56072091823444 0.320244024833664 1.35883609927259 0.476854790793732 1.15979160461575 0.432662395201623 1.36450063879602 0.465200526593253 1.66241371701472 0.38870668085292 1.35494697839022 0.469345234427601 1.63020523218438 0.339907297352329 1.75509638059884
1124.37 1.63554759672843 0.499478112207726 1.18082375335507 0.346219256799668 1.32790917204693 0.464375464990735 1.22890967479907 0.395838558441028 1.99974793731235 0.383066489687189 1.70531318080612 0.392415895266458 1.69419579813257 0.379294128296897 1.65153670473956 0.416715596010908 1.56486513884738 0.405650056293234 1.9241348549258 0.39003469645977 1.12124093575403
1165.3 1.21251738560386 0.327278053667396 1.06848174636252 0.312316405726597 1.48788801440969 0.414972727047279 1.78884011111222 0.426309796236455 1.42454058257863 0.496199648687616 1.61874092486687 0.324596883961931 1.9997107423842 0.362869442719966 1.14669845742173 0.412952361535281 1.20284073753282 0.371922853728756 1.67506285291165 0.468086671689525 1.33394458540715 0.445368673698977 1.21523777139373 0.329059401946142 1.30704623134807 0.317979577509686 1.90540014300495
1166.66 1.74882714659907 0.36508825882338 1.57137617934495 0.38583970265463 1.88010699721053 0.352606458775699 1.42100204341114 0.354758421191946 1.88744288985617 0.366473548533395 1.69741681497544 0.404201249359176 1.57196887140162 0.482598441746086 1.15587509004399 0.401951173972338 1.77761693974026 0.327856899565086 1.28609780780971 0.448365719383582 1.61245204205625 0.407670002849773 1.18365802522749 0.392857167031616 1.61488418956287 0.479556928528473 1.60713100596331
1199.44 1.0650515188463 0.35225309743546 1.85633578384295 0.31560377846472 1.72390645183623 0.432972310390323 1.37074634083547 0.328790828259662 1.28360959561542 0.458988194121048 1.38235016493127 0.406382281985134 1.8689029996749 0.349657821422443 1.88689565681852 0.394831699179485 1.86325717507862 0.496214284095913 1.17203902243637 0.39939623977989 1.25871777185239 0.396698145242408 1.28757684375159 0.468039978668094 1.56613547471352 0.446291223168373 1.74944820441306
