# Using the following values to generate the workload:# num_procs = 50
# mean_io_bursts = 10
# mean_iat = 25
# min_CPU = 1
# max_CPU = 2
# min_IO = 0.3
# max_IO = 0.5
0.846635 1.31914081331342 0.343136758776382 1.00273099960759 0.471561665832996 1.55129584041424 0.311195014044642 1.82285334961489 0.404658611305058 1.69151285337284 0.30311315045692 1.94295610091649 0.495560876047239 1.92872162116691 0.407573011051863 1.1285016273614 0.430091866478324 1.32305228943005 0.463983378419653 1.64315618108958
10.1498 1.88902342505753 0.34686559131369 1.76175799383782 0.481938150105998 1.35100527061149 0.397717374702916 1.52941665099934 0.311363912653178 1.74624163145199 0.472667893161997 1.54062077356502 0.498768469365314 1.84631489100866 0.305796578293666 1.01899891346693 0.417631938913837 1.10376625531353 0.365346968825907 1.48517548129894 0.457117491727695 1.41616179561242 0.395694985892624 1.52847749716602
31.8039 1.17376842233352 0.323323743510991 1.13196679530665 0.489132682234049 1.46384561271407 0.357088287873194 1.57626439537853 0.378191828215495 1.25457790959626 0.483557674009353 1.83871630113572 0.434987170808017 1.20600815210491 0.380198597116396 1.01434605754912
39.1669 1.20213966001756 0.397325110994279 1.69540297822095 0.398489961540326 1.95458197384141 0.472466405248269 1.21536610135809 0.473545243684202 1.44336063205265 0.439325164491311 1.12839919351973
114.028 1.71885845530778 0.320797312771901 1.65248403255828 0.313235196052119 1.54019317775965 0.455512288026512 1.36223708908074 0.40731391008012 1.57229420403019 0.405474604293704 1.83484508167021 0.448307858314365 1.30487196031027 0.389035193901509 1.16580932424404
133.624 1.76169528649189 0.377656755363569 1.08066361933015 0.318078563874587 1.08134309761226 0.347455423418432 1.16265250463039 0.480487303202972 1.30908714374527 0.348341527907178 1.71880404627882 0.306986680766568 1.76668110652827 0.348908716440201 1.80378906847909
219.858 1.57827640487812 0.32791002090089 1.70717973820865 0.304339698515832 1.01787125109695 0.36088332971558 1.41999974148348 0.366583400266245 1.1149369715713 0.455300716962665 1.24718055105768 0.442697838693857 1.88288950105198 0.307131168991327 1.4255465217866 0.36554190418683 1.02624065894634 0.44381527043879 1.71538294665515 0.419543110718951 1.80875295866281 0.473280176939443 1.43932373845018 0.43645457313396 1.49636060022749
242.532 1.71853386657313 0.339457763265818 1.63231121655554 0.349912106897682 1.65034459391609 0.342263457039371 1.44452590658329 0.446663681510836 1.63940208987333 0.47465095166117 1.55202423967421 0.311427002819255 1.17235098103993 0.437586189294234 1.90881402604282 0.320583058195189 1.83729686588049 0.355234967451543 1.65524735348299 0.365660146344453 1.55151178617962 0.400801039393991 1.87324556102976 0.400639012129977 1.35144836991094
323.709 1.13284502387978 0.393084284150973 1.3990162408445 0.452145045809448 1.24346148618497 0.401564903603867 1.24567120941356 0.300431174272671 1.86661758483388 0.458566646650434 1.4109571413137 0.455386473704129 1.03949444927275 0.469439108623192 1.26615836191922 0.491155313095078 1.72166764014401 0.40674215243198 1.13047216855921 0.420846127346158 1.94747102609836
341.952 1.57298978976905 0.36263545518741 1.73999019339681 0.469867091951892 1.94885363080539 0.343888907041401 1.8641845525708 0.454577666660771 1.74968653544784 0.444744077790528 1.31866485276259 0.370980984345078 1.08168401895091 0.335315425414592 1.73183257062919 0.316153101436794 1.90668595256284 0.439895937498659 1.61724611162208
423.125 1.74906153185293 0.493457293277606 1.35592984943651 0.435310512129217 1.79415885335766 0.401632123999298 1.48762148641981 0.465221602609381 1.71667363517918 0.407957434887066 1.27744653471746
425.343 1.65373625629582 0.371251948550343 1.55032413057052 0.410320768831298 1.62372596003115 0.432361361989751 1.4499617498368 0.428710129717365 1.4813829055056 0.398285141354427 1.80296198395081 0.435213825246319 1.33218006626703 0.354506216291338 1.0023610573262 0.308993572089821 1.68336433568038 0.458087187632918 1.11190579202957 0.370159401278943 1.23290126188658 0.415208842372522 1.62165334052406
453.576 1.03776226099581 0.452040460472927 1.89540718216449 0.420307192765176 1.16707478370517 0.407739297859371 1.17864293372259 0.314561874326318 1.79344126582146 0.37607499519363 1.97815605974756 0.445276843057945 1.77181336446665
524.572 1.11520269140601 0.325262905145064 1.98126687156036 0.401109230378643 1.76091071846895 0.448287690291181 1.73871323140338 0.49751672334969 1.32998936716467 0.422476995084435 1.36615198920481 0.349079311639071 1.78201655996963 0.429643127135932 1.34407106461003 0.468103347485885 1.58975088293664
547.823 1.79369127145037 0.484426841605455 1.21876267250627 0.486115250503644 1.52260124962777 0.340737664746121 1.2642854694277 0.387127931881696 1.86587434657849 0.31941007883288 1.56628436758183 0.345223171589896 1.26888631260954 0.323742531938478 1.65769128431566 0.418264248967171 1.65342427091673 0.361535184178501 1.12588640931062 0.447381775639951 1.244805064518 0.489859738200903 1.44605201436207 0.453474020445719 1.51483174902387 0.460944789880887 1.40063994866796
553.717 1.34258686727844 0.358322738111019 1.5692561219912 0.432955908542499 1.5699305026792 0.31612158077769 1.34135625162162 0.459945346647874 1.67689253971912 0.49067567740567 1.30721376184374 0.436896440386772 1.987909772899 0.412565426668152 1.08876765356399
559.292 1.18810621486045 0.498802766762674 1.02461695787497 0.419987586513162 1.26024878886528 0.464691222319379 1.52354501280934 0.333140395255759 1.33135860320181 0.320900757052004 1.10316550475545 0.359337764931843 1.86342959664762 0.381462650373578 1.17578666959889 0.438455831399187 1.94277345365845 0.416284380527213 1.11445838655345 0.336768445465714 1.75862484425306 0.349529497139156 1.8664491858799 0.466508937580511 1.2251180249732
615.285 1.23094051610678 0.347354368446395 1.92156136059202 0.463489508023486 1.99254775024019 0.34833646141924 1.22052630619146 0.300888466788456 1.46273068292066 0.446064212126657 1.40795198106207 0.355979371955618 1.62231577560306 0.313411648478359 1.86085580568761 0.484303425671533 1.0091880003456 0.311576511198655 1.34090653806925 0.461327998805791 1.59597850847058
635.823 1.17398338834755 0.467355273524299 1.11205190885812 0.417852838290855 1.69120773929171 0.476324349408969 1.76990970922634 0.459078462608159 1.01145099382848 0.434295811410993 1.18713952717371 0.403783911420032 1.35392777039669 0.45372101161629 1.28443517326377 0.421124585717916 1.80291622993536 0.310009664483368 1.85062090563588 0.330338970432058 1.37175213336013
636.668 1.47827323479578 0.441430069878697 1.40882544778287 0.480564194265753 1.03280864516273 0.467789977928624 1.44562028325163 0.44674561326392 1.16843467135914 0.456223946530372 1.34481611195952 0.331734535470605 1.4261124196928 0.489222915191203 1.28107391996309 0.496906257048249 1.95155359106138
652.247 1.49608244444244 0.412333236914128 1.56910891039297 0.328003714187071 1.37934767827392 0.413300416944548 1.13450065557845 0.488062341883779 1.12143867346458 0.443660928634927 1.30725869210437 0.385150086320937 1.80365026299842 0.335497514577582 1.63144140061922 0.353653937019408 1.09058295912109 0.445169789623469 1.0292891364079 0.485221913456917 1.76063977344893
665.344 1.44711452815682 0.375561775593087 1.90366619895212 0.495671364851296 1.88433932024054 0.376135664619505 1.6447295723483 0.39457282316871 1.52099659014493 0.381511839665473 1.75630831625313 0.483762410702184 1.81423258874565 0.321167354658246 1.13815123587847 0.44416952081956 1.43737417412922 0.445878424402326 1.03777468833141 0.309945629676804 1.36776222055778 0.452253041043878 1.49535419838503 0.455966566829011 1.79718537419103 0.343018436618149 1.16532793384977 0.325010541593656 1.88701753993519 0.43503182628192 1.256369470153 0.477950095618144 1.28809996391647
686.854 1.48028897470795 0.355613775551319 1.06524292333052 0.361311517190188 1.26977105345577 0.304356992524117 1.89546582475305 0.373922831425443 1.0500338266138 0.37254722584039 1.92748238984495 0.414122194005176 1.74727568379603 0.442511981073767 1.8641851125285 0.308591731451452 1.8442403934896 0.372575520025566 1.11683006957173 0.367638677498326 1.85596097400412 0.431213953765109 1.68474174756557
694.625 1.75740319862962 0.412749308720231 1.36794706736691 0.392881073616445 1.94855946372263 0.38924675155431 1.51762680499814 0.359527003765106 1.02132064336911 0.323994949739426 1.47447758726776 0.464934936445206 1.78211343544535 0.357642732234672 1.54884207854047 0.479047262948006 1.71593784447759 0.325718814507127 1.63832000643015 0.346928091300651 1.33679899410345 0.487238114420325 1.09454152919352
736.984 1.18160908319987 0.347553387191147 1.4094591147732 0.325601626932621 1.61094446876086 0.436072445241734 1.57628084300086 0.301770484400913 1.69029786786996 0.402279164502397 1.46316416724585 0.492854278255254 1.92488422244787 0.375215042149648 1.39966227952391 0.350174320070073 1.16089310194366 0.32973706885241 1.41171743627638 0.451717334939167 1.44681889424101 0.37731152754277 1.33608836703934 0.446121589280665 1.64043116662651
739.746 1.28682877030224 0.379556914512068 1.47741478472017 0.494474580511451 1.96476294868626 0.359419205132872 1.18183382879943 0.323972063604742 1.28042022511363 0.409362090332434 1.03659222344868 0.415750933205709 1.37062767194584 0.410761037841439 1.89612945029512 0.357915409607813 1.7733758657705 0.433756947191432 1.9709551401902
741.432 1.65571503783576 0.390451901266351 1.87313199043274 0.483505012607202 1.54510046169162 0.378547539375722 1.0670360205695 0.460145613504574 1.06430772715248 0.319207560131326 1.08217796846293 0.309737743018195 1.2947769316379 0.483633741131052 1.61026386520825 0.40745265064761 1.80967670003884 0.339602451119572 1.37288025068119 0.49591257404536 1.00330158718862
750.902 1.48316046060063 0.344100866187364 1.03515681414865 0.428669928805903 1.25556225609034 0.471190453739837 1.33680449984968 0.341550305811688 1.78141251509078 0.455037740292028 1.82123752310872 0.354729538178071 1.82429657294415 0.331647938257083 1.52971682068892 0.376214173110202 1.65617881924845 0.410386583348736 1.04202755261213 0.498564758338034 1.87077775783837
853.308 1.13460450991988 0.473128289403394 1.49296763958409 0.464622335368767 1.45382959488779 0.434434649674222 1.35690393368714 0.37411815659143 1.65127989999019 0.357462461059913 1.78504882380366 0.325661238655448 1.67407110123895 0.452038519596681 1.05386147066019 0.49433341906406 1.6121624277439 0.472715325234458 1.50578668806702
966.533 1.13496619742364 0.316627472173423 1.80592020717449 0.342196500441059 1.77853641868569 0.406951223872602 1.80647746636532 0.371702900575474 1.18275274173357 0.433292898815125 1.07095950818621 0.31671701152809 1.81962487474084 0.336829007556662 1.39530335739255 0.350761295063421 1.27651379699819 0.384338111197576 1.41947404807433 0.305803048424423 1.42947918758728 0.36008265200071 1.16691574454308
994.515 1.15592284337617 0.477901339204982 1.67385154822841 0.383635812671855 1.86358867865056 0.495108388969675 1.44033710681833 0.402126610185951 1.51823304360732 0.388868624903262 1.63442984083667
1014.45 1.3809092163574 0.387542610801756 1.69274037168361 0.461504534212872 1.96097884443589 0.359031883394346 1.08663397561759 0.333203027024865 1.27570913149975 0.394627774460241 1.20249001961201 0.339063076395541 1.89430090668611 0.49004898131825 1.70043080626056 0.437799313291907 1.43637470854446 0.311354395234957 1.05428017792292
1039.77 1.9818193775136 0.471851770766079 1.06036150734872 0.490632474282756 1.28630908182822 0.389324597129598 1.6792913202662 0.348911880329251 1.10717165796086 0.360563694825396 1.64427822525613 0.449459908856079 1.90884800232016
1070.25 1.21523751388304 0.301220793602988 1.64371422096156 0.430261250445619 1.025579350302 0.397861464461312 1.88624918810092 0.435736233135685 1.59357384848408 0.437756710173562 1.86519403383136 0.375328668439761 1.00832787505351 0.416772849857807 1.75369939673692 0.349975734297186 1.32039958122186 0.318494376540184 1.91252150270157
1108.7 1.25217504217289 0.459378343820572 1.88213081401773 0.484048867365345 1.66617212165147 0.329758835118264 1.80499077448621 0.38769846833311 1.00779217248783 0.490436848439276 1.56960750184953
1124.3 1.99388139694929 0.310888271545991 1.36939151072875 0.328761309804395 1.02652959758416 0.326188085740432 1.65006539295428 0.421795547008514 1.75544637837447 0.336630830401555 1.13787115341984 0.307213030662388 1.19572770828381 0.407051167264581 1.76813590014353 0.398320938693359 1.63349224836566 0.423346296977252 1.35177663224749 0.476819847850129 1.78697462240234 0.415184412756935 1.3629576896783 0.491868669632822 1.27646006667055
1124.71 1.61735046259128 0.400247030705214 1.88418874633498 0.382036692555994 1.06354265403934 0.330492239911109 1.73380344011821 0.479445354733616 1.87657404318452 0.31111766109243 1.67876476701349
1137.36 1.62544764857739 0.374096788279712 1.81155295600183 0.375680442759767 1.42013623332605 0.338556716265157 1.96623355150223 0.3143489244394 1.00758183421567 0.440180166531354 1.80359428771771 0.316568084061146 1.73979979101568 0.307889877818525 1.06643899763003 0.386164655582979 1.63476461032405 0.441202748147771 1.51911632018164 0.433699984429404 1.47159188822843 0.424679501261562 1.44242245703936 0.322971854917705 1.84065947309136
1146.28 1.84904678841121 0.466938531538472 1.39189561409876 0.420331454882398 1.41027275240049 0.323113855021074 1.07401704695076 0.311273600813001 1.0760754016228 0.369019730761647 1.27735658222809 0.492263407818973 1.60268885735422 0.43696566214785 1.24677157239057 0.448149065300822 1.73099122522399 0.311478341696784 1.9966662095394
1174.69 1.42504770657979 0.39266178929247 1.09371193498373 0.386933883558959 1.92005489300936 0.457472112774849 1.09314651181921 0.399392260797322 1.90352491848171 0.461830775113776 1.24208838446066 0.480402307538316 1.09077205043286 0.37487388108857 1.42740521789528 0.389353264030069 1.34783623437397 0.383907191175967 1.94173086783849 0.436561504611745 1.38092952477746 0.300096065131947 1.24539121775888
1192.57 1.2620434849523 0.379882986145094 1.83442011848092 0.498070094920695 1.79304642160423 0.440499955322593 1.39988905587234 0.386940112523735 1.1322229327634 0.488068132894114 1.90464113443159 0.44951270329766 1.81503330916166 0.347883257362992 1.69579663546756 0.31427750387229 1.68853894737549 0.496558595262468 1.62415039492771 0.421214510314167 1.09608108201064 0.458590280963108 1.93142339354381
1250.29 1.54037622152828 0.306521333009005 1.29709021747112 0.454142638342455 1.23122058017179 0.325685145147145 1.34863668144681 0.314543321263045 1.4886862593703 0.447719585057348 1.32919137063436
1267.93 1.04211256210692 0.466002111602575 1.83490784326568 0.421315201744437 1.97542825038545 0.35936476024799 1.16012301598676 0.321392183890566 1.01535808853805 0.481996617931873 1.16513743810356 0.392490622680634 1.97306433157064 0.434816733235493 1.06867527146824
1312.58 1.28998320875689 0.464638699404895 1.53406388312578 0.375331899337471 1.36779314302839 0.487536001764238 1.37367707537487 0.329631564905867 1.7218130803667 0.420524554233998 1.7556557636708 0.307007144670933 1.70729695656337 0.386958056036383 1.76179409143515 0.474942466849461 1.48411425482482 0.418089459557086 1.18624623119831
1324.56 1.09915905538946 0.345767172239721 1.27294473233633 0.412286021606997 1.82786738267168 0.417303537297994 1.62673276290298 0.368574883230031 1.46153996232897 0.493462702026591 1.80091978423297 0.454833643510938 1.31790016894229 0.352861135778949 1.58284134347923 0.389956068107858 1.39205832802691 0.496575277158991 1.00749237253331 0.310834384709597 1.96296005509794 0.487921660440043 1.79490297567099 0.327624488435686 1.22979942476377 0.43368722256273 1.82640902837738
1339.76 1.63263635290787 0.417008190276101 1.53026727144606 0.368194375233725 1.17727177636698 0.456382492696866 1.15069861686788 0.388297824282199 1.28458206844516 0.309670684952289 1.98222603066824 0.315086555667222 1.64671760471538 0.426763739949092 1.68579062144272
1389.46 1.29457666003145 0.331442302139476 1.13008957984857 0.375277716992423 1.45330350636505 0.36591527252458 1.28641215967946 0.345697152148932 1.09142221976072 0.445504307374358 1.1745970682241 0.499199562799186 1.43478753557429 0.394917138293385 1.52087923302315 0.445967292692512 1.88029468385503 0.345486133312806 1.51218934636563
1432.45 1.79651710740291 0.31179220918566 1.83101206552237 0.387848625192419 1.16220716712996 0.430688536772504 1.15835583093576 0.451517170434818 1.54812941583805 0.365691921208054 1.86005579656921 0.440801110770553 1.64042462594807
1452.58 1.72868142370135 0.359244834119454 1.625942903338 0.492543741222471 1.62061515590176 0.445762372948229 1.20281276898459 0.303780681500211 1.84504114370793 0.38130315579474 1.11069771344773 0.387736460054293 1.5411071756389 0.42179516768083 1.85136804892682 0.428717961907387 1.15528045129031 0.415924037247896 1.85224142088555 0.39289410803467 1.55511820199899 0.339183329744264 1.32136411056854
1456.46 1.49736943980679 0.358082801522687 1.57414143905044 0.428118888754398 1.75235648057424 0.331556511018425 1.1997726499103 0.420889568841085 1.36112007475458 0.407697592535987 1.2192398365587 0.484763774974272 1.99068825831637 0.465893681254238 1.15409759269096 0.498981513641775 1.91700917552225 0.312247261498123 1.34634617972188
