# Using the following values to generate the workload:# num_procs = 50
# mean_io_bursts = 10
# mean_iat = 25
# min_CPU = 2
# max_CPU = 10
# min_IO = 1.3
# max_IO = 2.5
129.999 8.7727192081511 1.58122985828668 6.61498595029116 2.46595028359443 8.82761404849589 2.29840888669714 9.40780223347247 1.83126424746588 2.51212940365076 2.34286705460399 5.65228386409581 1.30405533770099 7.73033973760903 2.14533366868272 7.02679881826043 1.70735805220902 9.33086080476642
131.401 8.75813276879489 1.46619049534202 9.36291057802737 2.32643972327933 4.06951765529811 1.53899938426912 2.21186967566609 2.39321692790836 9.96321882866323 1.48913254383951 7.14238475263119 2.06004696656019 7.5225955080241 1.94403298161924 5.6149303521961 1.70347696198151 2.25411372259259 1.40723668895662 4.66622208245099 2.11676170984283 9.04142295010388 1.83663344150409 8.82548097893596 1.46961257383227 9.20808709785342 2.03975578546524 2.74125772342086
181.618 8.81024169549346 2.25322449505329 3.26926830410957 1.68205729061738 4.18861008808017 1.51494745751843 7.51833517663181 1.62787875588983 2.12310873158276 1.866584682744 9.91259105689824 1.68702372275293 3.09174507111311 1.40669219018891 2.17277188412845 2.25004220046103 5.21818839944899 1.85037120198831 9.11147530935705
205.786 7.06510960683227 1.49202928291634 3.05257051251829 2.37896376727149 9.64552376233041 1.88007584931329 6.62508782185614 2.24073873357847 3.08227537199855 2.33426752649248 7.20582535490394 2.03642906062305 2.63460862077773 1.3914951434359 4.10009328648448 1.58594689471647 6.52694836072624 1.90659964540973 7.15682095848024 2.20991560481489 3.48519156686962 1.65066980831325 8.41626254469156 1.59505634456873 4.37817615456879 1.47278445363045 4.43409078195691
215.691 9.36215410195291 1.60424450328574 8.03544019907713 2.41218612501398 3.07851761952043 1.4730272536166 3.22696209512651 1.7700679701753 4.45962882973254 1.37598646143451 8.43671762384474 1.43240531934425 8.27258617989719
218.477 7.95865301415324 1.84321308601648 8.74583704397082 2.36417090734467 6.72816810198128 1.99182333406061 3.00772853195667 2.30136908683926 4.5635279994458 2.16036494458094 8.40435250848532
243.4 2.41021680086851 1.98315627183765 5.05938782729208 1.5904322125949 7.0164905115962 2.48679420147091 3.88946907967329 2.29858606616035 5.56870768405497 2.03483877079561 9.67450797744095 2.31245087338611 3.63850728422403 2.34211175069213 4.36580754071474 1.86865604603663 3.9116794411093 1.87260525096208 6.55581441894174 1.86208129962906 7.83896590024233 1.86960180215538 6.23625690117478 1.38889884194359 8.38986183144152 1.39670332726091 9.69636586494744 1.59401077255607 6.55119640938938 1.51151746679097 4.94443843886256 1.55476554520428 5.15700100548565 1.49165916573256 2.92543593607843
243.756 2.19017071463168 1.40731300478801 7.03302903659642 1.7288265411742 5.11131398566067 1.77444453174248 6.16784730926156 2.3491980927065 8.0650689676404 2.20016626203433 4.71777727641165 1.40540194567293 7.31161314807832 2.21298631532118 8.65362896956503 2.31946979304776 5.1078764796257 1.90072311768308 5.46679594926536 2.08609248343855 8.23202104307711
261.561 7.02984468080103 2.39539768090472 6.01305943541229 2.1925351745449 5.67599543370306 1.35046591321006 5.91323475539684 2.23564830739051 2.94058091193438 1.68923058090731 7.22528318502009 2.0016478558071 2.84997464343905 2.04219025699422 3.69172732532024 2.1169129665941 4.09176793135703 1.82006410006434 9.40942592360079 1.82220268063247 4.97074047476053 2.13514997819439 4.02156150154769 1.71351504009217 9.77294010110199 2.27309730546549 6.64069093577564 2.4558155182749 7.50629913061857 2.4349790555425 7.14787808246911 1.55836924500763 7.50432573072612
289.21 9.134492052719 2.28435162985697 9.29716051369905 1.44266806514934 8.4413408767432 1.93924983879551 8.07587752863765 2.14980393629521 9.09622130356729 2.1957070001401 2.23388310708106 2.33321425402537 7.8646850772202 1.65838221507147 5.09595898166299 2.31767838867381 3.30238507315516 1.30247357757762 5.13935042545199 2.31599833928049 9.12102290429175
338.031 3.64976811036468 2.30900451224297 9.98751643486321 1.82726297052577 3.20290574803948 2.18664319226518 8.75442587956786 1.46601028246805 6.98772258684039 1.73871131567284 5.37117963470519 1.7453234501183 8.55743235163391 1.82786689084023 3.12273055315018 1.87502457527444 9.13651626370847 2.0644264427945 3.24280145950615 1.7825898302719 2.20524092577398 2.38778869621456 7.84887519665062 2.40178495878354 8.57738417945802 1.76461270265281 3.53119739145041 1.59583156444132 2.43907358124852 2.31229240009561 8.46204444766045 2.02697330405936 3.45839749649167 1.44658709913492 7.67780743539333
339.049 7.60956230759621 2.45850212136284 3.16351691633463 2.00437317378819 4.89017059467733 1.67869610385969 2.36784145794809 2.22570635238662 2.4055722951889 2.34694684678689 2.1342516951263 1.43982727695256 6.53210098296404 1.48775518508628 3.80457464791834 2.47502586944029 5.7552782446146 1.80663718245924 3.97821472585201 1.39798142723739 5.01063907705247 1.79335459731519 2.61309563927352 2.15369635494426 2.44699135050178
346.461 7.26264996081591 2.18662245152518 5.69131559319794 2.18140199352056 5.13763925991952 2.01638640379533 9.39758469536901 2.39255010168999 2.8626708406955 2.40201387861744 8.67864007689059 2.22248778259382 5.56932555697858 1.99349171556532 2.29649471491575 1.78971147742122 2.34036169573665 2.43063446730375 8.70501985028386 1.86295743454248 5.42350518517196
346.549 3.01910747773945 2.20237915711477 2.6115604378283 1.92651029899716 4.01074649766088 2.06162798292935 3.47842797078192 1.4152840944007 2.45244205743074 1.75584505060688 4.051363568753 2.41371047357097 6.0870393756777 1.33988185357302 9.60331812314689 2.49523587962612 6.55312048830092 2.41628964580595 8.20138912647963 1.4770026142709 4.34490232542157 1.65017249463126 7.64192706532776 2.20878500370309 7.76589915528893 1.59768603090197 7.32407142221928
379.696 5.40933275781572 2.41128418641165 4.01597272232175 2.21514882398769 4.57040316984057 1.62428539432585 6.38957057893276 1.98400806654245 3.26305841840804 1.44351359019056 7.29151377268136 2.41526841847226 5.28772314079106 1.61991717722267 3.40850683860481 2.3246759571135 9.40999465994537 1.3433996877633 6.91951626911759 1.97550371522084 8.68370914272964 1.4749946910888 2.12054659612477 2.46009652754292 7.87992375344038
391.295 8.27180566266179 1.65774914557114 5.75367735140026 1.81410130159929 7.5410159882158 1.5412270527333 9.72001637890935 2.04491499746218 9.46989435888827 2.14093294600025 9.79090149514377 1.70338514801115 2.46592166088521 1.81654525445774 8.05352056398988 1.30627098483965 9.68325105309486 1.45756502272561 3.87246567197144 2.27066722605377 4.34247623383999 1.55022672088817 5.71634034626186 2.4522663754411 6.13140917569399 1.87365623237565 3.28388554044068 1.976366800908 4.9002032186836 1.35025216378272 6.78941593132913 1.61356241889298 2.26028324477375 1.53876718739048 5.90390083566308
397.359 8.07305713184178 2.1107547451742 5.59258287586272 1.95161676108837 2.13139030896127 1.90941971829161 8.30867740884423 1.43827449083328 9.02687268517911 2.16107735270634 2.29397103749216 2.1129401951097 3.9021685551852 1.67607554821298 3.29620083607733 2.26957113379613 2.90331901423633 2.17101206239313 8.04435374960303
430.233 4.25151586346328 2.00934466356412 9.18602581508458 1.78531349534169 2.99538792297244 1.60322847580537 3.94884753227234 2.1421069287695 5.92529256269336 2.24264303157106 5.48227886855602 1.45546156065539 9.61317619122565 2.19166688509285 7.67117300443351 1.72228437885642 9.10076854377985 1.85216999277473 5.15411807969213 2.3557398552075 5.18936332501471 1.42761164549738 5.67494310066104 1.30547804338858 5.21015390194952
441.027 7.86545683257282 2.05300014074892 7.4964508023113 1.97662301529199 9.57186803594232 1.58111467976123 6.57750594243407 1.34721394991502 6.36532461084425 1.6440435805358 3.05825469270349 2.32827816884965 5.98695693910122 1.73389638895169 5.60746566578746 1.38887586602941 7.55844060145319
465.424 4.82904677279294 1.84560301527381 9.33203404024243 1.86983577655628 9.51668787188828 1.40897908378392 4.44946235977113 1.94427715931088 4.1987391859293 1.75217237668112 3.11064085364342 1.68670415263623 8.737578952685 2.47967909304425 5.06155556812882 2.21232427991927 8.20760674588382 2.40500095672905 6.09039620496333 2.48485318878666 3.22513075359166
490.25 5.0871779024601 1.79259085813537 8.67828127741814 1.31286217570305 2.11670759506524 1.3837630760856 7.88315512239933 1.59695437764749 3.71717993170023 1.97637716094032 8.21958069317043 1.70818301504478 7.52089935168624 1.59347757790238 7.10064635612071 2.33595911050215 7.52374811656773
490.753 7.97086462751031 2.44356997543946 6.42904658801854 1.59001504471526 8.72458682954311 1.43277811286971 4.24848465435207 2.33824341157451 8.07175141572952 2.34640352623537 8.57368109188974 1.54907171195373 8.784030392766 1.95410365667194 9.02099611982703 1.70758325550705 4.21838061697781 1.77083796532825 7.15731920301914 1.31233249474317 4.38550054468215 1.93787655336782 6.54100979119539 1.74933398542926 4.30850690975785 1.9660803893581 7.63500520214438
505.064 8.04811368510127 1.58886277051643 8.63914193026721 2.3203184585087 9.49431419372559 2.25054609812796 9.3617632240057 1.89574154978618 6.98759249784052 2.16409819424152 6.27897489257157 2.14250267222524 6.9234647937119 1.97917209593579 8.4488370642066 1.83745114393532 4.86807462573051 2.11376045569777 5.79772187024355 1.30068239113316 4.79374278336763 2.43698190208524 5.422941301018 2.05216716453433 3.88679207861423 2.14822450466454 6.2966000624001 1.50590874925256 4.61839411966503
556.158 9.11968748830259 1.74263022895902 3.7560780197382 2.21008176542819 3.30829013139009 1.81383722610772 8.3853102196008 2.31986020030454 4.10515219718218 2.316387921758 4.69546903111041 2.39690673891455 4.39388757757843 2.47168333213776 9.32001448795199
584.048 6.60980433411896 1.63926460240036 5.05350401252508 1.38043765099719 3.29081905074418 2.36268497221172 4.88800440914929 2.17573043210432 4.1810456328094 1.87559298258275 8.04701698943973 1.9989062554203 9.86092947237194 2.32534609781578 4.04898100532591 1.95018147807568 9.76227987743914 1.35446245325729 9.32394962571561 1.37918949732557 8.84186340682209 1.92388887861744 6.49059609882534
587.191 4.43999174237251 1.91558983810246 3.08207457885146 1.5059194272384 2.51074029132724 1.98507679356262 8.24680028483272 2.2589377662167 9.40609698183835 2.31583233708516 6.54441948980093
598.93 2.13197352737188 1.60651842700317 8.32768820226192 1.30598887624219 4.43830942176282 1.9181956499815 9.75792332552373 1.45326497117057 8.58937399089336 1.49191788742319 2.46132306009531 1.96358630936593 3.62696141190827 2.03396488251165 4.36630137637258 2.15777403684333 4.97830151766539 1.72991712568328 3.5153789408505
614.171 9.17139674164355 1.89364158799872 5.59454969316721 2.38282819790766 4.03282437846065 1.52626485629007 7.49168991111219 1.62306926874444 6.51462198980153 1.74556273305789 9.79348190128803 1.4468064901419 2.65998383238912 2.01574201956391 6.46707578934729 1.7363541783765 9.69462079554796 1.80375432269648 5.3407731782645
620.812 7.01264398358762 2.266338256374 7.23214172758162 1.74504678752273 8.50827717781067 2.06979688266292 9.81381570361555 2.375317472592 7.01339340396225 1.96998401992023 5.4417773168534 1.66171428421512 2.81984693557024 1.64899592855945 7.35930782556534
624.807 6.45890156179667 1.40591575801373 3.31309353746474 1.69674778822809 2.18064513802528 1.73345576683059 7.33783904463053 2.32234420971945 8.74608526937664 2.40216766502708 9.26915615424514 1.86123878005892 8.50268968380988 1.71513117356226 6.37942752428353 1.38198533393443 2.42599792033434 2.44753865068778 2.15661479718983 1.80468948772177 5.36360333301127
692.755 4.92983972094953 1.49185735108331 8.37885296531022 1.85022007934749 5.17400728911161 1.33412437736988 3.37159429863095 1.3929906048812 4.87015216983855 2.49302773289382 8.14420246891677 1.83874446852133 9.6551234126091 2.39159668451175 9.19408192299306 2.2143888217397 5.22143991850317 2.18018937995657 2.27986094728112 1.43796145888045 9.33030820451677 2.09369683712721 8.12506433017552 1.40811400990933 5.87165183201432
707.178 9.67441364750266 2.3154761900194 9.91835040971637 1.4878926387988 8.74157972075045 1.72521198261529 4.9459709636867 2.23999501820654 7.81563813425601 1.79978269394487 4.69814823940396 1.79358247946948 3.23932988382876 1.43036462515593 5.40351666323841 1.64859595643356 3.33452339097857 2.25755673702806 3.28808357380331 2.4516598617658 4.92922539636493
736.814 6.58643427491188 1.60838902443647 7.32074828259647 2.2681264267303 2.36201355233788 1.8092018995434 3.64917549863458 2.28825953993946 3.90418454632163 1.45024867234752 5.44135177321732 1.78666138639674 5.3445215318352 1.53168361196294 6.83460904471576 2.47307355571538 3.60198790952563 1.92282573282719 4.82138106971979 1.98195875156671 6.7372375074774
752.838 2.89428488910198 1.50429318044335 6.30746793560684 1.64206573301926 9.2870673071593 2.28829887760803 7.58732906170189 1.59019824378192 9.56698982976377 2.15552581707016 9.39910459332168 2.01553439395502 5.06831892393529 1.74276327323169 5.93098929151893 1.68881000606343 7.0089429859072
772.009 5.29581421986222 2.01731984578073 4.73510548844934 1.59970537833869 2.09758470952511 1.75843573762104 6.2313066329807 1.74903361964971 9.2479880489409 2.37852941900492 3.39054325409234 2.32475167112425 8.22027370333672 1.36912639643997 2.80459311977029
779.366 5.16050643473864 1.65896151438355 6.09313263371587 1.79118293114007 6.11884926073253 1.97848249301314 2.02427464723587 2.08191556036472 9.02247427403927 2.19778138594702 6.99581337720156 1.84118012273684 5.15813280083239 1.85114652970806 7.08756840229034 1.83422247869894 6.19606328755617
785.909 4.44946945086122 2.27900863150135 4.62951956503093 1.3398350850679 4.06210936233401 1.78784208139405 4.43401303328574 2.38190654562786 4.35402368195355 1.35302576459944 2.17965628951788 2.46313490122557 4.75941942818463 2.23750477433205 8.42493454739451 2.43943684613332 7.63074883632362 1.55536826970056 6.95208640955389 1.3366943962872 4.85260009765625 1.48435038533062 3.25220920331776 1.72298129023984 7.46303979307413 2.2605565559119 6.55222592502832 2.29633617950603 2.10030740126967
835.657 7.98867324180901 2.04974370431155 5.43007489293814 2.32768620559946 8.90476132929325 1.63895920328796 5.27371289022267 1.80774043342099 7.39981005527079 1.79552168697119 2.83464936353266 2.27655450133607 8.57055825926363 1.96137276608497 6.04220272600651
836.619 9.73334318771958 1.51002050777897 3.16083550266922 1.50318865571171 7.75612954981625 2.32729118913412 7.81833901815116 1.36190815763548 7.89243135415018 1.8905943216756 3.17669676989317 1.90809431476519 5.24042658135295 1.3965156220831 9.61346233077347 2.45513925738633 5.10036963410676 2.43139285910875 4.60638951137662 1.63062124140561 6.71764588542283 1.95800412697718 8.04257966578007
837.379 2.25705534592271 1.31144844451919 7.18648646771908 2.33433453645557 9.66795803979039 2.05468053855002 2.71547307260334 2.01958996104077 6.60547629743814 2.30131009221077 4.20139528252184 1.81223987201229 3.25746769085526 1.73143408335745 2.55641520023346 2.26690965462476 6.29512672498822
863.201 3.48230843432248 1.65266685653478 6.78958771005273 2.22803028617054 8.22687795758247 1.94877296127379 4.8648677226156 1.72226265352219 4.67685897648335 1.63804869223386 7.33094901032746 1.71343233082443 9.09661639109254 1.82995964335278 6.38817964307964 1.51628452055156 2.56956769898534 2.34996805880219 2.85484888032079 1.62234391449019 7.96713096648455
863.338 8.03023407235742 2.04926593471318 2.9355752132833 2.02795781614259 3.75797471217811 1.82363223768771 3.95298821106553 1.36039335047826 8.19436417706311 1.68651040382683 5.282774573192 2.25570698734373 7.12760114111006 1.77002122905105 8.97475863993168 2.43974433988333 8.06894115917385
917.739 2.97800576873124 2.03820063844323 2.36337759904563 1.55601637605578 6.04814488440752 1.87566894525662 6.03997519239783 1.63822498209775 8.01879065111279 1.39133544135839 8.98824614845216 2.38237708359957 9.60514974966645 2.213729607407 7.90521888434887 2.18181793373078 3.86617763713002 2.34244134025648 7.10617587901652 2.36908736517653 2.60264532640576
927.347 9.81200391240418 2.33983129411936 7.89343565702438 1.84043097645044 6.01428849250078 1.84593085860834 5.18100505881011 2.02734356792644 5.82939555309713 2.37117571691051 9.94298269599676 1.89786897459999 4.01639718562365 1.38030803995207 4.1680176127702 2.44492923486978 9.78146656602621
948.62 7.59066808223724 1.65721472911537 3.4311296492815 2.34306699065492 6.16373326815665 1.39869724987075 4.37524697184563 2.02839084202424 2.39335309900343 1.71380687840283 9.2866304833442 2.4985348100774 4.92775499261916 2.39393238481134 9.00318034738302 2.49770199339837 7.07295496761799 1.36504487171769 3.03213309124112 2.44022284038365 2.14182746782899
1008.07 3.36624569818377 2.14810629077256 5.0266632065177 1.37653755676001 6.34550575725734 1.31997655853629 9.70261021889746 1.78300032420084 2.08425527438521 1.98548442618921 8.8614936247468 2.36583824362606 2.1448770891875 1.35228309305385 6.35471133328974 2.07428510906175 5.8697677962482 1.94492296036333 7.13953163474798 1.41969619328156 8.20754760690033 1.67346339542419 6.56628617085516 2.17015185169876 7.29962834529579
1140.25 7.48323065787554 2.12129594283178 3.00493109971285 1.58984717922285 2.19756177067757 1.98238312816247 9.28004166670144 2.19336351500824 3.62224094197154 1.5306447382085 6.35076574794948 2.22349087344483 7.52325041592121 1.32981836656108 7.31757032312453 2.30573822315782 4.50131410546601 1.8851047841832 6.1476122289896 1.94351546755061 5.07793469727039 1.41567925112322 6.51297424919903 1.79011422200128 3.47640305384994 2.30849944474176 9.09520691633224
1154.72 5.97267494350672 2.06683538863435 6.7678851056844 1.47702037356794 5.57102736085653 1.6403302513063 2.43827679380774 2.37112891627476 2.58648055046797
1155.46 7.00779885798693 2.45334340585396 3.5923199634999 2.31915590111166 3.27505368925631 2.26577840615064 9.37996007688344 1.91275617592037 3.04232740961015 1.6356558220461 7.50492799282074 2.18545429082587 3.28631398826838 2.0447184253484 5.040143430233 1.79746062988415 6.9849128741771 1.76673645088449 9.37533172778785 1.90833186041564 8.47438385523856 1.57495223805308 6.72966740839183 2.22038967655972 7.07631101831794
1165.13 3.77008329331875 2.13204855918884 3.53787551447749 1.66186960814521 5.9954400472343 2.4917831974104 4.1631691083312 1.34292623819783 5.61880321055651 2.05908978478983 8.33715648204088
