# Using the following values to generate the workload:# num_procs = 50
# mean_io_bursts = 10
# mean_iat = 25
# min_CPU = 1
# max_CPU = 2
# min_IO = 0.3
# max_IO = 0.5
11.5108 1.04601242230274 0.421134121157229 1.19731836160645 0.323767351964489 1.40749001107179 0.379972666362301 1.51989111397415 0.493002032628283 1.73061080649495 0.392104521114379 1.94561787880957 0.315806112019345 1.04885817295872
18.8366 1.24708847957663 0.447504300903529 1.91217885166407 0.345642408262938 1.68372415425256 0.312827910715714 1.18453227193095 0.408409553812817 1.36722557060421 0.356975372834131 1.78165545174852 0.374418743792921 1.37338461494073 0.332734488556162 1.60111561766826 0.347387336334214 1.48389085149392 0.397140080528334 1.15073762857355 0.446851159306243 1.7584136587102
22.4271 1.66609101509675 0.438357036514208 1.74863381055184 0.362198932282627 1.2429512378294 0.349942810507491 1.459235195769 0.362785461964086 1.9838665635325 0.469855700712651 1.20246197492816 0.301301785977557 1.05806692689657 0.349147343402728 1.57828938099556 0.353825988899916 1.4864253164269 0.346190734114498 1.910710032098
41.7437 1.81435912102461 0.377121059922501 1.05054908548482 0.362321650004014 1.70082228956744 0.491843287367374 1.40498234098777 0.369290425255895 1.53904982912354 0.475100522814319 1.73054157104343 0.365655804844573 1.26184627809562 0.464627829194069 1.25638549542055 0.495244236430153 1.12951047322713 0.469254368729889 1.06303170649335 0.416648038849235 1.81887119449675 0.313730316516012 1.98144175275229
92.2304 1.05633710254915 0.47204865552485 1.30723296408542 0.452998202526942 1.60952393314801 0.381828521704301 1.90201387461275 0.480773295555264 1.85219020745717 0.338492975570261 1.5493880531285 0.487914853449911 1.03710528160445 0.459033595211804 1.02165163401514 0.435097697144374 1.54558551637456
112.217 1.52155002905056 0.495598786184564 1.76268913992681 0.446936249127612 1.99633420747705 0.447432267013937 1.6767425222788 0.494523996720091 1.12115234998055 0.331347747053951 1.40958541631699 0.370288967108354 1.15462557808496 0.31056483197026 1.06808548746631 0.384485009731725 1.65247939596884 0.434603949123993 1.10828416887671 0.394326904742047 1.71614646539092 0.432249867264181 1.40895321546122 0.473489962518215 1.99187299911864 0.406640400318429 1.87409239681438 0.431103934394196 1.97221869649366 0.453037799382582 1.10955146350898 0.303306022845209 1.11516080261208 0.341255394229665 1.49586539180018
115.902 1.47981351008639 0.486008116416633 1.20658180397004 0.342724298778921 1.21166909881867 0.468710699072108 1.41276479209773 0.434540892811492 1.14803272671998 0.402179704420269 1.55510780564509 0.312327764136717 1.56841408717446
134.021 1.32761999894865 0.475868985243142 1.71407258836553 0.311224724072963 1.34367869258858 0.407579718250781 1.44019436906092 0.416490262094885 1.16877424274571 0.489918515272439 1.69384690048173 0.325277692032978 1.71113248006441 0.498286187835038 1.38182141329162
136.493 1.38161828648299 0.307408639555797 1.10768761113286 0.43878902643919 1.39298346429132 0.434112604567781 1.0992138737347 0.446329356264323 1.06939647719264 0.413797472277656 1.59894192870706 0.31650094059296 1.64231399120763 0.450835446920246 1.79071639617905 0.455670958571136 1.31202873820439 0.31477645453997 1.02133937343024 0.448650276195258 1.97685210872442 0.392378329392523 1.80365498107858 0.404583958908916 1.21448340755887
160.319 1.39494599821046 0.469986242800951 1.23227818170562 0.49789637522772 1.76204032544047 0.43821859494783 1.1007100767456 0.484129317337647 1.80736986640841 0.485436552762985 1.50101533927955 0.472858853638172 1.28021311433986 0.480606364272535 1.10673665557988 0.428342765383422 1.8646075441502 0.429713801341131 1.2432930287905 0.392184646707028 1.90882601565681
179.744 1.26397917349823 0.358233885793015 1.42699416493997 0.48662216020748 1.47406077431515 0.370768798515201 1.01622965396382 0.498438765248284 1.51332788984291 0.391114346683025 1.56774843856692 0.404083514492959 1.34801058121957 0.389835032774135 1.05895976396278 0.496742049278691 1.63546968461014 0.478072236897424 1.11268577887677 0.434268515789881 1.63854942470789 0.477876021806151 1.38275846536271 0.465339780878276 1.78278009430505 0.426632080739364 1.53530063387007
202.215 1.87539538089186 0.444560971297324 1.89001054526307 0.45921987760812 1.14892568439245 0.301979398028925 1.17241392889991 0.369927551643923 1.38823907123879 0.362937136506662 1.44699032185599 0.380608425382525 1.65408886270598 0.44871554072015 1.87022291705944
203.228 1.64588597463444 0.46738016596064 1.83725125249475 0.33072022353299 1.12482968531549 0.490089399600402 1.82266532862559 0.402725824294612 1.64350199187174 0.345857591880485 1.91175904870033 0.472910936921835 1.4299672995694 0.488984318636358 1.25718328822404 0.411935505503789 1.08385630929843 0.406045031454414 1.42163541726768 0.370988981518894 1.07476406288333 0.396453014900908 1.93693571188487
239.894 1.69204172072932 0.395708020403981 1.13134768325835 0.406185130402446 1.62272993475199 0.465169658511877 1.12483150581829 0.484148908406496 1.64381345710717 0.470796943968162 1.77698254981078 0.329377359338105 1.15843274700455 0.39295120453462 1.45041506015696 0.476831640163437 1.72108428180218 0.485745990974829 1.83218607446179 0.456680364580825 1.12612549611367
245.393 1.90901881526224 0.450521988468245 1.21552899293602 0.328739928547293 1.42487528105266 0.343722129007801 1.97615673602559 0.419697561161593 1.59360216977075 0.486737647559494 1.87266625929624 0.35153321409598 1.64474595943466 0.341123736836016 1.15943179419264 0.491536802472547 1.66030770353973 0.316520425956696 1.54804209666327 0.333317420259118 1.21573952888139 0.441651857690886 1.13540772162378
284.038 1.40439800568856 0.320994154782966 1.05173760908656 0.488251173915342 1.58172044157982 0.395594867924228 1.21696589305066 0.45297520426102 1.36519436957315 0.38077533217147 1.20048025483266 0.430653339158744 1.20307495980524 0.420561348740011 1.51866841362789 0.363868967536837 1.78301147953607 0.342463623825461 1.00544122490101 0.319839285220951 1.74215424456634 0.437217833427712 1.69648604700342 0.335261935694143 1.42478052829392
370.671 1.35625433642417 0.314415541710332 1.45682513527572 0.416462209494784 1.67492608726025 0.467952346941456 1.37133542587981 0.305282422946766 1.19369919993915 0.472841261280701 1.92214695224538 0.332038084650412 1.95346834696829 0.478864790033549 1.81684918794781 0.326946301618591 1.97713163727894 0.377174980565906 1.40387854143046 0.307114103669301 1.0822151156608 0.363250678032637 1.45652159000747 0.351394178438932 1.52822925220244 0.367324471054599 1.11144024366513
380.759 1.95813169749454 0.352300557168201 1.87586445268244 0.300654752831906 1.67022791714408 0.341353081539273 1.04041366651654 0.414282967709005 1.58022497664206 0.437003248278052 1.16243399376981 0.447918045613915 1.94959898968227 0.430831206217408 1.05462954728864 0.482474853983149 1.52899269224145
418.607 1.09100926620886 0.39348659128882 1.98436702624895 0.422226263443008 1.24426090624183 0.4407627933193 1.41498120967299 0.439363417169079 1.08302318467759 0.415649414109066 1.21655044471845 0.39447616240941 1.72023342945613 0.407538721291348 1.98562822584063 0.478958082199097 1.2451819179114 0.468994547892362 1.80585135589354 0.36144170537591 1.672562177293
421.552 1.76693934388459 0.411439593276009 1.83082538470626 0.385400610789657 1.30843982030638 0.490381174441427 1.15688281180337 0.486051411693916 1.9822246695403 0.461527097970247 1.76256778230891 0.382004424836487 1.25141384219751 0.318251477973536 1.99947397317737
429.403 1.23318239743821 0.393509500008076 1.44065164006315 0.305945229856297 1.87363508343697 0.396471676882356 1.16614671587013 0.467223761416972 1.65374147822149 0.387142015947029 1.64728344650939 0.310417128214613 1.2234624538105 0.414680226845667 1.93610817193985 0.327951399050653 1.67903402959928 0.333271767664701 1.38064339221455 0.306634128559381 1.12532528839074 0.456292272545397 1.02589616947807
495.73 1.11473762034439 0.455282922601327 1.18558778194711 0.459942616196349 1.94113753922284 0.434154685819522 1.2942007065285 0.31705239713192 1.26045259437524 0.426325681665912 1.87570229661651 0.499757960578427 1.35138070071116 0.430856530321762 1.52184288692661 0.47485419572331 1.06558417645283 0.304729942139238 1.32304218364879 0.421891322825104 1.59822396468371 0.452114676591009 1.41829794482328 0.323428428405896 1.4345872332342 0.302990455925465 1.17259260872379
513.532 1.7575953414198 0.308161455998197 1.74729595216922 0.416462673805654 1.52681086864322 0.307563992077485 1.29870276362635 0.488644289737567 1.61323484033346 0.305334729142487 1.86005778377876 0.339377050008625 1.18640607385896 0.469031266914681 1.16013160906732 0.366524013504386 1.34384318836965 0.3867614089977 1.94213642273098 0.442930538486689 1.40920154284686
546.7 1.45732536981814 0.461117569450289 1.13807441783138 0.483189392229542 1.66176718613133 0.407180379144847 1.91164998128079 0.464388401713222 1.88299036421813 0.445725831482559 1.98572936770506 0.38255340475589 1.58351760497317 0.304549193195999 1.26330297091044 0.410293961595744 1.25429976871237
555.183 1.36729845241643 0.431007440667599 1.05851303855889 0.34579002535902 1.78023265278898 0.345506746415049 1.16685206093825 0.444168200716376 1.47738677123562 0.335119084827602 1.23029870726168 0.394882236421108 1.31403835653327 0.303980393195525 1.94491968653165
602.242 1.44813267886639 0.445874673314393 1.89846634771675 0.361010194988921 1.70297938049771 0.459833072917536 1.18981816829182 0.329846997652203 1.48583991872147 0.328011226933449 1.89458460919559 0.441747546708211 1.23175741150044 0.344489198550582 1.36826745071448
621.069 1.59932828578167 0.368387740897015 1.96837882953696 0.387653381191194 1.23780393879861 0.426664634561166 1.76161163067445 0.432494820049033 1.50023184996098 0.357142114918679 1.95875695487484 0.48975684819743 1.9816898975987 0.376888271141797 1.97146674827673 0.426031852466986 1.30877259932458 0.383822302753106 1.53835830977187 0.473958537494764 1.83208549162373 0.376627264870331 1.31574730225839
623.512 1.77704091696069 0.402744759991765 1.00309371994808 0.484217351349071 1.89712519780733 0.416611799923703 1.28291059727781 0.373681336129084 1.22266271617264 0.347848597168922 1.12217709678225 0.475176694756374 1.17831285228021 0.40797802885063 1.39975171093829 0.42194137647748 1.87980661145411 0.48655567872338 1.73831749148667 0.365223274286836 1.30489912535995 0.363642377918586 1.96690327045508 0.337323273159564 1.69805861380883 0.46971949422732 1.14133666153066 0.36374041531235 1.80074685579166 0.313016062043607 1.99081928934902 0.449575601285323 1.72822193568572 0.302737795561552 1.51487489463761
671.79 1.34139459184371 0.447357534384355 1.20974678196944 0.30469043282792 1.95143293589354 0.46644852119498 1.01076801260933 0.452321762312204 1.19847215991467 0.308635607734323 1.41018129140139 0.439344671368599 1.65643507312052 0.465676917182282 1.30428773351014 0.413436706643552 1.21949300752021 0.448445427417755 1.17389016342349 0.31575191472657 1.06631377665326 0.357686655037105 1.60710013960488 0.398969869548455 1.4593768841587 0.407539405906573 1.62337096687406 0.416071893461049 1.77815416804515
672.972 1.87592416163534 0.432119747437537 1.73445603554137 0.388912937929854 1.86797495209612 0.378044252051041 1.74858407583088 0.315446662856266 1.93478480959311 0.433282949496061 1.80218394286931 0.331300265248865 1.2571137577761 0.354148585116491 1.96436669537798 0.331059700483456 1.4243053579703 0.310423016175628 1.801459454 0.452697084983811 1.77651253715158 0.455524929286912 1.90491187456064
694.908 1.51468124287203 0.463314832048491 1.5519539732486 0.390889048483223 1.44156611361541 0.305040844343603 1.74852918786928 0.386876428360119 1.16643325588666 0.302203996060416 1.59674334339797 0.323133583925664 1.24391282652505 0.395460205478594 1.26841560099274 0.396532473294064 1.45195459760725 0.456190595123917 1.80974182160571 0.367732449155301 1.09852419095114 0.478871139092371 1.2191640320234
701.684 1.30146230407991 0.345256531983614 1.17356190574355 0.47246370697394 1.48822492896579 0.390926712192595 1.21064389124513 0.366179882595316 1.07504487340339 0.437347320374101 1.65596331772394 0.409876126097515 1.52677949657664 0.411358164809644 1.66701898723841 0.349919043760747 1.46331009827554 0.488783992128447 1.13422909681685 0.437221089098603 1.32207757420838 0.461848894692957 1.42179172253236 0.436258526379243 1.97625909093767 0.362645693682134 1.71368063916452 0.409460547799245 1.62544136075303 0.498197102826089 1.20101511012763
703.228 1.34822177537717 0.446541107119992 1.22957314434461 0.449244512151927 1.81292942585424 0.491166123654693 1.48089075833559 0.326697820983827 1.02163332654163 0.314140845183283 1.95295023615472 0.388560037035495 1.41016010963358 0.387171332305297 1.67210286413319
712.014 1.07561517390423 0.453739540465176 1.83916327054612 0.406738160783425 1.34809847269207 0.411430597165599 1.70673415996134 0.463502903049812 1.34035032428801 0.424630292179063 1.97368131391704 0.377169099450111 1.23136262735352 0.305982196889818 1.33767182007432 0.355323852505535 1.75363118387759 0.431141545902938 1.22250753338449 0.392416824307293 1.76615970162675 0.465926928911358 1.16744932020083 0.355708036012948 1.77948838239536
720.332 1.82240547216497 0.436189120681956 1.97064172429964 0.496778716007248 1.50445427349769 0.304070995561779 1.90304246312007 0.479443904943764 1.1299394259695 0.48173666568473 1.61983376718126 0.469346301537007 1.93400454032235 0.374906374327838 1.76589401927777 0.404034422058612 1.06715975655243 0.413445930508897 1.99534546700306 0.368209904385731 1.91694003646262
742.292 1.73288094135933 0.326053476985544 1.82764471205883 0.46802656953223 1.21453484520316 0.341446264367551 1.90725312125869 0.327529031969607 1.43317264737561 0.479692777665332 1.84313814900815 0.329893945483491 1.66538785491139 0.320828289585188 1.57131335907616 0.351372493291274 1.02141315676272 0.420783467125148 1.1174332650844 0.379485183116049 1.63822945021093 0.438042860617861 1.11562570394017
784.267 1.6128017748706 0.403142028395087 1.59565065172501 0.462778432387859 1.2902530436404 0.371911574807018 1.70116999256425 0.476572802942246 1.91642195614986 0.309381432179362 1.21414662268944 0.325305916275829 1.44685775972903 0.488285207934678 1.9880934539251 0.380975763965398 1.62182439537719 0.438647478912026 1.5442122023087
820.003 1.38130746525712 0.4427315662615 1.71164126391523 0.329517503408715 1.82791382842697 0.381688589788973 1.0518132627476 0.391447243001312 1.668942397926 0.301357798743993 1.92037936113775 0.359657415747643 1.93317836103961 0.315952165145427 1.33023974136449 0.368405201518908 1.0691942255944 0.348682824894786 1.55474286782555 0.384186795912683 1.41115895588882 0.441221249243245 1.15251461719163 0.474645091453567 1.484133960912 0.410326195182279 1.47764293616638 0.36269959192723 1.53298272727989
838.113 1.60315287834965 0.444623711658642 1.53767658839934 0.408498305547982 1.68337556673214 0.399935801234096 1.00232003000565 0.319397308724001 1.1792642318178
866.394 1.53784815059043 0.497135209199041 1.69543613493443 0.479085493367165 1.54097669827752 0.317301743896678 1.89628492598422 0.341420102631673 1.95070824562572 0.327438461594284 1.41704560746439 0.351393371634185 1.60868592420593 0.407830359786749 1.75942731462419 0.480144607648253 1.33403410972096 0.404275899892673 1.36197326891124 0.32030419963412 1.76340374234132 0.389279797393829 1.89535471773706
881.397 1.80419306270778 0.446361662913114 1.14116403041407 0.489135506283492 1.23998982156627 0.387228964082897 1.40870490251109 0.410415742499754 1.507612939924 0.434841509629041 1.77100525959395 0.372834771638736 1.92136039538309 0.315776828629896 1.88148299767636 0.328412736114115 1.75717513216659 0.404857100127265 1.26009119045921 0.482429604697973 1.72858393727802 0.425584686407819 1.17151235276833 0.464837096538395 1.84563296241686 0.437365356832743 1.28223333018832 0.394285903312266 1.49653770308942
907.512 1.67059752834029 0.4665368584916 1.64748378260992 0.371359106246382 1.99724129936658 0.400779201788828 1.41292027826421 0.390095854923129 1.55061405501328 0.322485518269241 1.38372585223988 0.321315046260133 1.27572484477423 0.329171531321481 1.73297933186404 0.35361613468267 1.41917283972725 0.415591139113531 1.76437340164557 0.434950290014967 1.82289300812408 0.489098783768713 1.40679217455909 0.308255522511899 1.26446704822592 0.460120080318302 1.16302912053652
911.737 1.73445656732656 0.439946847828105 1.77727672480978 0.354923809366301 1.48918022401631 0.489172976417467 1.57052772049792 0.462860254291445 1.24272835231386 0.310418728506193 1.9149182792753 0.486876204749569 1.2499619696755 0.364802831830457 1.98479001247324 0.41099507198669 1.966291049961 0.384001675015315 1.50353988120332
934.788 1.00120680895634 0.45789101193659 1.61430827225558 0.467731475410983 1.12231073039584 0.302007148321718 1.26071036746725 0.485724057769403 1.95099879871123 0.440768319461495 1.58208782039583 0.320711222523823 1.00236529787071 0.331665047630668 1.41669623460621 0.310553035791963 1.93086970574223 0.326299007236958 1.10196027299389 0.398115194309503 1.11869395757094
948.785 1.87114690872841 0.309328114148229 1.17260898626409 0.323241790337488 1.15638159448281 0.403115532547235 1.80923269386403 0.43182214256376 1.35538307041861 0.421558205131441 1.01027528964914 0.449657568102703 1.85561934718862 0.344791671074927 1.05165446666069 0.370957705425099 1.01249569747597 0.484079437796026 1.61680042510852
1035.16 1.53674506931566 0.436825676448643 1.28024679352529 0.389793604798615 1.53330247593112 0.495238071633503 1.37444976950064 0.431556290900335 1.44441334577277
1042.51 1.01424736063927 0.429511290416121 1.97664368944243 0.357131718751043 1.62940881866962 0.467645220970735 1.19541726424359 0.344563634507358 1.78597060567699 0.331869092397392 1.15572716109455 0.379738676035777 1.93968024826609 0.39539735452272 1.83019533473998 0.326010367739946 1.03562589013018 0.347435306990519 1.50335961417295
1091.42 1.28572829114273 0.498422122048214 1.37673898413777 0.427727252384648 1.58569065667689 0.360880290949717 1.65501766325906 0.440552672790363 1.91776005132124 0.497928779479116 1.35736521799117
1121.62 1.84990319120698 0.453142628865317 1.34330367576331 0.336909579019994 1.58439428010024 0.34207485509105 1.8395171109587 0.302618113765493 1.73198664258234 0.488202363066375 1.08866674127057 0.467658636532724 1.39040487539023 0.47898361464031 1.58525507594459 0.42508372287266 1.33914279867895 0.427362548653036 1.94284629751928 0.340746985096484 1.42287026206031 0.470841551711783 1.09703754168004 0.449169031716883 1.21300649014302 0.495144361304119 1.02926551969722 0.462776397634298 1.11501524783671 0.40529541336 1.22376766125672
1122.38 1.26040570973419 0.493718394497409 1.73744939244352 0.33209764692001 1.77984816324897 0.300354348123074 1.13794684759341 0.438487423444167 1.10148408799432 0.418818509811535 1.13922088895924 0.466814201232046 1.79981416719966 0.432866903953254 1.91582147963345 0.369065513694659 1.96439278381877
