# Using the following values to generate the workload:# num_procs = 50
# mean_io_bursts = 10
# mean_iat = 25
# min_CPU = 2
# max_CPU = 10
# min_IO = 1.3
# max_IO = 2.5
4.67493 2.57366208918393 1.40969128292054 6.91478147916496 1.99691484961659 9.31082407571375 2.24398708315566 5.23894329555333 1.59217632682994 7.77154271304607 2.07806285098195 4.80897336453199 1.53295888919383 6.25804105214775 1.831177170109 5.63990900851786
10.3128 4.59286893345416 2.40637706881389 5.18738867342472 2.25773776769638 8.12673961557448 2.14011705713347 3.98723038844764 2.33501234939322 7.61794517375529 2.34956278344616 8.6834719683975 1.82728846520185 8.04202412441373 1.40289899036288 3.26550318300724 2.01372360000387 5.08135856874287 1.79794152649119 6.40766470693052 2.09197414983064 9.70309835858643
27.8821 3.60494296811521 2.12642545998096 9.98491575568914 1.47435903577134 5.75874230079353 2.34347545616329 2.46492394991219 1.81851960001513 3.59986231476068 2.14135216102004 8.42180813662708 2.32189526129514 7.56142819672823 2.16148660164326 7.07703637517989 1.7423337912187 6.26873256638646 2.25406705681235 9.95390191674232 2.24192240834236 8.05455026961863 2.03866843050346 9.35459808632731
41.6697 7.09480417333543 1.52858865847811 9.66664364002645 1.36958953235298 4.96886710077524 1.92436269614846 9.39868147671223 1.80191025454551 3.25511366315186 2.39579242859036 7.60502871498466 1.74466096488759 2.10334412753582 1.84503292124718 2.37000185996294 2.28294894183055 7.38315372914076 1.36691472148523 8.79527350328863 2.22883534589782 6.1153112296015 1.38287275871262 2.63939447887242
44.2409 5.03676065243781 2.07619603239 6.26300754956901 2.06561770932749 8.04916975088418 2.14626790750772 9.75514601916075 2.27993822926655 5.10153123363853 1.61796863954514 2.94436514005065 1.9484098396264 9.74248296953738 2.44881680458784 7.69129831157625 2.13144907401875 2.44606178812683 1.50066127525643 3.28673098236322 2.33482345119119 2.14465220272541
48.9658 9.50429821200669 2.45896125966683 3.76605702936649 1.99604053357616 9.33568168058991 1.45817122962326 3.05299561470747 2.27832585368305 5.00597110763192 1.89609855655581 4.47606226056814 1.37427336247638 2.91265327855945 1.78194442987442 6.299420716241 2.28772438168526 5.10694894567132 2.21554381195456 3.36879387125373 1.59326604939997 4.21726797893643
58.3153 6.44424043036997 1.49065118543804 3.17482902295887 2.30214770333841 4.59683738090098 2.0787771679461 2.34906386956573 2.33861310463399 9.55225292034447 1.59710172815248 8.08452638052404 2.1845277806744 7.76628446578979 1.70543442806229 2.89277210272849 1.30571867944673 2.68014032393694
115.201 7.77773599885404 1.46159824058414 9.22636198624969 1.36509013343602 6.48117936588824 1.36122773988172 2.24264219775796 1.76373720001429 2.11459574848413 2.43992664515972 2.99042210169137 1.78415544908494 5.10593301616609 2.26343059288338 4.46731364540756 2.24348261887208 5.86368599720299 1.50122635941952 2.48629222624004 1.45786707634106 3.81623524427414 1.64925796808675 2.2853162009269 2.20856512682512 9.96533867716789
138.809 4.33657077513635 2.33090771688148 8.32632669247687 1.64291909402236 5.98718525096774 1.46157179484144 3.9554471950978 2.33670205082744 2.28749090433121 2.4491412694566 4.62062873318791 1.45661784196272 8.4245197866112 1.48884501801804 6.79326680488884 1.53615587139502 7.53295663930476 1.63111204151064 4.31261463277042 2.20777137037367 4.34904614835978
150.539 2.12568777985871 1.65835286360234 8.16132833249867 1.67873277412727 8.58671285957098 1.49873529244214 9.71594736352563 1.88540390580893 8.58543288893998 1.97354448335245 6.06668834201992 1.77484636856243 5.46238520741463 1.39127279277891 3.01816413551569 2.37856662767008 5.16840387694538 2.13744993610308 6.35811737552285 1.84347908711061 5.77865049242973 1.54199201287702 4.72002332657576 2.34881727183238 8.49600411020219 2.00229699313641 6.93717283569276 2.39788395371288 4.93843837827444
178.658 4.90099471621215 2.00388871068135 3.22663410566747 2.44590774942189 7.0537498369813 2.07376104537398 2.16405455395579 1.97066688435152 3.48137784935534 1.56147262230515 7.68422533385456 1.51237142933533 4.65261964127421 1.39802154134959 3.34522253833711 1.73933638632298 3.49747731536627
186.83 3.28675524704158 2.47825155518949 8.47860543616116 1.76556594856083 2.72255612351 1.79900059085339 8.8010542076081 2.10842385413125 7.19114501774311 1.86167198866606 6.62226242944598 1.7023363025859 7.13880256935954 1.81624152725562 5.13029017485678 1.82372542712837 6.80759107321501 1.32622719071805 2.32167934067547 2.00619345298037 6.59729157015681 2.17838164959103 5.38969017751515 1.83801606073976 8.47904589213431 1.68489866694435 2.56632029078901 1.31360562844202 4.33877049945295
201.209 4.95207944326103 1.96636896319687 7.74943045154214 1.85432278485969 9.399429673329 1.35197569234297 8.21839015372097 1.63470602165908 8.93034208752215 2.17333920868114 4.65507549606264 2.04722071122378 4.32413650676608 1.5623142763041 5.24806651286781 2.09299207217991 4.01694514229894 2.32852380136028 6.61547262966633 2.34922307608649 6.54983281716704 1.49752755854279 9.42554869502783 1.77948377216235 8.40786866284907 2.45842583961785 6.62239640206099 1.42543462133035 9.34028239920735
206.109 6.61277622543275 1.97333721285686 7.47857960872352 1.34201779216528 3.75599524006248 1.78878998719156 5.44670970365405 2.22457702448592 4.9849701821804 2.318505530525 7.99397034198046 2.02135543376207 8.13874457962811 1.44726310661063 4.66091784276068 2.04015303151682 7.00685332901776 2.21544860359281 6.36137897707522 1.83816859796643 2.00713157653809 2.09125599646941 5.88189264945686 1.70767388874665 7.41641707718372
214.391 8.83463419787586 2.16916475938633 9.77082887291908 1.38201459292322 9.36237744055688 1.96800267072395 6.10110742039979 1.71074977004901 3.54757194407284 1.74092019554228 9.91899506375194 2.03170633623377 9.17065003141761 1.71334959082305 4.90591634437442 1.91538400705904 3.35923684947193 1.8104617767036 3.00244063697755 1.51902918480337 7.23053568787873
245.517 2.38703537173569 1.40762758906931 4.00011061131954 1.38712060721591 4.76682947203517 1.54496326651424 8.74826877191663 1.99938660301268 5.39459217712283 1.64854682534933 9.835569370538 1.43824239037931 3.09125537611544 1.77886723149568 2.91992890276015 2.38520776629448 4.77981336414814 1.89040214307606 8.66483357362449 1.7092600826174 3.05519324913621 1.51156129464507 6.56201862357557 1.69333745529875 6.49258341267705 1.71268269168213 9.65505621023476 1.65678265010938 9.05888136290014
279.545 6.27176930755377 1.49023857815191 3.88055762276053 1.64242911757901 7.55939827673137 1.41986715057865 4.32738143764436 1.79320153789595 6.75030693784356 1.44770654505119 2.7106411382556 1.4291271449998 7.12884524092078 2.32418779172003 7.71924190782011 1.85000360803679 5.97420428879559 1.96695192009211 5.117336217314 1.37637358633801 3.95108528994024 2.2925458191894 4.87488400563598
279.896 8.9214717913419 2.03539435351267 8.81697239913046 1.37015870017931 3.53521305508912 1.94538903832436 6.4798635058105 2.46557320971042 6.26954842545092 2.16226343866438 9.63282429240644 1.98011539448053 2.38540751487017 1.91572788078338 7.90955683961511 2.16844683429226 4.79431888274848 2.1697916793637 5.89009160362184
315.769 9.626733135432 1.44504760922864 4.82187325321138 1.81375788999721 4.4545116648078 1.68836184414104 3.33865659497678 2.31913581918925 4.75352090969682 2.13268380323425 5.42418844625354 1.64278330188245 3.98788626305759 2.49118158658966 7.88372776657343 2.22652744473889 3.52371912263334 1.46422018343583 9.98374070972204 1.31469661863521 5.75049566663802 2.33866205941886 3.73223445564508 1.59719423111528 9.29700925387442 1.77197275655344 6.66062512993813 2.36065640831366 5.28027547337115 2.38579573417082 8.80034146085382
318.801 8.97770195640624 1.65855550086126 3.59519800357521 2.32822036361322 7.9984915908426 1.40668477332219 2.57883715815842 2.28802652666345 6.87335331737995 2.42680505430326 4.19856686890125 2.2503337345086 8.08625816553831 2.4060113764368 7.42525764741004 2.34668797254562 2.78931515663862 1.41535689765587 7.27613833919168 1.50426500327885 9.31796180643141 1.8350255231373 7.97685982845724 2.25136708626524 2.47921543195844 2.45544770304114 7.12319070659578
322.102 3.04710246622562 1.58498992640525 7.46136352606118 2.20208450974897 2.10861020162702 1.50941245434806 7.03036493621767 1.49016975378618 5.60804861597717 1.88886047415435 3.46440938860178 2.33417057022452 3.53922788798809 1.56277319164947 4.66947617195547 1.48699643565342 8.760905938223 1.62298886617646 4.32929668016732
356.026 5.48368885740638 2.41651912834495 7.73078887723386 1.90946763120592 3.63734444417059 1.35517929233611 2.20294650457799 1.53505231142044 4.65039321966469 1.32134376931936 4.53091648779809 2.02267018444836 2.78089825436473 1.95552229518071 7.53114505670965 2.32489056261256 2.90472312271595 1.71008032867685 6.87172552198172 2.07376137003303 3.60283015482128 1.47292637070641 9.31341888196766 2.0600423431024 4.13342348486185 1.54447845080867 5.22406384907663
356.335 9.87194114550948 1.59456663131714 8.82782507687807 2.36212048847228 3.00021316111088 1.35142647400498 5.41431429050863 1.78611602568999 9.88523676991463 1.39150427663699 4.54112514294684 1.8213393359445 2.03191836550832 2.01150376833975 6.80924483016133 1.99831513371319 7.88222469389439 1.52055368339643 4.63814570009708 1.96622124640271 6.48442119732499 1.6862351060845 8.32371519692242 1.32234361860901 8.61207673326135 2.30169300436974 6.67473006434739 2.10004680911079 8.18958985432982
386.91 6.99352798983455 2.03511269278824 4.5472931470722 1.94926138427109 6.25509546324611 2.30777616612613 5.81380889564753 1.43787753619254 8.22591510973871 1.8773788462393 6.20025807805359 2.46936716279015 6.34721913188696 2.32280672369525 7.41210214048624 2.4287058156915 9.41611287556589 2.34033546447754 9.9505039267242 2.39968671640381 4.45056034997106 2.47944785393774 4.25945394486189 1.80180475711823 5.06057423166931 2.35394798340276 6.6671185567975 2.01106316521764 2.60367957130075
437.105 8.69139145873487 1.52775262147188 8.7123159263283 1.81926740575582 5.00633382238448 1.46446953220293 4.20474011451006 1.90100504606962 5.37336039729416 2.41185559863225 5.06694874539971 2.03926000595093 6.57142448611557 1.43026242349297 6.22028836421669 1.94244225677103 5.81856539845467 1.9792499249801 5.15154162980616 1.50618381788954 6.40241798385978 1.57504918985069 5.98593533970416 2.38970750411972 7.19848506338894
476.915 3.14864490553737 2.34158758530393 9.13893018849194 2.28018595334142 5.54024841450155 2.30695362286642 9.82654202543199
502.694 8.87125082500279 1.75711945584044 2.66067306697369 1.77129667587578 9.1445721630007 1.92436170205474 4.57574524357915 2.01564588500187 2.31217956729233 1.61000606957823 2.53996506147087 1.37157327486202 5.3200674392283 1.91564006917179 2.51555004902184 1.95996517743915 5.41154516115785
503.846 4.65200009569526 1.35966821163893 8.95301390811801 2.49451321400702 2.40384894236922 1.46171403098851 4.0833886526525 1.30724260807037 7.93744518607855 1.44256979376078 4.04746179841459 1.66602102564648 6.83192170970142 2.02926160078496 3.83000961132348
549.895 7.2798187918961 2.46536785196513 3.67204390093684 1.32328897519037 5.48362467251718 1.51028938889503 2.97297406196594 1.46805598232895 2.99953921884298 1.99625112498179 6.00149338878691 2.28820776576176 3.60260823182762 1.89751015091315 2.17834867537022 1.33562423987314 3.72354921326041
581.801 9.47937447205186 2.24413681160659 2.30269254557788 1.994134224765 5.7278656437993 2.1044751599431 6.47526581957936 1.67658069143072 4.27992183715105 2.09594755582511 5.34150279313326 1.44503582203761 5.73914397321641 1.32047490514815 7.92462339438498 1.90477033723146 4.56813018769026 2.39069688189775 2.6515912245959
596.114 9.76157767139375 1.90227349903435 7.84571159444749 1.84907582020387 5.46299200877547 2.24614245127887 7.78271757252514 1.80537184756249 3.59206097386777 1.46662783818319 2.25659102387726 1.87105671893805 5.69818031787872 1.41706467689946 5.89063183777034 2.35392241021618 6.10819591581821 1.5884967087768 6.13213169388473 1.30310186045244 2.4717250354588 1.35476616006345 6.92383291386068
601.648 5.36085781641304 2.16469867741689 6.81395033188164 1.35934542762116 5.15643419325352 2.19229943100363 9.0158559307456 1.30105719128624 9.93850617296994 1.42702941279858 8.04311860352755
689.094 5.77713800035417 1.52838053386658 2.32044606097043 1.59817760325968 9.41159038431942 1.97098925625905 6.02951345779002 1.65005142111331 8.79564692266285 1.82549924487248 6.50208778679371 1.55156315891072 7.55644773505628 1.8781303117983 3.73480085656047 1.43748830799013 9.99863636307418
710.553 8.54454328492284 2.26416360037401 8.2499004304409 2.3465529683046 5.9019465893507 2.35880640354007 3.98744583316147 1.63411084730178 3.61820098571479 2.3743572819978 2.70938859507442 1.70513508291915 8.80918310582638
718.719 7.0595565289259 1.62653129538521 7.34009535983205 1.5713832189329 8.45103258639574 1.80458777640015 3.78495091572404 1.58895024294034 9.78519977629185 1.90462579857558 9.64830527827144 2.17793565941975 3.3573479373008 2.41275665825233 8.03539814427495 2.36413976857439 8.42754835635424 2.3574042564258 4.81600932963192
735.887 7.38498353585601 1.82675061188638 4.29977864772081 2.1098844518885 9.40248024649918 2.24007503520697 6.0253448523581 2.25607067588717 9.99662947095931 1.88563319332898 8.06843988224864 2.09713659612462 2.65651672333479 2.46570271234959 4.42033633962274
746.805 8.24738815613091 2.2422718831338 8.51229809969664 1.7646364223212 4.57667403668165 1.60521409809589 6.03742348216474 1.77306965738535 3.45080726221204 2.38845031950623 9.18873075209558 1.70670407796279 9.30693139880896 2.23542657643557 2.80286750011146 2.48420552220196 4.00717630423605 1.67288704682142 6.66250692866743 2.48818101109937 3.13828954845667
801.861 3.50492913648486 2.10239798715338 6.99889354407787 2.2789600382559 9.34003076888621 2.22261105440557 7.84547957219183 1.51521908035502 9.76722567901015 1.48778502913192 6.78005629777908 2.11344686802477 7.93838479183614 1.50534877832979 9.64169535413384 1.964125841856 7.55911597236991 2.04107286492363 7.55007726326585 2.41884211301804 6.9525608420372
809.906 2.55332447588444 2.14685533670709 3.47367554157972 2.33098398381844 2.74341467022896 2.17065167436376 8.95143122412264 1.64588642437011 5.64215513132513 2.01405341867358 7.20058093965054 2.15840487899259 8.8876543417573 1.45691049974412 4.69868862442672 1.51072329459712 8.26936218142509 2.08752078572288 5.63178092241287 1.38087498126552 6.63112850114703 1.61454942375422 5.28356513381004 2.38555489191785 5.70353727787733
853.144 2.03933929093182 2.46909285522997 2.87642245367169 1.85228105913848 5.53993401490152 1.40932321036234 8.38994208909571 2.02834161398932 9.8956572432071 1.90156914340332 7.77592708915472 2.04510451368988 7.37811468541622 1.48647392764688 2.78365492448211
855.452 7.44082851707935 1.37574580609798 3.61805270984769 1.45673029804602 9.65413164906204 1.45240049352869 5.77397444471717 2.11283552385867 9.30717559717596 2.22899665059522 4.07367886602879 1.88667695736513 6.52787693962455 1.7690047936514 6.19148846715689 1.88161268075928 5.22263195365667 1.36003078538924 5.22260205075145 2.29957697894424 3.2115423232317 1.5799634963274 8.14774649962783 1.60442197890952 2.93599948100746 1.58515002047643 9.08290834538639 1.95274440227076 6.28087513521314 2.21345226643607 9.24002946168184 1.98891723267734 9.95885267294943 2.46394520075992 2.50143162161112 1.84846333637834 3.48908539302647 1.39839217318222 9.59770129621029 2.35363598633558 7.65801923163235 1.32641239445657 7.12621484510601 2.16117518208921 8.76295998692513
916.595 4.87483016401529 2.25531047973782 8.25466327369213 1.38559327470139 8.09799903258681 1.40840306822211 6.0954674910754 2.26636122055352 9.25970032811165 2.31206695623696 2.77667829021811 1.54076213091612 4.31983218714595 2.07318976251408 8.28363139554858 1.50529247177765 2.34654119797051 2.11441019261256 3.33535925671458 1.82074029697105 8.3854682315141
928.174 4.9425641335547 1.76147657865658 2.48813069425523 1.54852221030742 4.32804595306516 2.39698649020866 3.49081428162754 2.08018331294879 2.00302502326667 2.14614471616223 4.39209570549428 1.70644655181095 3.94564027152956 2.03945766603574 5.88425784930587 1.7489376639016 6.82345855794847 2.30437574898824 3.15047970600426 1.67986136581749 9.60896164551377
936.085 4.84486665390432 2.023923375085 5.21241656504571 2.40207513635978 6.15507521107793 1.33670956613496 8.83061395026743 1.49585777977481 7.71714896708727 2.26897451858968 3.9662718642503 2.07944366587326 5.04612141661346 2.06653102831915 6.53634855151176 2.37621964560822 3.6213020440191 1.53259972911328 3.78703068755567
937.084 4.71903684549034 2.33337736977264 2.74672356620431 1.52327409237623 4.79928024671972 1.89925243956968 3.09606139548123 2.43775767376646 2.95277809724212
958.404 8.24274745956063 1.39258961156011 3.34424064867198 2.40423539923504 4.34242255799472 2.40572299119085 5.30706403590739 1.66950354436412 8.97846208885312 1.59164977371693 8.39362743683159 1.54913314515725 6.60422889888287 2.11289115790278 3.1998389121145
970.718 7.37996988743544 1.68779398305342 8.59440415911376 1.5748205890879 7.52076221071184 1.70608067000285 2.6108634211123 2.37296509062871 8.59512969851494 2.10352756064385 9.30328106507659 1.45140081970021 7.45479111373425 1.9408034815453 5.82235127687454
1010.73 3.82312833145261 1.97611516499892 9.69523790106177 2.0729503756389 5.44262080453336 1.61745679471642 6.36282496340573 1.38392953006551 6.34264589101076 1.55704785110429 5.43559253960848 2.20702888742089 8.00396676175296 2.32671249359846 7.97640975192189
1085.95 5.58720971830189 1.45615676213056 5.40262673422694 2.2210750516504 5.02370497770607 1.59299082960933 8.50751340016723 1.83096137046814 5.09653667360544 1.59729119800031 6.48014388605952 1.62509494423866 8.31135573610663 2.16660660365596 7.63005552254617 1.71664953324944 8.30655486509204 1.71360028907657 6.75742446444929 1.66663021929562 2.84961730614305 1.5080083662644 6.40271500125527 1.87044391436502 2.74149398691952
1092.67 2.84563323110342 1.55142632629722 2.92636615596712 2.29326633093879 9.46378003247082 1.90049776099622 3.76596689969301 2.38205924713984 5.21251537837088 2.40842899307609 2.67633333802223 2.02437944952399 9.0786098651588 1.73406573804095 7.26668268069625 1.38451865212992 2.86014716699719 1.58364071268588 8.17070864140987 2.43132587512955 8.94183274172246 1.78185727959499 7.74276779219508 1.81216386519372 2.52092519402504
